# transform file /out/sourcedata/freesurfer/sub-v1s4x0050687_ses-1/mri/transforms/cc_up.lta
# created by oesteban on Tue Mar 10 03:53:32 2026

type      = 0 # LINEAR_VOX_TO_VOX
nxforms   = 1
mean      = 127.0000 108.0000 119.0000
sigma     = 10000.0000
1 4 4
9.993887543678284e-01 7.778491824865341e-03 -3.408495336771011e-02 5.595664024353027e+00 
-7.773971650749445e-03 9.999698400497437e-01 2.651375252753496e-04 3.595711898803711e+01 
3.408598527312279e-02 0.000000000000000e+00 9.994189739227295e-01 6.747718334197998e+00 
0.000000000000000e+00 0.000000000000000e+00 0.000000000000000e+00 1.000000000000000e+00 
src volume info
valid = 1  # volume info valid
filename = /out/sourcedata/freesurfer/sub-v1s4x0050687_ses-1/mri/norm.mgz
volume = 256 256 256
voxelsize = 1.000000000000000e+00 1.000000000000000e+00 1.000000000000000e+00
xras   = -9.999999403953552e-01 -1.979060471057892e-09 0.000000000000000e+00
yras   = 0.000000000000000e+00 7.450580596923828e-09 -9.999999403953552e-01
zras   = 0.000000000000000e+00 9.999999403953552e-01 0.000000000000000e+00
cras   = 3.506446838378906e+00 1.522731018066406e+01 1.583959197998047e+01
dst volume info
valid = 1  # volume info valid
filename = /out/sourcedata/freesurfer/sub-v1s4x0050687_ses-1/mri/norm.mgz
volume = 256 256 256
voxelsize = 1.000000000000000e+00 1.000000000000000e+00 1.000000000000000e+00
xras   = -9.999999403953552e-01 -1.979060471057892e-09 0.000000000000000e+00
yras   = 0.000000000000000e+00 7.450580596923828e-09 -9.999999403953552e-01
zras   = 0.000000000000000e+00 9.999999403953552e-01 0.000000000000000e+00
cras   = 3.506446838378906e+00 1.522731018066406e+01 1.583959197998047e+01
