# transform file transforms/talairach.lta
# created by oesteban on Tue Mar 10 02:22:42 2026

type      = 0 # LINEAR_VOX_TO_VOX
nxforms   = 1
mean      = 127.0000 108.0000 119.0000
sigma     = 10000.0000
1 4 4
1.032237648963928e+00 -4.399942606687546e-02 -9.789074771106243e-03 6.927706003189087e-01 
4.185230657458305e-02 1.129269599914551e+00 1.337084546685219e-02 -5.733133792877197e+00 
1.023746654391289e-02 -1.646769419312477e-02 9.455134868621826e-01 -1.671891808509827e-01 
0.000000000000000e+00 0.000000000000000e+00 0.000000000000000e+00 1.000000000000000e+00 
src volume info
valid = 1  # volume info valid
filename = nu.mgz
volume = 256 256 256
voxelsize = 1.000000000000000e+00 1.000000000000000e+00 1.000000000000000e+00
xras   = -9.999999403953552e-01 -1.979060471057892e-09 0.000000000000000e+00
yras   = 0.000000000000000e+00 7.450580596923828e-09 -9.999999403953552e-01
zras   = 0.000000000000000e+00 9.999999403953552e-01 0.000000000000000e+00
cras   = 3.506446838378906e+00 1.522731018066406e+01 1.583959197998047e+01
dst volume info
valid = 1  # volume info valid
filename = /opt/freesurfer/average/RB_all_2020-01-02.gca
volume = 256 256 256
voxelsize = 1.000000000000000e+00 1.000000000000000e+00 1.000000000000000e+00
xras   = -1.000000000000000e+00 0.000000000000000e+00 0.000000000000000e+00
yras   = 0.000000000000000e+00 0.000000000000000e+00 -1.000000000000000e+00
zras   = 0.000000000000000e+00 1.000000000000000e+00 0.000000000000000e+00
cras   = 0.000000000000000e+00 0.000000000000000e+00 0.000000000000000e+00
