# transform file /out/sourcedata/freesurfer/sub-v1s4x0050699_ses-1/mri/transforms/cc_up.lta
# created by oesteban on Tue Mar 10 03:46:59 2026

type      = 0 # LINEAR_VOX_TO_VOX
nxforms   = 1
mean      = 128.0000 112.0000 115.0000
sigma     = 10000.0000
1 4 4
9.979702234268188e-01 6.218434497714043e-02 -1.373273879289627e-02 -4.868417263031006e+00 
-6.217845901846886e-02 9.980646967887878e-01 8.556172251701355e-04 4.309803009033203e+01 
1.375936809927225e-02 0.000000000000000e+00 9.999054074287415e-01 2.723846244812012e+01 
0.000000000000000e+00 0.000000000000000e+00 0.000000000000000e+00 1.000000000000000e+00 
src volume info
valid = 1  # volume info valid
filename = /out/sourcedata/freesurfer/sub-v1s4x0050699_ses-1/mri/norm.mgz
volume = 256 256 256
voxelsize = 1.000000000000000e+00 1.000000000000000e+00 1.000000000000000e+00
xras   = -1.000000000000000e+00 1.862645149230957e-09 3.725290298461914e-09
yras   = 3.725290298461914e-09 -1.490116119384766e-08 -9.999999403953552e-01
zras   = 1.396983861923218e-09 1.000000119209290e+00 0.000000000000000e+00
cras   = 3.408699035644531e+00 8.733520507812500e+00 9.115600585937500e+00
dst volume info
valid = 1  # volume info valid
filename = /out/sourcedata/freesurfer/sub-v1s4x0050699_ses-1/mri/norm.mgz
volume = 256 256 256
voxelsize = 1.000000000000000e+00 1.000000000000000e+00 1.000000000000000e+00
xras   = -1.000000000000000e+00 1.862645149230957e-09 3.725290298461914e-09
yras   = 3.725290298461914e-09 -1.490116119384766e-08 -9.999999403953552e-01
zras   = 1.396983861923218e-09 1.000000119209290e+00 0.000000000000000e+00
cras   = 3.408699035644531e+00 8.733520507812500e+00 9.115600585937500e+00
