# transform file transforms/talairach.lta
# created by oesteban on Tue Mar 10 02:51:04 2026

type      = 0 # LINEAR_VOX_TO_VOX
nxforms   = 1
mean      = 128.0000 114.0000 115.0000
sigma     = 10000.0000
1 4 4
1.040510416030884e+00 6.869008392095566e-02 -1.420541759580374e-02 -1.246077632904053e+01 
-7.880502939224243e-02 1.076528787612915e+00 2.714137732982635e-01 -1.420579338073730e+01 
3.396910429000854e-02 -2.382021546363831e-01 9.666345119476318e-01 2.346751594543457e+01 
0.000000000000000e+00 0.000000000000000e+00 0.000000000000000e+00 1.000000000000000e+00 
src volume info
valid = 1  # volume info valid
filename = nu.mgz
volume = 256 256 256
voxelsize = 1.000000000000000e+00 1.000000000000000e+00 1.000000000000000e+00
xras   = -1.000000000000000e+00 1.862645149230957e-09 3.725290298461914e-09
yras   = 3.725290298461914e-09 -1.490116119384766e-08 -9.999999403953552e-01
zras   = 1.396983861923218e-09 1.000000119209290e+00 0.000000000000000e+00
cras   = 3.408699035644531e+00 8.733520507812500e+00 9.115600585937500e+00
dst volume info
valid = 1  # volume info valid
filename = /opt/freesurfer/average/RB_all_2020-01-02.gca
volume = 256 256 256
voxelsize = 1.000000000000000e+00 1.000000000000000e+00 1.000000000000000e+00
xras   = -1.000000000000000e+00 0.000000000000000e+00 0.000000000000000e+00
yras   = 0.000000000000000e+00 0.000000000000000e+00 -1.000000000000000e+00
zras   = 0.000000000000000e+00 1.000000000000000e+00 0.000000000000000e+00
cras   = 0.000000000000000e+00 0.000000000000000e+00 0.000000000000000e+00
