type      = 1 # LINEAR_RAS_TO_RAS
nxforms   = 1
mean      = 0.0000 0.0000 0.0000
sigma     = 1.0000
1 4 4
1.093253016471863e+00 3.214899823069572e-02 5.619199946522713e-02 -5.033858776092529e+00 
-3.477700054645538e-02 1.011608958244324e+00 3.127439916133881e-01 -2.165529632568359e+01 
-6.993400305509567e-02 -2.321069985628128e-01 1.065696954727173e+00 -2.672438049316406e+01 
0.000000000000000e+00 0.000000000000000e+00 0.000000000000000e+00 1.000000000000000e+00 
src volume info
valid = 1  # volume info valid
filename = /out/sourcedata/freesurfer/sub-v1s4x0050699_ses-1/mri/orig_nu.mgz
volume = 256 256 256
voxelsize = 1.000000000000000e+00 1.000000000000000e+00 1.000000000000000e+00
xras   = -1.000000000000000e+00 1.862645149230957e-09 3.725290298461914e-09
yras   = 3.725290298461914e-09 -1.490116119384766e-08 -9.999999403953552e-01
zras   = 1.396983861923218e-09 1.000000119209290e+00 0.000000000000000e+00
cras   = 3.408699035644531e+00 8.733520507812500e+00 9.115600585937500e+00
dst volume info
valid = 1  # volume info valid
filename = /opt/freesurfer/average/mni305.cor.mgz
volume = 256 256 256
voxelsize = 1.000000000000000e+00 1.000000000000000e+00 1.000000000000000e+00
xras   = -1.000000000000000e+00 0.000000000000000e+00 0.000000000000000e+00
yras   = 0.000000000000000e+00 0.000000000000000e+00 -1.000000000000000e+00
zras   = 0.000000000000000e+00 1.000000000000000e+00 0.000000000000000e+00
cras   = 0.000000000000000e+00 0.000000000000000e+00 0.000000000000000e+00
subject fsaverage
fscale 0.100000
