type      = 0 # LINEAR_VOX_TO_VOX
nxforms   = 1
mean      = 0.0000 0.0000 0.0000
sigma     = 1.0000
1 4 4
1.093253016471863e+00 5.619199201464653e-02 -3.214900195598602e-02 -1.449958801269531e+01 
-6.993401050567627e-02 1.065696835517883e+00 2.321070283651352e-01 -9.891952514648438e+00 
3.477700427174568e-02 -3.127439916133881e-01 1.011609077453613e+00 2.400572967529297e+01 
0.000000000000000e+00 0.000000000000000e+00 0.000000000000000e+00 1.000000000000000e+00 
src volume info
valid = 1  # volume info valid
filename = /out/sourcedata/freesurfer/sub-v1s4x0050699_ses-1/mri/orig.mgz
volume = 256 256 256
voxelsize = 1.000000000000000e+00 1.000000000000000e+00 1.000000000000000e+00
xras   = -1.000000000000000e+00 1.862645149230957e-09 3.725290298461914e-09
yras   = 3.725290298461914e-09 -1.490116119384766e-08 -9.999999403953552e-01
zras   = 1.396983861923218e-09 1.000000119209290e+00 0.000000000000000e+00
cras   = 3.408699035644531e+00 8.733520507812500e+00 9.115600585937500e+00
dst volume info
valid = 1  # volume info valid
filename = /opt/freesurfer/average/mni305.cor.mgz
volume = 256 256 256
voxelsize = 1.000000000000000e+00 1.000000000000000e+00 1.000000000000000e+00
xras   = -1.000000000000000e+00 0.000000000000000e+00 0.000000000000000e+00
yras   = 0.000000000000000e+00 0.000000000000000e+00 -1.000000000000000e+00
zras   = 0.000000000000000e+00 1.000000000000000e+00 0.000000000000000e+00
cras   = 0.000000000000000e+00 0.000000000000000e+00 0.000000000000000e+00
subject fsaverage
fscale 0.100000
