# transform file /out/sourcedata/freesurfer/sub-v1s4x0050692_ses-1/mri/transforms/cc_up.lta
# created by oesteban on Tue Mar 10 04:03:00 2026

type      = 0 # LINEAR_VOX_TO_VOX
nxforms   = 1
mean      = 131.0000 112.0000 118.0000
sigma     = 10000.0000
1 4 4
9.900967478752136e-01 3.091514855623245e-02 1.369405239820480e-01 -1.905492401123047e+01 
-3.062362596392632e-02 9.995220303535461e-01 -4.235561471432447e-03 3.750297546386719e+01 
-1.370059996843338e-01 4.656612873077393e-10 9.905702471733093e-01 3.588585662841797e+01 
0.000000000000000e+00 0.000000000000000e+00 0.000000000000000e+00 1.000000000000000e+00 
src volume info
valid = 1  # volume info valid
filename = /out/sourcedata/freesurfer/sub-v1s4x0050692_ses-1/mri/norm.mgz
volume = 256 256 256
voxelsize = 1.000000000000000e+00 1.000000000000000e+00 1.000000000000000e+00
xras   = -1.000000000000000e+00 3.026798367500305e-09 0.000000000000000e+00
yras   = 3.725290298461914e-09 0.000000000000000e+00 -1.000000000000000e+00
zras   = -2.793967723846436e-09 9.999999403953552e-01 0.000000000000000e+00
cras   = 5.036117553710938e+00 1.618511199951172e+01 -9.588867187500000e+00
dst volume info
valid = 1  # volume info valid
filename = /out/sourcedata/freesurfer/sub-v1s4x0050692_ses-1/mri/norm.mgz
volume = 256 256 256
voxelsize = 1.000000000000000e+00 1.000000000000000e+00 1.000000000000000e+00
xras   = -1.000000000000000e+00 3.026798367500305e-09 0.000000000000000e+00
yras   = 3.725290298461914e-09 0.000000000000000e+00 -1.000000000000000e+00
zras   = -2.793967723846436e-09 9.999999403953552e-01 0.000000000000000e+00
cras   = 5.036117553710938e+00 1.618511199951172e+01 -9.588867187500000e+00
