# transform file transforms/talairach.lta
# created by oesteban on Tue Mar 10 02:35:58 2026

type      = 0 # LINEAR_VOX_TO_VOX
nxforms   = 1
mean      = 131.0000 113.0000 118.0000
sigma     = 10000.0000
1 4 4
9.754966497421265e-01 4.498689994215965e-02 1.193060949444771e-01 -1.861186599731445e+01 
-6.143854558467865e-02 1.106664061546326e+00 1.534906476736069e-01 -7.259388923645020e+00 
-1.090873032808304e-01 -1.424012780189514e-01 9.502826929092407e-01 2.819619560241699e+01 
0.000000000000000e+00 0.000000000000000e+00 0.000000000000000e+00 1.000000000000000e+00 
src volume info
valid = 1  # volume info valid
filename = nu.mgz
volume = 256 256 256
voxelsize = 1.000000000000000e+00 1.000000000000000e+00 1.000000000000000e+00
xras   = -1.000000000000000e+00 3.026798367500305e-09 0.000000000000000e+00
yras   = 3.725290298461914e-09 0.000000000000000e+00 -1.000000000000000e+00
zras   = -2.793967723846436e-09 9.999999403953552e-01 0.000000000000000e+00
cras   = 5.036117553710938e+00 1.618511199951172e+01 -9.588867187500000e+00
dst volume info
valid = 1  # volume info valid
filename = /opt/freesurfer/average/RB_all_2020-01-02.gca
volume = 256 256 256
voxelsize = 1.000000000000000e+00 1.000000000000000e+00 1.000000000000000e+00
xras   = -1.000000000000000e+00 0.000000000000000e+00 0.000000000000000e+00
yras   = 0.000000000000000e+00 0.000000000000000e+00 -1.000000000000000e+00
zras   = 0.000000000000000e+00 1.000000000000000e+00 0.000000000000000e+00
cras   = 0.000000000000000e+00 0.000000000000000e+00 0.000000000000000e+00
