# transform file /out/sourcedata/freesurfer/sub-v1s4x0050706_ses-1/mri/transforms/cc_up.lta
# created by oesteban on Tue Mar 10 04:04:39 2026

type      = 0 # LINEAR_VOX_TO_VOX
nxforms   = 1
mean      = 129.0000 115.0000 120.0000
sigma     = 10000.0000
1 4 4
9.886409640312195e-01 -4.840051755309105e-02 1.422899812459946e-01 -9.277219772338867e+00 
4.790687933564186e-02 9.988279938697815e-01 6.894989870488644e-03 2.823879051208496e+01 
-1.424569487571716e-01 -4.656612873077393e-10 9.898009896278381e-01 3.325472259521484e+01 
0.000000000000000e+00 0.000000000000000e+00 0.000000000000000e+00 1.000000000000000e+00 
src volume info
valid = 1  # volume info valid
filename = /out/sourcedata/freesurfer/sub-v1s4x0050706_ses-1/mri/norm.mgz
volume = 256 256 256
voxelsize = 1.000000000000000e+00 1.000000000000000e+00 1.000000000000000e+00
xras   = -9.999998807907104e-01 -4.190951585769653e-09 0.000000000000000e+00
yras   = 0.000000000000000e+00 1.862645149230957e-09 -9.999998807907104e-01
zras   = -1.082662492990494e-08 9.999998211860657e-01 -1.862645149230957e-09
cras   = -2.229278564453125e+00 9.731300354003906e+00 1.317487335205078e+01
dst volume info
valid = 1  # volume info valid
filename = /out/sourcedata/freesurfer/sub-v1s4x0050706_ses-1/mri/norm.mgz
volume = 256 256 256
voxelsize = 1.000000000000000e+00 1.000000000000000e+00 1.000000000000000e+00
xras   = -9.999998807907104e-01 -4.190951585769653e-09 0.000000000000000e+00
yras   = 0.000000000000000e+00 1.862645149230957e-09 -9.999998807907104e-01
zras   = -1.082662492990494e-08 9.999998211860657e-01 -1.862645149230957e-09
cras   = -2.229278564453125e+00 9.731300354003906e+00 1.317487335205078e+01
