# transform file transforms/talairach.lta
# created by oesteban on Tue Mar 10 03:08:34 2026

type      = 0 # LINEAR_VOX_TO_VOX
nxforms   = 1
mean      = 130.0000 115.0000 119.0000
sigma     = 10000.0000
1 4 4
1.048579573631287e+00 -3.931694477796555e-02 1.582059413194656e-01 -2.101983070373535e+01 
2.452370338141918e-02 1.198294639587402e+00 8.506668359041214e-02 -2.280494689941406e+01 
-1.548698246479034e-01 -5.346341058611870e-02 9.692033529281616e-01 1.943206214904785e+01 
0.000000000000000e+00 0.000000000000000e+00 0.000000000000000e+00 1.000000000000000e+00 
src volume info
valid = 1  # volume info valid
filename = nu.mgz
volume = 256 256 256
voxelsize = 1.000000000000000e+00 1.000000000000000e+00 1.000000000000000e+00
xras   = -9.999998807907104e-01 -4.190951585769653e-09 0.000000000000000e+00
yras   = 0.000000000000000e+00 1.862645149230957e-09 -9.999998807907104e-01
zras   = -1.082662492990494e-08 9.999998211860657e-01 -1.862645149230957e-09
cras   = -2.229278564453125e+00 9.731300354003906e+00 1.317487335205078e+01
dst volume info
valid = 1  # volume info valid
filename = /opt/freesurfer/average/RB_all_2020-01-02.gca
volume = 256 256 256
voxelsize = 1.000000000000000e+00 1.000000000000000e+00 1.000000000000000e+00
xras   = -1.000000000000000e+00 0.000000000000000e+00 0.000000000000000e+00
yras   = 0.000000000000000e+00 0.000000000000000e+00 -1.000000000000000e+00
zras   = 0.000000000000000e+00 1.000000000000000e+00 0.000000000000000e+00
cras   = 0.000000000000000e+00 0.000000000000000e+00 0.000000000000000e+00
