type      = 0 # LINEAR_VOX_TO_VOX
nxforms   = 1
mean      = 0.0000 0.0000 0.0000
sigma     = 1.0000
1 4 4
1.085508823394775e+00 -7.482898980379105e-02 1.484729796648026e-01 -1.954148864746094e+01 
-8.346999064087868e-03 1.165551900863647e+00 1.103809773921967e-01 -1.717985534667969e+01 
-1.903149634599686e-01 -1.083789840340614e-01 9.937958121299744e-01 2.701920318603516e+01 
0.000000000000000e+00 0.000000000000000e+00 0.000000000000000e+00 1.000000000000000e+00 
src volume info
valid = 1  # volume info valid
filename = /out/sourcedata/freesurfer/sub-v1s4x0050706_ses-1/mri/orig.mgz
volume = 256 256 256
voxelsize = 1.000000000000000e+00 1.000000000000000e+00 1.000000000000000e+00
xras   = -9.999998807907104e-01 -4.190951585769653e-09 0.000000000000000e+00
yras   = 0.000000000000000e+00 1.862645149230957e-09 -9.999998807907104e-01
zras   = -1.082662492990494e-08 9.999998211860657e-01 -1.862645149230957e-09
cras   = -2.229278564453125e+00 9.731300354003906e+00 1.317487335205078e+01
dst volume info
valid = 1  # volume info valid
filename = /opt/freesurfer/average/mni305.cor.mgz
volume = 256 256 256
voxelsize = 1.000000000000000e+00 1.000000000000000e+00 1.000000000000000e+00
xras   = -1.000000000000000e+00 0.000000000000000e+00 0.000000000000000e+00
yras   = 0.000000000000000e+00 0.000000000000000e+00 -1.000000000000000e+00
zras   = 0.000000000000000e+00 1.000000000000000e+00 0.000000000000000e+00
cras   = 0.000000000000000e+00 0.000000000000000e+00 0.000000000000000e+00
subject fsaverage
fscale 0.100000
