type      = 1 # LINEAR_RAS_TO_RAS
nxforms   = 1
mean      = 0.0000 0.0000 0.0000
sigma     = 1.0000
1 4 4
1.085508942604065e+00 -1.484729945659637e-01 -7.482899725437164e-02 4.020537853240967e+00 
1.903149932622910e-01 9.937959909439087e-01 1.083789989352226e-01 -2.268230438232422e+01 
-8.346999995410442e-03 -1.103809997439384e-01 1.165552020072937e+00 -3.137159729003906e+01 
0.000000000000000e+00 0.000000000000000e+00 0.000000000000000e+00 1.000000000000000e+00 
src volume info
valid = 1  # volume info valid
filename = /out/sourcedata/freesurfer/sub-v1s4x0050706_ses-1/mri/orig_nu.mgz
volume = 256 256 256
voxelsize = 1.000000000000000e+00 1.000000000000000e+00 1.000000000000000e+00
xras   = -9.999998807907104e-01 -4.190951585769653e-09 0.000000000000000e+00
yras   = 0.000000000000000e+00 1.862645149230957e-09 -9.999998807907104e-01
zras   = -1.082662492990494e-08 9.999998211860657e-01 -1.862645149230957e-09
cras   = -2.229278564453125e+00 9.731300354003906e+00 1.317487335205078e+01
dst volume info
valid = 1  # volume info valid
filename = /opt/freesurfer/average/mni305.cor.mgz
volume = 256 256 256
voxelsize = 1.000000000000000e+00 1.000000000000000e+00 1.000000000000000e+00
xras   = -1.000000000000000e+00 0.000000000000000e+00 0.000000000000000e+00
yras   = 0.000000000000000e+00 0.000000000000000e+00 -1.000000000000000e+00
zras   = 0.000000000000000e+00 1.000000000000000e+00 0.000000000000000e+00
cras   = 0.000000000000000e+00 0.000000000000000e+00 0.000000000000000e+00
subject fsaverage
fscale 0.100000
