# transform file /out/sourcedata/freesurfer/sub-v1s4x0050683_ses-1/mri/transforms/cc_up.lta
# created by oesteban on Tue Mar 10 03:21:19 2026

type      = 0 # LINEAR_VOX_TO_VOX
nxforms   = 1
mean      = 128.0000 112.0000 118.0000
sigma     = 10000.0000
1 4 4
9.999672770500183e-01 -2.860486274585128e-03 -7.577091921120882e-03 2.677574634552002e+00 
2.860404318198562e-03 9.999959468841553e-01 -2.167425554944202e-05 3.664113998413086e+01 
7.577122654765844e-03 0.000000000000000e+00 9.999713301658630e-01 2.004533958435059e+01 
0.000000000000000e+00 0.000000000000000e+00 0.000000000000000e+00 1.000000000000000e+00 
src volume info
valid = 1  # volume info valid
filename = /out/sourcedata/freesurfer/sub-v1s4x0050683_ses-1/mri/norm.mgz
volume = 256 256 256
voxelsize = 1.000000000000000e+00 1.000000000000000e+00 1.000000000000000e+00
xras   = -1.000000000000000e+00 -1.506123226135969e-09 -8.731149137020111e-11
yras   = 0.000000000000000e+00 7.450580596923828e-09 -1.000000119209290e+00
zras   = 1.515218173153698e-09 1.000000000000000e+00 0.000000000000000e+00
cras   = 3.115364074707031e+00 3.910285949707031e+00 3.383010864257812e+00
dst volume info
valid = 1  # volume info valid
filename = /out/sourcedata/freesurfer/sub-v1s4x0050683_ses-1/mri/norm.mgz
volume = 256 256 256
voxelsize = 1.000000000000000e+00 1.000000000000000e+00 1.000000000000000e+00
xras   = -1.000000000000000e+00 -1.506123226135969e-09 -8.731149137020111e-11
yras   = 0.000000000000000e+00 7.450580596923828e-09 -1.000000119209290e+00
zras   = 1.515218173153698e-09 1.000000000000000e+00 0.000000000000000e+00
cras   = 3.115364074707031e+00 3.910285949707031e+00 3.383010864257812e+00
