# transform file transforms/talairach.lta
# created by oesteban on Tue Mar 10 02:10:44 2026

type      = 0 # LINEAR_VOX_TO_VOX
nxforms   = 1
mean      = 128.0000 112.0000 119.0000
sigma     = 10000.0000
1 4 4
1.063139081001282e+00 -3.571579232811928e-02 -1.538267079740763e-02 -3.119530916213989e+00 
3.359052166342735e-02 1.090299725532532e+00 1.980062872171402e-01 -2.328692626953125e+01 
8.708197623491287e-03 -1.552120000123978e-01 1.060484290122986e+00 2.151829719543457e+00 
0.000000000000000e+00 0.000000000000000e+00 0.000000000000000e+00 1.000000000000000e+00 
src volume info
valid = 1  # volume info valid
filename = nu.mgz
volume = 256 256 256
voxelsize = 1.000000000000000e+00 1.000000000000000e+00 1.000000000000000e+00
xras   = -1.000000000000000e+00 -1.506123226135969e-09 -8.731149137020111e-11
yras   = 0.000000000000000e+00 7.450580596923828e-09 -1.000000119209290e+00
zras   = 1.515218173153698e-09 1.000000000000000e+00 0.000000000000000e+00
cras   = 3.115364074707031e+00 3.910285949707031e+00 3.383010864257812e+00
dst volume info
valid = 1  # volume info valid
filename = /opt/freesurfer/average/RB_all_2020-01-02.gca
volume = 256 256 256
voxelsize = 1.000000000000000e+00 1.000000000000000e+00 1.000000000000000e+00
xras   = -1.000000000000000e+00 0.000000000000000e+00 0.000000000000000e+00
yras   = 0.000000000000000e+00 0.000000000000000e+00 -1.000000000000000e+00
zras   = 0.000000000000000e+00 1.000000000000000e+00 0.000000000000000e+00
cras   = 0.000000000000000e+00 0.000000000000000e+00 0.000000000000000e+00
