type      = 1 # LINEAR_RAS_TO_RAS
nxforms   = 1
mean      = 0.0000 0.0000 0.0000
sigma     = 1.0000
1 4 4
1.084557056427002e+00 2.038500085473061e-02 -6.223000120371580e-03 -4.411896228790283e+00 
1.437900029122829e-02 1.109478950500488e+00 2.090110033750534e-01 -1.488411712646484e+01 
2.618999918922782e-03 -1.630750000476837e-01 1.060006976127625e+00 -1.970495605468750e+01 
0.000000000000000e+00 0.000000000000000e+00 0.000000000000000e+00 1.000000000000000e+00 
src volume info
valid = 1  # volume info valid
filename = /out/sourcedata/freesurfer/sub-v1s4x0050683_ses-1/mri/orig_nu.mgz
volume = 256 256 256
voxelsize = 1.000000000000000e+00 1.000000000000000e+00 1.000000000000000e+00
xras   = -1.000000000000000e+00 -1.506123226135969e-09 -8.731149137020111e-11
yras   = 0.000000000000000e+00 7.450580596923828e-09 -1.000000119209290e+00
zras   = 1.515218173153698e-09 1.000000000000000e+00 0.000000000000000e+00
cras   = 3.115364074707031e+00 3.910285949707031e+00 3.383010864257812e+00
dst volume info
valid = 1  # volume info valid
filename = /opt/freesurfer/average/mni305.cor.mgz
volume = 256 256 256
voxelsize = 1.000000000000000e+00 1.000000000000000e+00 1.000000000000000e+00
xras   = -1.000000000000000e+00 0.000000000000000e+00 0.000000000000000e+00
yras   = 0.000000000000000e+00 0.000000000000000e+00 -1.000000000000000e+00
zras   = 0.000000000000000e+00 1.000000000000000e+00 0.000000000000000e+00
cras   = 0.000000000000000e+00 0.000000000000000e+00 0.000000000000000e+00
subject fsaverage
fscale 0.100000
