#Insight Transform File V1.0
#Transform 0
Transform: AffineTransform_float_3_3
Parameters: 0.999998 0.00183833 -8.10082e-05 -0.00183881 0.999996 -0.00216661 7.71448e-05 0.00216701 0.999997 0.0507986 -0.0101296 0.237745
FixedParameters: 0 0 0

#Transform 1
Transform: AffineTransform_float_3_3
Parameters: 0.999999 0.00158455 0.000874826 -0.00158319 0.999997 -0.00174878 -0.000877967 0.0017477 0.999998 0.106276 -0.0855168 0.241577
FixedParameters: 0 0 0

#Transform 2
Transform: AffineTransform_float_3_3
Parameters: 0.999999 0.00151117 0.000864775 -0.00150975 0.999996 -0.00222044 -0.000868055 0.00221943 0.999997 0.10382 -0.00314082 0.190767
FixedParameters: 0 0 0

#Transform 3
Transform: AffineTransform_float_3_3
Parameters: 0.999999 0.00128361 0.000448738 -0.00128323 0.999995 -0.00269564 -0.000451531 0.00269512 0.999997 0.0892811 -0.0369984 0.135183
FixedParameters: 0 0 0

#Transform 4
Transform: AffineTransform_float_3_3
Parameters: 0.999999 0.00143316 0.00103366 -0.00143151 0.999998 -0.00160726 -0.00103592 0.00160505 0.999998 0.106869 -0.0530922 0.0667106
FixedParameters: 0 0 0

#Transform 5
Transform: AffineTransform_float_3_3
Parameters: 0.999999 0.00133028 0.00062197 -0.00132969 0.999996 -0.00232531 -0.000624899 0.00232431 0.999997 0.0711404 -0.0660098 0.0991723
FixedParameters: 0 0 0

#Transform 6
Transform: AffineTransform_float_3_3
Parameters: 0.999999 0.0011551 5.62017e-05 -0.00115503 0.999992 -0.00400686 -6.1027e-05 0.00400614 0.999992 0.0584858 -0.00679688 0.139472
FixedParameters: 0 0 0

#Transform 7
Transform: AffineTransform_float_3_3
Parameters: 0.999999 0.00141481 -0.00030861 -0.0014154 0.999996 -0.00268498 0.000304677 0.00268508 0.999996 0.0510757 -0.0866553 0.0322047
FixedParameters: 0 0 0

#Transform 8
Transform: AffineTransform_float_3_3
Parameters: 0.999999 0.00146084 -0.000282906 -0.00146132 0.999996 -0.00208699 0.00027962 0.00208739 0.999998 0.0529034 -0.0741533 0.00975902
FixedParameters: 0 0 0

#Transform 9
Transform: AffineTransform_float_3_3
Parameters: 0.999998 0.00158529 -0.000327438 -0.00158598 0.999995 -0.00251286 0.000323151 0.00251344 0.999997 0.0375688 -0.037514 0.0462424
FixedParameters: 0 0 0

#Transform 10
Transform: AffineTransform_float_3_3
Parameters: 0.999998 0.00158072 -0.000451301 -0.00158166 0.999996 -0.00200051 0.000448766 0.00200148 0.999998 0.0127349 -0.019783 -0.000832469
FixedParameters: 0 0 0

#Transform 11
Transform: AffineTransform_float_3_3
Parameters: 0.999999 0.00120397 -0.000232442 -0.00120532 0.999998 -0.0019469 0.000229742 0.00194701 0.999998 0.0286302 -0.0837419 -0.00368868
FixedParameters: 0 0 0

#Transform 12
Transform: AffineTransform_float_3_3
Parameters: 0.999999 0.0012218 -0.000143748 -0.00122263 0.999998 -0.00188681 0.000142107 0.00188668 0.999999 0.0278193 -0.0434337 0.053119
FixedParameters: 0 0 0

#Transform 13
Transform: AffineTransform_float_3_3
Parameters: 0.999999 0.00116081 -0.000334584 -0.00116169 0.999996 -0.00248917 0.000331506 0.00248953 0.999997 0.0205027 -0.0679648 0.0492809
FixedParameters: 0 0 0

#Transform 14
Transform: AffineTransform_float_3_3
Parameters: 0.999999 0.00133368 -0.000724907 -0.00133519 0.999996 -0.00239929 0.000721968 0.00239988 0.999997 -0.000935427 -0.0568893 0.0539087
FixedParameters: 0 0 0

#Transform 15
Transform: AffineTransform_float_3_3
Parameters: 1 0.000973736 -0.000327901 -0.000974219 0.999998 -0.00124382 0.000327437 0.00124439 0.999999 0.0152278 0.0275731 0.0432008
FixedParameters: 0 0 0

#Transform 16
Transform: AffineTransform_float_3_3
Parameters: 0.999999 0.000812511 -0.000211863 -0.000812889 0.999998 -0.00149995 0.000210295 0.00150027 0.999999 0.00650794 -0.0815828 0.0388007
FixedParameters: 0 0 0

#Transform 17
Transform: AffineTransform_float_3_3
Parameters: 1 0.000989668 -0.000671415 -0.000989972 0.999999 -0.000159086 0.000671208 0.00016041 1 -0.00992489 0.0167024 0.00218738
FixedParameters: 0 0 0

#Transform 18
Transform: AffineTransform_float_3_3
Parameters: 1 0.00102101 0.000204291 -0.00102108 0.999999 -3.17891e-05 -0.000204246 3.13669e-05 1 0.00579765 0.0202232 -0.00110678
FixedParameters: 0 0 0

#Transform 19
Transform: AffineTransform_float_3_3
Parameters: 1 0.000620936 9.60321e-06 -0.000620935 1 -5.88264e-05 -9.67654e-06 5.88144e-05 1 0.00242096 0.0190135 -0.00764235
FixedParameters: 0 0 0

#Transform 20
Transform: AffineTransform_float_3_3
Parameters: 1 2.48194e-05 0.000351659 -2.45896e-05 1 -0.000327039 -0.000351675 0.000327021 1 0.014537 -0.0255409 -0.0171172
FixedParameters: 0 0 0

#Transform 21
Transform: AffineTransform_float_3_3
Parameters: 1 -7.33601e-05 -0.000165248 7.317e-05 1 -0.000574987 0.000165332 0.000574963 1 0.00988411 -0.00723075 -0.0407478
FixedParameters: 0 0 0

#Transform 22
Transform: AffineTransform_float_3_3
Parameters: 1 -1.47988e-06 0.000346252 2.07706e-06 0.999999 -0.000862684 -0.000346249 0.000862685 0.999999 0.0184174 -0.0920175 -0.0066157
FixedParameters: 0 0 0

#Transform 23
Transform: AffineTransform_float_3_3
Parameters: 1 -6.66809e-05 -0.000118851 6.65388e-05 1 -0.000597497 0.000118931 0.000597481 1 0.0114214 0.00799921 -0.0328036
FixedParameters: 0 0 0

#Transform 24
Transform: AffineTransform_float_3_3
Parameters: 1 0.000613702 1.89199e-05 -0.000613676 0.999999 -0.000669418 -1.97417e-05 0.000669394 1 0.0157717 -0.0432552 0.00924074
FixedParameters: 0 0 0

#Transform 25
Transform: AffineTransform_float_3_3
Parameters: 0.999999 0.000743338 -0.000434392 -0.000743379 0.999999 -0.000237708 0.000435018 0.000238319 1 -0.0123526 0.0412398 -0.0390655
FixedParameters: 0 0 0

#Transform 26
Transform: AffineTransform_float_3_3
Parameters: 0.999999 0.00092043 -0.000851009 -0.000920353 0.999999 7.65849e-05 0.000851199 -7.59675e-05 0.999999 -0.0242684 0.0334714 -0.0407333
FixedParameters: 0 0 0

#Transform 27
Transform: AffineTransform_float_3_3
Parameters: 0.999999 0.000887612 -0.00113993 -0.000887834 1 0.000389402 0.00113974 -0.000388349 1 -0.0355569 -0.0116161 -0.0337559
FixedParameters: 0 0 0

#Transform 28
Transform: AffineTransform_float_3_3
Parameters: 0.999998 0.000778222 -0.00188851 -0.000780704 0.999999 -0.0012123 0.00188718 0.00121376 0.999997 -0.076117 -0.0445234 -0.0788784
FixedParameters: 0 0 0

#Transform 29
Transform: AffineTransform_float_3_3
Parameters: 0.999999 0.000717726 -0.00171228 -0.000720462 0.999999 -0.00112495 0.00171138 0.00112587 0.999998 -0.0524405 -0.0513829 0.00168238
FixedParameters: 0 0 0

#Transform 30
Transform: AffineTransform_float_3_3
Parameters: 0.999999 0.000750507 -0.00166361 -0.000751659 1 -0.000624794 0.00166256 0.000626405 0.999998 -0.0390166 -0.0211565 -0.0198094
FixedParameters: 0 0 0

#Transform 31
Transform: AffineTransform_float_3_3
Parameters: 0.999998 0.000704739 -0.00152444 -0.000704688 1 -0.000316889 0.00152377 0.000318154 0.999999 -0.0547474 -0.0462623 -0.0419321
FixedParameters: 0 0 0

#Transform 32
Transform: AffineTransform_float_3_3
Parameters: 0.999999 0.000513887 -0.0013917 -0.000515134 1 -0.000873154 0.00139156 0.000873667 0.999999 -0.0420261 -0.0416336 -0.0640061
FixedParameters: 0 0 0

#Transform 33
Transform: AffineTransform_float_3_3
Parameters: 0.999999 0.000411153 -0.00145656 -0.000412288 1 -0.000366253 0.00145621 0.000366827 0.999999 -0.0454742 -0.0743404 -0.087421
FixedParameters: 0 0 0

#Transform 34
Transform: AffineTransform_float_3_3
Parameters: 0.999997 0.000337088 -0.00216811 -0.000337238 1 -0.000220406 0.00216777 0.000221622 0.999997 -0.0772184 0.0163719 -0.108588
FixedParameters: 0 0 0

#Transform 35
Transform: AffineTransform_float_3_3
Parameters: 0.999999 0.000258749 -0.00182808 -0.000260552 0.999999 -0.000713958 0.00182753 0.000714661 0.999998 -0.0682655 -0.0304198 -0.156818
FixedParameters: 0 0 0

#Transform 36
Transform: AffineTransform_float_3_3
Parameters: 0.999997 -0.000109492 -0.00222007 0.000109216 1 -0.000452843 0.0022198 0.000453441 0.999998 -0.0838248 -0.0876371 -0.168999
FixedParameters: 0 0 0

#Transform 37
Transform: AffineTransform_float_3_3
Parameters: 0.999997 -0.000266865 -0.00249829 0.000266181 1 -7.41619e-05 0.00249838 7.37861e-05 0.999997 -0.115387 0.0097981 -0.163989
FixedParameters: 0 0 0

#Transform 38
Transform: AffineTransform_float_3_3
Parameters: 0.999997 0.000186421 -0.00211855 -0.000187212 1 -0.000416175 0.00211919 0.000416685 0.999997 -0.103414 0.00431093 -0.135811
FixedParameters: 0 0 0

#Transform 39
Transform: AffineTransform_float_3_3
Parameters: 0.999997 -0.000154459 -0.00249172 0.000154724 1 -8.03398e-05 0.00249164 8.05869e-05 0.999997 -0.120087 -0.0435023 -0.10709
FixedParameters: 0 0 0

#Transform 40
Transform: AffineTransform_float_3_3
Parameters: 0.999996 9.97737e-05 -0.00260788 -0.00010158 1 -0.000512603 0.00260859 0.000513166 0.999996 -0.120863 0.0210134 -0.145829
FixedParameters: 0 0 0

#Transform 41
Transform: AffineTransform_float_3_3
Parameters: 0.999995 -3.73598e-05 -0.00337091 3.53049e-05 1 -0.00069914 0.00337144 0.000698748 0.999994 -0.158866 -0.0230687 -0.190639
FixedParameters: 0 0 0

#Transform 42
Transform: AffineTransform_float_3_3
Parameters: 0.999998 0.000157415 -0.00229746 -0.00015854 1 -0.000397356 0.00229717 0.000398155 0.999998 -0.124446 -0.0958779 -0.140267
FixedParameters: 0 0 0

#Transform 43
Transform: AffineTransform_float_3_3
Parameters: 0.999996 7.63574e-05 -0.00290714 -7.6628e-05 1 1.26578e-05 0.00290709 -1.28274e-05 0.999996 -0.142524 0.0270949 -0.161161
FixedParameters: 0 0 0

#Transform 44
Transform: AffineTransform_float_3_3
Parameters: 0.999996 6.51611e-05 -0.00291578 -6.56081e-05 1 -0.000178859 0.00291561 0.000179632 0.999996 -0.139399 0.0271241 -0.128707
FixedParameters: 0 0 0

#Transform 45
Transform: AffineTransform_float_3_3
Parameters: 0.999997 0.000148216 -0.00248581 -0.000148268 1 4.57694e-05 0.00248582 -4.50209e-05 0.999997 -0.13336 -0.0423526 -0.164176
FixedParameters: 0 0 0

#Transform 46
Transform: AffineTransform_float_3_3
Parameters: 0.999997 0.000198823 -0.00244611 -0.000196616 1 0.00092138 0.00244578 -0.000920807 0.999996 -0.131438 -0.0323943 -0.133116
FixedParameters: 0 0 0

#Transform 47
Transform: AffineTransform_float_3_3
Parameters: 0.999997 0.000131444 -0.00249895 -0.000131964 1 -0.000244478 0.00249872 0.000245209 0.999997 -0.127004 -0.0134706 -0.141335
FixedParameters: 0 0 0

#Transform 48
Transform: AffineTransform_float_3_3
Parameters: 0.999996 0.000330947 -0.00285115 -0.000333432 1 -0.000737258 0.00285028 0.000738342 0.999996 -0.147617 -0.0606409 -0.150196
FixedParameters: 0 0 0

#Transform 49
Transform: AffineTransform_float_3_3
Parameters: 0.999997 0.000148216 -0.00248581 -0.000148268 1 4.57694e-05 0.00248582 -4.50209e-05 0.999997 -0.113079 -0.0053502 -0.159579
FixedParameters: 0 0 0

#Transform 50
Transform: AffineTransform_float_3_3
Parameters: 0.999996 0.000139104 -0.00280191 -0.000139182 1 -0.000156769 0.00280263 0.000156961 0.999996 -0.130161 0.00513181 -0.184675
FixedParameters: 0 0 0

#Transform 51
Transform: AffineTransform_float_3_3
Parameters: 0.999997 0.00013398 -0.00249697 -0.00013428 1 -0.000200584 0.00249675 0.000201326 0.999997 -0.128387 -0.0645464 -0.140861
FixedParameters: 0 0 0

#Transform 52
Transform: AffineTransform_float_3_3
Parameters: 0.999996 0.000641288 -0.00256293 -0.000640801 1 0.000114415 0.00256293 -0.000113325 0.999997 -0.129884 0.0114039 -0.154714
FixedParameters: 0 0 0

#Transform 53
Transform: AffineTransform_float_3_3
Parameters: 0.999996 0.000698759 -0.0026866 -0.000700111 1 -0.000611806 0.00268637 0.000613451 0.999996 -0.158046 -0.0365183 -0.124433
FixedParameters: 0 0 0

#Transform 54
Transform: AffineTransform_float_3_3
Parameters: 0.999997 0.000632836 -0.00263531 -0.000632943 0.999999 0.00022955 0.0026358 -0.000227213 0.999996 -0.155174 -0.0373802 -0.10744
FixedParameters: 0 0 0

#Transform 55
Transform: AffineTransform_float_3_3
Parameters: 0.999996 0.000828167 -0.00290232 -0.000826689 1 0.000475242 0.00290325 -0.000472382 0.999996 -0.164372 0.0428202 -0.144509
FixedParameters: 0 0 0

#Transform 56
Transform: AffineTransform_float_3_3
Parameters: 0.999995 0.00050684 -0.00304595 -0.000507501 1 -0.000248286 0.0030465 0.00024952 0.999995 -0.187591 -0.0311708 -0.171612
FixedParameters: 0 0 0

#Transform 57
Transform: AffineTransform_float_3_3
Parameters: 0.999996 0.000458216 -0.00279228 -0.000457382 1 0.000361247 0.00279264 -0.00036063 0.999996 -0.164327 -0.0512068 -0.170814
FixedParameters: 0 0 0

#Transform 58
Transform: AffineTransform_float_3_3
Parameters: 0.999996 0.0010891 -0.00262075 -0.00108838 0.999999 0.000394236 0.00262074 -0.000390756 0.999996 -0.159015 0.0623703 -0.180287
FixedParameters: 0 0 0

#Transform 59
Transform: AffineTransform_float_3_3
Parameters: 0.999995 0.00127728 -0.00267497 -0.00127757 0.999999 -2.41868e-05 0.00267481 2.78755e-05 0.999996 -0.170569 0.00545238 -0.180415
FixedParameters: 0 0 0

#Transform 60
Transform: AffineTransform_float_3_3
Parameters: 0.999995 0.00119648 -0.002671 -0.00119769 0.999999 -0.000190613 0.0026705 0.000194807 0.999996 -0.165111 -0.0602223 -0.155533
FixedParameters: 0 0 0

#Transform 61
Transform: AffineTransform_float_3_3
Parameters: 0.999996 0.000709292 -0.00276858 -0.000709428 1 9.9623e-06 0.00276856 -8.23529e-06 0.999996 -0.156042 -0.00414392 -0.221172
FixedParameters: 0 0 0

#Transform 62
Transform: AffineTransform_float_3_3
Parameters: 0.999996 0.00091138 -0.00286908 -0.000911658 1 4.13555e-06 0.00286906 -7.87424e-07 0.999996 -0.185775 0.0180479 -0.226104
FixedParameters: 0 0 0

#Transform 63
Transform: AffineTransform_float_3_3
Parameters: 0.999996 0.000718981 -0.00270946 -0.000719135 1 6.74103e-06 0.00270943 -5.04536e-06 0.999996 -0.181816 -0.00678624 -0.194272
FixedParameters: 0 0 0

#Transform 64
Transform: AffineTransform_float_3_3
Parameters: 0.999996 0.000843274 -0.00263663 -0.000841079 0.999999 0.000662629 0.00263683 -0.000661359 0.999996 -0.177562 0.0072871 -0.231875
FixedParameters: 0 0 0

#Transform 65
Transform: AffineTransform_float_3_3
Parameters: 0.999997 0.000767051 -0.00252386 -0.000766628 1 0.000348583 0.00252353 -0.000346939 0.999997 -0.164169 -0.0439314 -0.222589
FixedParameters: 0 0 0

#Transform 66
Transform: AffineTransform_float_3_3
Parameters: 0.999995 0.000695249 -0.00291785 -0.000695129 1 0.000224214 0.00291819 -0.000222096 0.999996 -0.170998 0.0488856 -0.247472
FixedParameters: 0 0 0

#Transform 67
Transform: AffineTransform_float_3_3
Parameters: 0.999996 0.000796052 -0.00245371 -0.000794875 1 0.000693724 0.00245401 -0.000692103 0.999997 -0.161251 -0.00827922 -0.201991
FixedParameters: 0 0 0

#Transform 68
Transform: AffineTransform_float_3_3
Parameters: 0.999996 0.000553888 -0.00248741 -0.000550653 0.999999 0.00129775 0.0024881 -0.00129702 0.999996 -0.161112 0.0750341 -0.240031
FixedParameters: 0 0 0

#Transform 69
Transform: AffineTransform_float_3_3
Parameters: 0.999997 0.000567659 -0.00264001 -0.00056397 0.999998 0.00155058 0.00264037 -0.0015487 0.999995 -0.19334 0.00862081 -0.231
FixedParameters: 0 0 0

#Transform 70
Transform: AffineTransform_float_3_3
Parameters: 0.999997 0.000409634 -0.00265741 -0.000403794 0.999997 0.00211529 0.00265768 -0.00211397 0.999995 -0.190358 0.00595987 -0.259932
FixedParameters: 0 0 0

#Transform 71
Transform: AffineTransform_float_3_3
Parameters: 0.999995 0.000217165 -0.00312011 -0.000209756 0.999998 0.00233987 0.00312097 -0.00233954 0.999992 -0.212637 0.0988889 -0.258165
FixedParameters: 0 0 0

#Transform 72
Transform: AffineTransform_float_3_3
Parameters: 0.999996 -6.0995e-05 -0.00292938 6.62532e-05 0.999998 0.00197977 0.00292899 -0.00198014 0.999994 -0.211354 0.0602131 -0.250851
FixedParameters: 0 0 0

#Transform 73
Transform: AffineTransform_float_3_3
Parameters: 0.999997 -8.66214e-06 -0.00267717 1.44897e-05 0.999998 0.00207296 0.00267672 -0.00207296 0.999995 -0.213763 0.0654381 -0.253134
FixedParameters: 0 0 0

#Transform 74
Transform: AffineTransform_float_3_3
Parameters: 0.999997 -0.00049532 -0.002486 0.000502115 0.999996 0.00274357 0.00248509 -0.00274523 0.999993 -0.206191 0.066485 -0.217153
FixedParameters: 0 0 0

#Transform 75
Transform: AffineTransform_float_3_3
Parameters: 0.999996 -0.000555278 -0.00280031 0.00056101 0.999998 0.00211612 0.00279875 -0.00211833 0.999994 -0.208619 0.0674057 -0.214187
FixedParameters: 0 0 0

#Transform 76
Transform: AffineTransform_float_3_3
Parameters: 0.999998 -0.000476736 -0.00215589 0.000480278 0.999998 0.0017923 0.00215481 -0.0017927 0.999996 -0.178814 0.00834123 -0.21801
FixedParameters: 0 0 0

#Transform 77
Transform: AffineTransform_float_3_3
Parameters: 0.999997 -0.0003284 -0.00235636 0.000332988 0.999998 0.00164512 0.00235569 -0.00164591 0.999996 -0.192022 0.05974 -0.24841
FixedParameters: 0 0 0

#Transform 78
Transform: AffineTransform_float_3_3
Parameters: 0.999996 -0.000395306 -0.00295992 0.000402626 0.999997 0.00228852 0.00295891 -0.00228965 0.999993 -0.211472 0.042682 -0.246471
FixedParameters: 0 0 0

#Transform 79
Transform: AffineTransform_float_3_3
Parameters: 0.999995 -0.000353676 -0.00313579 0.000359493 0.999999 0.00192025 0.00313523 -0.00192125 0.999993 -0.224275 0.140111 -0.23562
FixedParameters: 0 0 0

#Transform 80
Transform: AffineTransform_float_3_3
Parameters: 0.999994 -0.000245088 -0.00359836 0.000252976 0.999998 0.00198272 0.00359825 -0.00198391 0.999991 -0.261227 0.0735841 -0.199722
FixedParameters: 0 0 0

#Transform 81
Transform: AffineTransform_float_3_3
Parameters: 0.999994 -6.03246e-05 -0.00360813 6.87729e-05 0.999997 0.00235271 0.00360795 -0.00235234 0.99999 -0.266472 0.0477758 -0.220318
FixedParameters: 0 0 0

#Transform 82
Transform: AffineTransform_float_3_3
Parameters: 0.999993 0.000143793 -0.00369553 -0.000135274 0.999997 0.00241635 0.00369626 -0.00241643 0.999991 -0.276964 0.0842805 -0.234591
FixedParameters: 0 0 0

#Transform 83
Transform: AffineTransform_float_3_3
Parameters: 0.999994 -0.000347538 -0.00357915 0.000356665 0.999997 0.00257271 0.00357855 -0.00257354 0.99999 -0.276973 0.0716659 -0.220925
FixedParameters: 0 0 0

#Transform 84
Transform: AffineTransform_float_3_3
Parameters: 0.999994 -0.000468542 -0.00349896 0.000478341 0.999997 0.00258744 0.00349756 -0.002589 0.999991 -0.276879 0.0646778 -0.218038
FixedParameters: 0 0 0

#Transform 85
Transform: AffineTransform_float_3_3
Parameters: 0.999994 -0.00067585 -0.0034914 0.000687695 0.999994 0.00340376 0.00348927 -0.00340609 0.999988 -0.270575 0.0805222 -0.233535
FixedParameters: 0 0 0

#Transform 86
Transform: AffineTransform_float_3_3
Parameters: 0.999994 -0.000624798 -0.00353789 0.000635278 0.999996 0.00276967 0.0035366 -0.00277248 0.99999 -0.264376 0.0542309 -0.206476
FixedParameters: 0 0 0

#Transform 87
Transform: AffineTransform_float_3_3
Parameters: 0.999994 -0.000484702 -0.00357181 0.000494292 0.999997 0.00250531 0.00357041 -0.00250705 0.999991 -0.259839 0.0809807 -0.252845
FixedParameters: 0 0 0

#Transform 88
Transform: AffineTransform_float_3_3
Parameters: 0.999992 -0.00068952 -0.0038737 0.000700502 0.999996 0.00287625 0.0038712 -0.0028788 0.999988 -0.272421 0.0644018 -0.221902
FixedParameters: 0 0 0

#Transform 89
Transform: AffineTransform_float_3_3
Parameters: 0.999992 -0.000565014 -0.00393538 0.000574086 0.999998 0.00210778 0.00393401 -0.00211014 0.99999 -0.28766 0.0652048 -0.220078
FixedParameters: 0 0 0

#Transform 90
Transform: AffineTransform_float_3_3
Parameters: 0.999992 -0.00053272 -0.00391104 0.000543104 0.999996 0.00265337 0.00390957 -0.00265563 0.999989 -0.288422 0.0690185 -0.192112
FixedParameters: 0 0 0

#Transform 91
Transform: AffineTransform_float_3_3
Parameters: 0.999992 -0.000565014 -0.00393538 0.000574086 0.999998 0.00210778 0.00393401 -0.00211014 0.99999 -0.290919 0.0739648 -0.199104
FixedParameters: 0 0 0

#Transform 92
Transform: AffineTransform_float_3_3
Parameters: 0.99999 -0.000612152 -0.00436404 0.00062388 0.999997 0.00255566 0.00436231 -0.00255847 0.999987 -0.311668 0.111102 -0.190261
FixedParameters: 0 0 0

#Transform 93
Transform: AffineTransform_float_3_3
Parameters: 0.999992 -0.000542445 -0.0039184 0.00055256 0.999997 0.00248881 0.00391691 -0.00249109 0.999989 -0.302592 0.0546357 -0.165038
FixedParameters: 0 0 0

#Transform 94
Transform: AffineTransform_float_3_3
Parameters: 0.999992 -0.000520363 -0.00390176 0.000532413 0.999996 0.0028619 0.00390003 -0.00286405 0.999988 -0.293706 0.105397 -0.207222
FixedParameters: 0 0 0

#Transform 95
Transform: AffineTransform_float_3_3
Parameters: 0.999992 -0.000716977 -0.00388891 0.00072709 0.999997 0.00251245 0.00388657 -0.00251511 0.999989 -0.299821 0.0767398 -0.175341
FixedParameters: 0 0 0

#Transform 96
Transform: AffineTransform_float_3_3
Parameters: 0.99999 -0.00106219 -0.00439037 0.00107217 0.999997 0.00225998 0.00438705 -0.00226449 0.999988 -0.34368 0.0282696 -0.187253
FixedParameters: 0 0 0

#Transform 97
Transform: AffineTransform_float_3_3
Parameters: 0.999991 -0.00099622 -0.00400539 0.00100622 0.999997 0.00254405 0.0040028 -0.00254795 0.999989 -0.323058 0.0163717 -0.21594
FixedParameters: 0 0 0

#Transform 98
Transform: AffineTransform_float_3_3
Parameters: 0.99999 -0.00146072 -0.00431474 0.00147044 0.999996 0.00225881 0.00431073 -0.00226475 0.999988 -0.32672 0.0658809 -0.256567
FixedParameters: 0 0 0

#Transform 99
Transform: AffineTransform_float_3_3
Parameters: 0.999991 -0.000929417 -0.00420701 0.000938891 0.999997 0.00216481 0.00420424 -0.00216902 0.999989 -0.323743 0.0260785 -0.26657
FixedParameters: 0 0 0

#Transform 100
Transform: AffineTransform_float_3_3
Parameters: 0.999991 -0.00105302 -0.00420805 0.00106186 0.999997 0.00209392 0.00420495 -0.00209822 0.999989 -0.324998 0.00838601 -0.273274
FixedParameters: 0 0 0

#Transform 101
Transform: AffineTransform_float_3_3
Parameters: 0.999991 -0.000879769 -0.00423838 0.000886319 0.999998 0.00156315 0.00423767 -0.00156691 0.99999 -0.336964 1.52054e-05 -0.223807
FixedParameters: 0 0 0

#Transform 102
Transform: AffineTransform_float_3_3
Parameters: 0.99999 -0.000542348 -0.00446943 0.000552581 0.999998 0.0021478 0.00446742 -0.00214996 0.999987 -0.348987 0.0239942 -0.218246
FixedParameters: 0 0 0

#Transform 103
Transform: AffineTransform_float_3_3
Parameters: 0.99999 -0.000834161 -0.00442422 0.000843016 0.999998 0.00210939 0.00442222 -0.00211322 0.999988 -0.363988 0.0875684 -0.272269
FixedParameters: 0 0 0

#Transform 104
Transform: AffineTransform_float_3_3
Parameters: 0.99999 -0.000855553 -0.00439009 0.00086737 0.999996 0.00267856 0.00438713 -0.00268234 0.999987 -0.370645 0.0813295 -0.273454
FixedParameters: 0 0 0

#Transform 105
Transform: AffineTransform_float_3_3
Parameters: 0.999986 -0.00118073 -0.00510979 0.00119317 0.999996 0.00248471 0.00510681 -0.00249093 0.999984 -0.389604 0.107594 -0.295738
FixedParameters: 0 0 0

#Transform 106
Transform: AffineTransform_float_3_3
Parameters: 0.999986 -0.00118771 -0.00511489 0.00119997 0.999996 0.00236902 0.00511199 -0.00237526 0.999985 -0.406574 0.0512038 -0.269309
FixedParameters: 0 0 0

#Transform 107
Transform: AffineTransform_float_3_3
Parameters: 0.999988 -0.00112308 -0.00483198 0.00113653 0.999996 0.00271191 0.00482873 -0.00271755 0.999985 -0.391678 0.0731961 -0.267592
FixedParameters: 0 0 0

#Transform 108
Transform: AffineTransform_float_3_3
Parameters: 0.999989 -0.00109018 -0.0046279 0.00110253 0.999996 0.00270107 0.00462485 -0.00270627 0.999986 -0.369137 0.0729599 -0.26709
FixedParameters: 0 0 0

#Transform 109
Transform: AffineTransform_float_3_3
Parameters: 0.999988 -0.00145673 -0.00453604 0.00147245 0.999993 0.00331404 0.00453039 -0.00332063 0.999985 -0.361819 0.0206524 -0.241591
FixedParameters: 0 0 0

#Transform 110
Transform: AffineTransform_float_3_3
Parameters: 0.999988 -0.00118478 -0.00474395 0.00119793 0.999995 0.00273018 0.00474033 -0.00273621 0.999986 -0.361456 0.0597325 -0.256308
FixedParameters: 0 0 0

#Transform 111
Transform: AffineTransform_float_3_3
Parameters: 0.999985 -0.0015508 -0.00526898 0.00156984 0.999992 0.00347367 0.00526379 -0.00348141 0.99998 -0.382054 0.101264 -0.250009
FixedParameters: 0 0 0

#Transform 112
Transform: AffineTransform_float_3_3
Parameters: 0.999987 -0.00125766 -0.00508475 0.00127276 0.999995 0.00294543 0.00508057 -0.00295188 0.999983 -0.374725 0.0510095 -0.205021
FixedParameters: 0 0 0

#Transform 113
Transform: AffineTransform_float_3_3
Parameters: 0.999987 -0.00125249 -0.00508096 0.00126844 0.999995 0.00303123 0.0050766 -0.00303763 0.999982 -0.382386 0.101605 -0.248799
FixedParameters: 0 0 0

#Transform 114
Transform: AffineTransform_float_3_3
Parameters: 0.999987 -0.000847063 -0.00508287 0.000861161 0.999996 0.00264818 0.0050812 -0.00265222 0.999984 -0.389791 0.0456667 -0.223387
FixedParameters: 0 0 0

#Transform 115
Transform: AffineTransform_float_3_3
Parameters: 0.999984 -0.00127333 -0.0054542 0.00129398 0.999992 0.00378291 0.00544941 -0.00378993 0.999978 -0.419636 0.0480022 -0.260033
FixedParameters: 0 0 0

#Transform 116
Transform: AffineTransform_float_3_3
Parameters: 0.999981 -0.00162874 -0.00591257 0.00164711 0.999994 0.003094 0.00590736 -0.00310368 0.999977 -0.423017 0.161287 -0.269888
FixedParameters: 0 0 0

#Transform 117
Transform: AffineTransform_float_3_3
Parameters: 0.99998 -0.00104431 -0.00625574 0.00106166 0.999995 0.00286021 0.00625347 -0.00286682 0.999976 -0.463714 0.0678523 -0.185062
FixedParameters: 0 0 0

#Transform 118
Transform: AffineTransform_float_3_3
Parameters: 0.99998 -0.000897678 -0.00629995 0.000913215 0.999996 0.00248112 0.00629781 -0.00248669 0.999977 -0.4558 0.0699359 -0.251508
FixedParameters: 0 0 0

#Transform 119
Transform: AffineTransform_float_3_3
Parameters: 0.999978 -0.00116822 -0.00660163 0.00119222 0.999993 0.00359874 0.00659758 -0.00360614 0.999972 -0.456034 0.0799322 -0.240368
FixedParameters: 0 0 0

#Transform 120
Transform: AffineTransform_float_3_3
Parameters: 0.999981 -0.00137443 -0.00600753 0.00139642 0.999992 0.00358205 0.00600275 -0.00358982 0.999975 -0.440206 0.11825 -0.290529
FixedParameters: 0 0 0

#Transform 121
Transform: AffineTransform_float_3_3
Parameters: 0.999983 -0.000752767 -0.00576482 0.000772551 0.999993 0.00354048 0.00576235 -0.00354475 0.999977 -0.435582 0.0566904 -0.231073
FixedParameters: 0 0 0

#Transform 122
Transform: AffineTransform_float_3_3
Parameters: 0.999978 -0.00149573 -0.00649984 0.00151477 0.999995 0.00283209 0.00649512 -0.00284155 0.999975 -0.469574 0.069949 -0.277633
FixedParameters: 0 0 0

#Transform 123
Transform: AffineTransform_float_3_3
Parameters: 0.999982 -0.00131559 -0.0058358 0.00132972 0.999996 0.00236654 0.0058327 -0.00237385 0.999981 -0.446692 0.109859 -0.25542
FixedParameters: 0 0 0

#Transform 124
Transform: AffineTransform_float_3_3
Parameters: 0.999982 -0.00123905 -0.00588626 0.00125767 0.999994 0.00312986 0.00588217 -0.00313672 0.999978 -0.448039 0.144347 -0.291896
FixedParameters: 0 0 0

#Transform 125
Transform: AffineTransform_float_3_3
Parameters: 0.999979 -0.00160176 -0.00637196 0.00162375 0.999993 0.00348003 0.00636624 -0.00349019 0.999973 -0.469617 0.0914201 -0.237938
FixedParameters: 0 0 0

#Transform 126
Transform: AffineTransform_float_3_3
Parameters: 0.999976 -0.00170676 -0.00660085 0.00172803 0.999993 0.00317065 0.00659518 -0.00318216 0.999973 -0.502458 0.0686151 -0.245937
FixedParameters: 0 0 0

#Transform 127
Transform: AffineTransform_float_3_3
Parameters: 0.999977 -0.00130704 -0.00665459 0.00132931 0.999994 0.00336916 0.00665004 -0.00337753 0.999972 -0.498776 0.0482783 -0.228807
FixedParameters: 0 0 0

#Transform 128
Transform: AffineTransform_float_3_3
Parameters: 0.999979 -0.00154306 -0.0062245 0.00155913 0.999996 0.00262253 0.00621998 -0.00263231 0.999977 -0.495298 0.0726872 -0.260687
FixedParameters: 0 0 0

#Transform 129
Transform: AffineTransform_float_3_3
Parameters: 0.999977 -0.00119979 -0.00670583 0.00121859 0.999996 0.00273876 0.00670187 -0.00274735 0.999974 -0.502357 0.0306708 -0.248234
FixedParameters: 0 0 0

#Transform 130
Transform: AffineTransform_float_3_3
Parameters: 0.999973 -0.0012959 -0.00722089 0.00131418 0.999996 0.00253004 0.00721811 -0.00254003 0.999971 -0.533053 0.0912002 -0.274492
FixedParameters: 0 0 0

#Transform 131
Transform: AffineTransform_float_3_3
Parameters: 0.999975 -0.00104436 -0.00691249 0.00106035 0.999997 0.00225232 0.00691001 -0.0022597 0.999974 -0.540219 0.0674814 -0.252977
FixedParameters: 0 0 0

#Transform 132
Transform: AffineTransform_float_3_3
Parameters: 0.999973 -0.0015204 -0.00718726 0.0015387 0.999995 0.00248016 0.00718345 -0.00249134 0.999971 -0.552178 0.0814772 -0.273725
FixedParameters: 0 0 0

#Transform 133
Transform: AffineTransform_float_3_3
Parameters: 0.999979 -0.00117202 -0.00632402 0.00118573 0.999997 0.00209661 0.00632101 -0.00210455 0.999978 -0.515474 0.0394617 -0.238281
FixedParameters: 0 0 0

#Transform 134
Transform: AffineTransform_float_3_3
Parameters: 0.999978 -0.00118924 -0.00654032 0.0012053 0.999996 0.00243507 0.00653791 -0.00244334 0.999976 -0.518559 0.0925224 -0.247678
FixedParameters: 0 0 0

#Transform 135
Transform: AffineTransform_float_3_3
Parameters: 0.999978 -0.0011455 -0.00656957 0.00115899 0.999997 0.00202422 0.00656699 -0.00203176 0.999976 -0.536921 0.109901 -0.25033
FixedParameters: 0 0 0

#Transform 136
Transform: AffineTransform_float_3_3
Parameters: 0.999979 -0.00116471 -0.00636582 0.00117986 0.999996 0.00235888 0.00636255 -0.00236664 0.999977 -0.508356 0.0717374 -0.244091
FixedParameters: 0 0 0

#Transform 137
Transform: AffineTransform_float_3_3
Parameters: 0.999979 -0.00162078 -0.00618409 0.00163302 0.999996 0.00194795 0.00618079 -0.00195824 0.999979 -0.508776 0.110761 -0.268176
FixedParameters: 0 0 0

#Transform 138
Transform: AffineTransform_float_3_3
Parameters: 0.999978 -0.0016472 -0.00640002 0.00166021 0.999997 0.00202292 0.00639649 -0.00203305 0.999978 -0.534509 0.0608285 -0.247399
FixedParameters: 0 0 0

#Transform 139
Transform: AffineTransform_float_3_3
Parameters: 0.99998 -0.00164903 -0.00606972 0.00165441 0.999998 0.000946734 0.0060678 -0.000956879 0.999981 -0.480876 0.0196317 -0.248513
FixedParameters: 0 0 0

#Transform 140
Transform: AffineTransform_float_3_3
Parameters: 0.999983 -0.00112753 -0.00573846 0.00112875 0.999999 9.11476e-05 0.00573828 -9.76116e-05 0.999983 -0.471591 0.0750736 -0.232214
FixedParameters: 0 0 0

#Transform 141
Transform: AffineTransform_float_3_3
Parameters: 0.999983 -0.0011328 -0.00569415 0.00113827 0.999999 0.000895433 0.00569294 -0.000902188 0.999983 -0.462877 0.06265 -0.248935
FixedParameters: 0 0 0

#Transform 142
Transform: AffineTransform_float_3_3
Parameters: 0.999976 -0.00185522 -0.00677277 0.00187092 0.999996 0.00227422 0.00676897 -0.00228668 0.999975 -0.52627 0.0980232 -0.258252
FixedParameters: 0 0 0

#Transform 143
Transform: AffineTransform_float_3_3
Parameters: 0.999976 -0.001753 -0.00668078 0.00176123 0.999998 0.00130661 0.00667896 -0.0013185 0.999976 -0.531821 0.108878 -0.276238
FixedParameters: 0 0 0

#Transform 144
Transform: AffineTransform_float_3_3
Parameters: 0.999981 -0.00167713 -0.00593757 0.00168271 0.999998 0.000979279 0.00593553 -0.000988697 0.999982 -0.495606 0.0491418 -0.269043
FixedParameters: 0 0 0

#Transform 145
Transform: AffineTransform_float_3_3
Parameters: 0.999978 -0.00218644 -0.0062504 0.00219548 0.999996 0.00137496 0.00624712 -0.0013885 0.999979 -0.502252 0.0519873 -0.302612
FixedParameters: 0 0 0

#Transform 146
Transform: AffineTransform_float_3_3
Parameters: 0.999979 -0.00218608 -0.00610018 0.00219302 0.999997 0.00114777 0.00609773 -0.0011609 0.999981 -0.485825 0.0121494 -0.265748
FixedParameters: 0 0 0

#Transform 147
Transform: AffineTransform_float_3_3
Parameters: 0.999976 -0.00268929 -0.00642085 0.00269483 0.999996 0.000933565 0.00641863 -0.000951343 0.999979 -0.512709 0.0338654 -0.295159
FixedParameters: 0 0 0

#Transform 148
Transform: AffineTransform_float_3_3
Parameters: 0.999976 -0.00242791 -0.00647171 0.00243359 0.999997 0.000857061 0.00646999 -0.000873236 0.999978 -0.518524 0.0229363 -0.30972
FixedParameters: 0 0 0

#Transform 149
Transform: AffineTransform_float_3_3
Parameters: 0.999974 -0.0026475 -0.00666339 0.00265423 0.999996 0.00100549 0.00666081 -0.00102306 0.999977 -0.520992 -0.0185261 -0.30256
FixedParameters: 0 0 0

#Transform 150
Transform: AffineTransform_float_3_3
Parameters: 0.999974 -0.00271432 -0.00657873 0.00271628 0.999996 0.00036242 0.00657788 -0.000380434 0.999978 -0.518759 0.00736242 -0.313121
FixedParameters: 0 0 0

#Transform 151
Transform: AffineTransform_float_3_3
Parameters: 0.999978 -0.00215352 -0.00622187 0.00215945 0.999997 0.000903851 0.00621929 -0.000917888 0.99998 -0.511856 -0.0191333 -0.28454
FixedParameters: 0 0 0

#Transform 152
Transform: AffineTransform_float_3_3
Parameters: 0.999975 -0.00251526 -0.00659759 0.00251993 0.999997 0.000700418 0.00659643 -0.000717028 0.999978 -0.513645 0.0471254 -0.296823
FixedParameters: 0 0 0

#Transform 153
Transform: AffineTransform_float_3_3
Parameters: 0.999976 -0.00224497 -0.00665064 0.00224838 0.999998 0.000534215 0.00664935 -0.00054928 0.999978 -0.528577 0.0142864 -0.27687
FixedParameters: 0 0 0

#Transform 154
Transform: AffineTransform_float_3_3
Parameters: 0.999976 -0.00222773 -0.00663869 0.00223304 0.999997 0.000812543 0.00663748 -0.000827497 0.999977 -0.546901 0.00679871 -0.264627
FixedParameters: 0 0 0

#Transform 155
Transform: AffineTransform_float_3_3
Parameters: 0.999975 -0.00223836 -0.00671168 0.00224396 0.999997 0.000839409 0.00670925 -0.000854472 0.999977 -0.529275 0.0308059 -0.304724
FixedParameters: 0 0 0

#Transform 156
Transform: AffineTransform_float_3_3
Parameters: 0.999978 -0.00192168 -0.00634545 0.00192197 0.999998 5.9146e-05 0.00634556 -7.16824e-05 0.99998 -0.513673 0.0247183 -0.324229
FixedParameters: 0 0 0

#Transform 157
Transform: AffineTransform_float_3_3
Parameters: 0.999974 -0.00154324 -0.00703049 0.00154604 0.999999 0.000326858 0.00702993 -0.000337399 0.999975 -0.528547 -0.0139328 -0.284218
FixedParameters: 0 0 0

#Transform 158
Transform: AffineTransform_float_3_3
Parameters: 0.999976 -0.00152386 -0.00679543 0.0015238 0.999999 3.963e-05 0.00679557 -4.97386e-05 0.999977 -0.531641 0.0381302 -0.358657
FixedParameters: 0 0 0

#Transform 159
Transform: AffineTransform_float_3_3
Parameters: 0.999977 -0.00166311 -0.00663031 0.00166762 0.999998 0.000609445 0.00662917 -0.000620488 0.999977 -0.526144 0.00901821 -0.339417
FixedParameters: 0 0 0

#Transform 160
Transform: AffineTransform_float_3_3
Parameters: 0.999975 -0.00188223 -0.00686881 0.00188845 0.999997 0.000944599 0.0068666 -0.000957737 0.999976 -0.533353 0.0896575 -0.333399
FixedParameters: 0 0 0

#Transform 161
Transform: AffineTransform_float_3_3
Parameters: 0.999975 -0.00170751 -0.00693173 0.00171155 0.999998 0.000491703 0.00693081 -0.000503664 0.999975 -0.546091 0.0231153 -0.340108
FixedParameters: 0 0 0

#Transform 162
Transform: AffineTransform_float_3_3
Parameters: 0.999974 -0.00168201 -0.00707593 0.00168839 0.999998 0.00100323 0.00707403 -0.001015 0.999975 -0.552579 -0.0241137 -0.355362
FixedParameters: 0 0 0

#Transform 163
Transform: AffineTransform_float_3_3
Parameters: 0.999977 -0.00116707 -0.00663718 0.00116219 0.999999 -0.000639337 0.006638 0.000631578 0.999978 -0.543825 -0.0666223 -0.377552
FixedParameters: 0 0 0

#Transform 164
Transform: AffineTransform_float_3_3
Parameters: 0.99998 -0.00140709 -0.00612134 0.00140622 0.999999 -0.000144489 0.00612161 0.000135717 0.999982 -0.544928 -0.175509 -0.424673
FixedParameters: 0 0 0

#Transform 165
Transform: AffineTransform_float_3_3
Parameters: 0.999976 -0.0013139 -0.00675737 0.00132334 0.999998 0.00138419 0.00675518 -0.00139384 0.999977 -0.560104 0.0251961 -0.453978
FixedParameters: 0 0 0

#Transform 166
Transform: AffineTransform_float_3_3
Parameters: 0.99998 -0.00101764 -0.00622854 0.00102232 0.999999 0.000855628 0.00622777 -0.000862208 0.99998 -0.541582 -0.00326076 -0.424311
FixedParameters: 0 0 0

#Transform 167
Transform: AffineTransform_float_3_3
Parameters: 0.999982 -0.00100243 -0.0058038 0.0010016 0.999999 -0.000173811 0.00580396 0.00016778 0.999983 -0.540384 -0.0409787 -0.412346
FixedParameters: 0 0 0

#Transform 168
Transform: AffineTransform_float_3_3
Parameters: 0.999982 -0.00146049 -0.00578907 0.0014638 0.999999 0.000454805 0.00578822 -0.000463165 0.999983 -0.53426 -0.0821601 -0.419758
FixedParameters: 0 0 0

#Transform 169
Transform: AffineTransform_float_3_3
Parameters: 0.999981 -0.00145633 -0.00595826 0.00145691 0.999999 5.71373e-05 0.00595827 -6.5486e-05 0.999983 -0.540176 -0.0196191 -0.38436
FixedParameters: 0 0 0

#Transform 170
Transform: AffineTransform_float_3_3
Parameters: 0.999981 -0.00184255 -0.00590002 0.00184309 0.999998 7.36006e-05 0.00589906 -8.44109e-05 0.999983 -0.553725 0.00533556 -0.362564
FixedParameters: 0 0 0

#Transform 171
Transform: AffineTransform_float_3_3
Parameters: 0.999982 -0.00233209 -0.00562485 0.00233531 0.999997 0.000647918 0.005623 -0.000661325 0.999984 -0.574269 -0.027838 -0.393726
FixedParameters: 0 0 0

#Transform 172
Transform: AffineTransform_float_3_3
Parameters: 0.999981 -0.00225196 -0.00583631 0.00225653 0.999997 0.000734406 0.00583517 -0.00074759 0.999983 -0.565416 0.0109145 -0.415967
FixedParameters: 0 0 0

#Transform 173
Transform: AffineTransform_float_3_3
Parameters: 0.999983 -0.00220466 -0.00540068 0.00221147 0.999997 0.00115713 0.00539791 -0.0011686 0.999985 -0.5443 0.012341 -0.39931
FixedParameters: 0 0 0

#Transform 174
Transform: AffineTransform_float_3_3
Parameters: 0.999986 -0.0019578 -0.00498593 0.0019659 0.999997 0.00172088 0.00498297 -0.00173119 0.999986 -0.500568 0.0405307 -0.424154
FixedParameters: 0 0 0

#Transform 175
Transform: AffineTransform_float_3_3
Parameters: 0.999989 -0.00150114 -0.00442082 0.00150881 0.999998 0.00185831 0.00441776 -0.00186517 0.999988 -0.471467 -0.0384813 -0.394773
FixedParameters: 0 0 0

#Transform 176
Transform: AffineTransform_float_3_3
Parameters: 0.999986 -0.00220127 -0.00490926 0.00220883 0.999996 0.00171273 0.00490457 -0.00172414 0.999987 -0.48661 0.0274563 -0.448207
FixedParameters: 0 0 0

#Transform 177
Transform: AffineTransform_float_3_3
Parameters: 0.999986 -0.001712 -0.00503827 0.00171985 0.999997 0.00150754 0.00503555 -0.00151605 0.999986 -0.494082 -0.00926742 -0.392185
FixedParameters: 0 0 0

#Transform 178
Transform: AffineTransform_float_3_3
Parameters: 0.999985 -0.00188614 -0.00511909 0.00189532 0.999997 0.00187858 0.00511585 -0.00188843 0.999985 -0.507982 -0.00492666 -0.446804
FixedParameters: 0 0 0

#Transform 179
Transform: AffineTransform_float_3_3
Parameters: 0.999985 -0.00166667 -0.00518597 0.00167277 0.999998 0.00131115 0.00518307 -0.00131965 0.999985 -0.500274 0.026426 -0.436074
FixedParameters: 0 0 0

#Transform 180
Transform: AffineTransform_float_3_3
Parameters: 0.999984 -0.00178769 -0.00545652 0.00179523 0.999998 0.0013854 0.00545411 -0.00139459 0.999984 -0.507918 0.0340723 -0.43681
FixedParameters: 0 0 0

#Transform 181
Transform: AffineTransform_float_3_3
Parameters: 0.999988 -0.00119754 -0.00472907 0.00120376 0.999999 0.00128744 0.00472796 -0.00129342 0.999988 -0.435448 0.0704451 -0.306
FixedParameters: 0 0 0

#Transform 182
Transform: AffineTransform_float_3_3
Parameters: 0.999988 -0.00109388 -0.00480841 0.00110592 0.999996 0.00257687 0.00480572 -0.0025825 0.999985 -0.498993 0.0478199 -0.299438
FixedParameters: 0 0 0

#Transform 183
Transform: AffineTransform_float_3_3
Parameters: 0.999986 -0.000635598 -0.00518274 0.000643906 0.999999 0.00151327 0.00518084 -0.00151671 0.999986 -0.514406 0.0230137 -0.34539
FixedParameters: 0 0 0

#Transform 184
Transform: AffineTransform_float_3_3
Parameters: 0.999986 -0.000406922 -0.00514327 0.000410603 0.999999 0.000668862 0.00514308 -0.000671881 0.999986 -0.498108 0.0172533 -0.360654
FixedParameters: 0 0 0

#Transform 185
Transform: AffineTransform_float_3_3
Parameters: 0.999985 -0.000717605 -0.00543898 0.000722144 0.999999 0.000827149 0.00543846 -0.00083133 0.999985 -0.52786 0.00328815 -0.368955
FixedParameters: 0 0 0

#Transform 186
Transform: AffineTransform_float_3_3
Parameters: 0.999984 -0.00133016 -0.00558936 0.0013374 0.999998 0.0011502 0.00558837 -0.00115714 0.999984 -0.519431 0.0253261 -0.362501
FixedParameters: 0 0 0

#Transform 187
Transform: AffineTransform_float_3_3
