# transform file /out/sourcedata/freesurfer/sub-v1s4x0050698_ses-1/mri/transforms/cc_up.lta
# created by oesteban on Tue Mar 10 04:12:33 2026

type      = 0 # LINEAR_VOX_TO_VOX
nxforms   = 1
mean      = 129.0000 116.0000 116.0000
sigma     = 10000.0000
1 4 4
9.913651943206787e-01 -7.369732111692429e-02 1.084600090980530e-01 -7.804237604141235e-01 
7.326018065214157e-02 9.972805380821228e-01 8.015007711946964e-03 2.315040779113770e+01 
-1.087557524442673e-01 9.313224635931761e-10 9.940684437751770e-01 4.039672851562500e+01 
0.000000000000000e+00 0.000000000000000e+00 0.000000000000000e+00 1.000000000000000e+00 
src volume info
valid = 1  # volume info valid
filename = /out/sourcedata/freesurfer/sub-v1s4x0050698_ses-1/mri/norm.mgz
volume = 256 256 256
voxelsize = 1.000000000000000e+00 1.000000000000000e+00 1.000000000000000e+00
xras   = -1.000000000000000e+00 -1.490116119384766e-08 -7.450580596923828e-09
yras   = 0.000000000000000e+00 0.000000000000000e+00 -1.000000000000000e+00
zras   = 1.862645149230957e-09 1.000000119209290e+00 2.980232238769531e-08
cras   = -1.386260986328125e-01 6.858852386474609e+00 8.684822082519531e+00
dst volume info
valid = 1  # volume info valid
filename = /out/sourcedata/freesurfer/sub-v1s4x0050698_ses-1/mri/norm.mgz
volume = 256 256 256
voxelsize = 1.000000000000000e+00 1.000000000000000e+00 1.000000000000000e+00
xras   = -1.000000000000000e+00 -1.490116119384766e-08 -7.450580596923828e-09
yras   = 0.000000000000000e+00 0.000000000000000e+00 -1.000000000000000e+00
zras   = 1.862645149230957e-09 1.000000119209290e+00 2.980232238769531e-08
cras   = -1.386260986328125e-01 6.858852386474609e+00 8.684822082519531e+00
