# transform file transforms/talairach.lta
# created by oesteban on Tue Mar 10 02:52:50 2026

type      = 0 # LINEAR_VOX_TO_VOX
nxforms   = 1
mean      = 129.0000 117.0000 116.0000
sigma     = 10000.0000
1 4 4
1.044681787490845e+00 -6.906849890947342e-02 1.290095001459122e-01 -1.375636863708496e+01 
3.169746696949005e-02 1.043569207191467e+00 3.229924738407135e-01 -3.492773056030273e+01 
-1.312378644943237e-01 -2.897003889083862e-01 9.018187522888184e-01 5.393809509277344e+01 
0.000000000000000e+00 0.000000000000000e+00 0.000000000000000e+00 1.000000000000000e+00 
src volume info
valid = 1  # volume info valid
filename = nu.mgz
volume = 256 256 256
voxelsize = 1.000000000000000e+00 1.000000000000000e+00 1.000000000000000e+00
xras   = -1.000000000000000e+00 -1.490116119384766e-08 -7.450580596923828e-09
yras   = 0.000000000000000e+00 0.000000000000000e+00 -1.000000000000000e+00
zras   = 1.862645149230957e-09 1.000000119209290e+00 2.980232238769531e-08
cras   = -1.386260986328125e-01 6.858852386474609e+00 8.684822082519531e+00
dst volume info
valid = 1  # volume info valid
filename = /opt/freesurfer/average/RB_all_2020-01-02.gca
volume = 256 256 256
voxelsize = 1.000000000000000e+00 1.000000000000000e+00 1.000000000000000e+00
xras   = -1.000000000000000e+00 0.000000000000000e+00 0.000000000000000e+00
yras   = 0.000000000000000e+00 0.000000000000000e+00 -1.000000000000000e+00
zras   = 0.000000000000000e+00 1.000000000000000e+00 0.000000000000000e+00
cras   = 0.000000000000000e+00 0.000000000000000e+00 0.000000000000000e+00
