# transform file /out/sourcedata/freesurfer/sub-v1s4x0050689_ses-1/mri/transforms/cc_up.lta
# created by oesteban on Tue Mar 10 03:56:40 2026

type      = 0 # LINEAR_VOX_TO_VOX
nxforms   = 1
mean      = 129.0000 107.0000 119.0000
sigma     = 10000.0000
1 4 4
9.970048069953918e-01 4.317142814397812e-02 6.417018175125122e-02 -1.273091316223145e+01 
-4.308228567242622e-02 9.990677833557129e-01 -2.772903069853783e-03 4.099443817138672e+01 
-6.423006206750870e-02 -4.656613428188905e-10 9.979351758956909e-01 2.758211898803711e+01 
0.000000000000000e+00 0.000000000000000e+00 0.000000000000000e+00 1.000000000000000e+00 
src volume info
valid = 1  # volume info valid
filename = /out/sourcedata/freesurfer/sub-v1s4x0050689_ses-1/mri/norm.mgz
volume = 256 256 256
voxelsize = 1.000000000000000e+00 1.000000000000000e+00 1.000000000000000e+00
xras   = -1.000000000000000e+00 -4.889443516731262e-09 0.000000000000000e+00
yras   = -3.725290298461914e-09 0.000000000000000e+00 -9.999999403953552e-01
zras   = -2.444721758365631e-09 9.999999403953552e-01 0.000000000000000e+00
cras   = -4.555572509765625e+00 2.537544250488281e+01 1.638305664062500e+00
dst volume info
valid = 1  # volume info valid
filename = /out/sourcedata/freesurfer/sub-v1s4x0050689_ses-1/mri/norm.mgz
volume = 256 256 256
voxelsize = 1.000000000000000e+00 1.000000000000000e+00 1.000000000000000e+00
xras   = -1.000000000000000e+00 -4.889443516731262e-09 0.000000000000000e+00
yras   = -3.725290298461914e-09 0.000000000000000e+00 -9.999999403953552e-01
zras   = -2.444721758365631e-09 9.999999403953552e-01 0.000000000000000e+00
cras   = -4.555572509765625e+00 2.537544250488281e+01 1.638305664062500e+00
