# transform file transforms/talairach.lta
# created by oesteban on Tue Mar 10 02:26:49 2026

type      = 0 # LINEAR_VOX_TO_VOX
nxforms   = 1
mean      = 129.0000 107.0000 119.0000
sigma     = 10000.0000
1 4 4
1.048976302146912e+00 6.933239102363586e-02 3.257475793361664e-02 -2.005099105834961e+01 
-6.464958190917969e-02 1.144043326377869e+00 5.444879643619061e-04 8.118829727172852e+00 
-4.308284819126129e-02 -8.811743929982185e-03 9.463068246841431e-01 5.152989864349365e+00 
0.000000000000000e+00 0.000000000000000e+00 0.000000000000000e+00 1.000000000000000e+00 
src volume info
valid = 1  # volume info valid
filename = nu.mgz
volume = 256 256 256
voxelsize = 1.000000000000000e+00 1.000000000000000e+00 1.000000000000000e+00
xras   = -1.000000000000000e+00 -4.889443516731262e-09 0.000000000000000e+00
yras   = -3.725290298461914e-09 0.000000000000000e+00 -9.999999403953552e-01
zras   = -2.444721758365631e-09 9.999999403953552e-01 0.000000000000000e+00
cras   = -4.555572509765625e+00 2.537544250488281e+01 1.638305664062500e+00
dst volume info
valid = 1  # volume info valid
filename = /opt/freesurfer/average/RB_all_2020-01-02.gca
volume = 256 256 256
voxelsize = 1.000000000000000e+00 1.000000000000000e+00 1.000000000000000e+00
xras   = -1.000000000000000e+00 0.000000000000000e+00 0.000000000000000e+00
yras   = 0.000000000000000e+00 0.000000000000000e+00 -1.000000000000000e+00
zras   = 0.000000000000000e+00 1.000000000000000e+00 0.000000000000000e+00
cras   = 0.000000000000000e+00 0.000000000000000e+00 0.000000000000000e+00
