# transform file /out/sourcedata/freesurfer/sub-v1s4x0050703_ses-1/mri/transforms/cc_up.lta
# created by oesteban on Tue Mar 10 04:32:25 2026

type      = 0 # LINEAR_VOX_TO_VOX
nxforms   = 1
mean      = 127.0000 113.0000 119.0000
sigma     = 10000.0000
1 4 4
9.991741180419922e-01 2.976612560451031e-02 -2.766033262014389e-02 3.247787654399872e-01 
-2.975472807884216e-02 9.995568990707397e-01 8.237059810198843e-04 3.876084899902344e+01 
2.767259441316128e-02 -5.820766091346741e-11 9.996170401573181e-01 1.649926567077637e+01 
0.000000000000000e+00 0.000000000000000e+00 0.000000000000000e+00 1.000000000000000e+00 
src volume info
valid = 1  # volume info valid
filename = /out/sourcedata/freesurfer/sub-v1s4x0050703_ses-1/mri/norm.mgz
volume = 256 256 256
voxelsize = 1.000000000000000e+00 1.000000000000000e+00 1.000000000000000e+00
xras   = -1.000000119209290e+00 -9.633367881178856e-09 -3.725290298461914e-09
yras   = -3.725290298461914e-09 0.000000000000000e+00 -1.000000000000000e+00
zras   = 2.066371962428093e-09 1.000000000000000e+00 9.313225746154785e-10
cras   = 8.906707763671875e-01 1.028518676757812e+01 -5.035324096679688e-01
dst volume info
valid = 1  # volume info valid
filename = /out/sourcedata/freesurfer/sub-v1s4x0050703_ses-1/mri/norm.mgz
volume = 256 256 256
voxelsize = 1.000000000000000e+00 1.000000000000000e+00 1.000000000000000e+00
xras   = -1.000000119209290e+00 -9.633367881178856e-09 -3.725290298461914e-09
yras   = -3.725290298461914e-09 0.000000000000000e+00 -1.000000000000000e+00
zras   = 2.066371962428093e-09 1.000000000000000e+00 9.313225746154785e-10
cras   = 8.906707763671875e-01 1.028518676757812e+01 -5.035324096679688e-01
