# transform file transforms/talairach.lta
# created by oesteban on Tue Mar 10 03:02:32 2026

type      = 0 # LINEAR_VOX_TO_VOX
nxforms   = 1
mean      = 127.0000 113.0000 119.0000
sigma     = 10000.0000
1 4 4
1.074690461158752e+00 5.190842598676682e-02 -2.830505184829235e-02 -1.322867870330811e+01 
-4.453051835298538e-02 1.157640933990479e+00 1.339462846517563e-01 -1.371685123443604e+01 
3.246160596609116e-02 -1.440723985433578e-01 9.515987038612366e-01 1.201338100433350e+01 
0.000000000000000e+00 0.000000000000000e+00 0.000000000000000e+00 1.000000000000000e+00 
src volume info
valid = 1  # volume info valid
filename = nu.mgz
volume = 256 256 256
voxelsize = 1.000000000000000e+00 1.000000000000000e+00 1.000000000000000e+00
xras   = -1.000000119209290e+00 -9.633367881178856e-09 -3.725290298461914e-09
yras   = -3.725290298461914e-09 0.000000000000000e+00 -1.000000000000000e+00
zras   = 2.066371962428093e-09 1.000000000000000e+00 9.313225746154785e-10
cras   = 8.906707763671875e-01 1.028518676757812e+01 -5.035324096679688e-01
dst volume info
valid = 1  # volume info valid
filename = /opt/freesurfer/average/RB_all_2020-01-02.gca
volume = 256 256 256
voxelsize = 1.000000000000000e+00 1.000000000000000e+00 1.000000000000000e+00
xras   = -1.000000000000000e+00 0.000000000000000e+00 0.000000000000000e+00
yras   = 0.000000000000000e+00 0.000000000000000e+00 -1.000000000000000e+00
zras   = 0.000000000000000e+00 1.000000000000000e+00 0.000000000000000e+00
cras   = 0.000000000000000e+00 0.000000000000000e+00 0.000000000000000e+00
