type      = 1 # LINEAR_RAS_TO_RAS
nxforms   = 1
mean      = 0.0000 0.0000 0.0000
sigma     = 1.0000
1 4 4
1.128023982048035e+00 3.520600125193596e-02 3.217500075697899e-02 -1.855362057685852e+00 
-2.058600075542927e-02 1.043694972991943e+00 1.657399982213974e-01 -2.052748107910156e+01 
-2.292899973690510e-02 -8.956100046634674e-02 1.118116974830627e+00 -1.464965820312500e+01 
0.000000000000000e+00 0.000000000000000e+00 0.000000000000000e+00 1.000000000000000e+00 
src volume info
valid = 1  # volume info valid
filename = /out/sourcedata/freesurfer/sub-v1s4x0050703_ses-1/mri/orig_nu.mgz
volume = 256 256 256
voxelsize = 1.000000000000000e+00 1.000000000000000e+00 1.000000000000000e+00
xras   = -1.000000119209290e+00 -9.633367881178856e-09 -3.725290298461914e-09
yras   = -3.725290298461914e-09 0.000000000000000e+00 -1.000000000000000e+00
zras   = 2.066371962428093e-09 1.000000000000000e+00 9.313225746154785e-10
cras   = 8.906707763671875e-01 1.028518676757812e+01 -5.035324096679688e-01
dst volume info
valid = 1  # volume info valid
filename = /opt/freesurfer/average/mni305.cor.mgz
volume = 256 256 256
voxelsize = 1.000000000000000e+00 1.000000000000000e+00 1.000000000000000e+00
xras   = -1.000000000000000e+00 0.000000000000000e+00 0.000000000000000e+00
yras   = 0.000000000000000e+00 0.000000000000000e+00 -1.000000000000000e+00
zras   = 0.000000000000000e+00 1.000000000000000e+00 0.000000000000000e+00
cras   = 0.000000000000000e+00 0.000000000000000e+00 0.000000000000000e+00
subject fsaverage
fscale 0.100000
