# transform file /out/sourcedata/freesurfer/sub-v1s4x0050691_ses-1/mri/transforms/cc_up.lta
# created by oesteban on Tue Mar 10 03:51:26 2026

type      = 0 # LINEAR_VOX_TO_VOX
nxforms   = 1
mean      = 130.0000 116.0000 117.0000
sigma     = 10000.0000
1 4 4
9.982298612594604e-01 4.804299026727676e-02 3.506029397249222e-02 -1.164412212371826e+01 
-4.801338911056519e-02 9.988453388214111e-01 -1.686348579823971e-03 3.960684967041016e+01 
-3.510082513093948e-02 0.000000000000000e+00 9.993838667869568e-01 2.168137550354004e+01 
0.000000000000000e+00 0.000000000000000e+00 0.000000000000000e+00 1.000000000000000e+00 
src volume info
valid = 1  # volume info valid
filename = /out/sourcedata/freesurfer/sub-v1s4x0050691_ses-1/mri/norm.mgz
volume = 256 256 256
voxelsize = 1.000000000000000e+00 1.000000000000000e+00 1.000000000000000e+00
xras   = -9.999999403953552e-01 -3.725290298461914e-09 0.000000000000000e+00
yras   = 0.000000000000000e+00 -7.450580596923828e-09 -9.999999403953552e-01
zras   = 2.328306436538696e-10 9.999999403953552e-01 0.000000000000000e+00
cras   = 5.349029541015625e+00 1.355325317382812e+01 -2.431393432617188e+01
dst volume info
valid = 1  # volume info valid
filename = /out/sourcedata/freesurfer/sub-v1s4x0050691_ses-1/mri/norm.mgz
volume = 256 256 256
voxelsize = 1.000000000000000e+00 1.000000000000000e+00 1.000000000000000e+00
xras   = -9.999999403953552e-01 -3.725290298461914e-09 0.000000000000000e+00
yras   = 0.000000000000000e+00 -7.450580596923828e-09 -9.999999403953552e-01
zras   = 2.328306436538696e-10 9.999999403953552e-01 0.000000000000000e+00
cras   = 5.349029541015625e+00 1.355325317382812e+01 -2.431393432617188e+01
