# transform file transforms/talairach.lta
# created by oesteban on Tue Mar 10 02:32:09 2026

type      = 0 # LINEAR_VOX_TO_VOX
nxforms   = 1
mean      = 130.0000 116.0000 118.0000
sigma     = 10000.0000
1 4 4
1.029741644859314e+00 4.531871527433395e-02 2.641657739877701e-02 -1.545303916931152e+01 
-5.737278610467911e-02 1.117311239242554e+00 1.937932521104813e-01 -1.796271133422852e+01 
-1.932458952069283e-02 -1.560078561306000e-01 9.907569289207458e-01 1.597029113769531e+01 
0.000000000000000e+00 0.000000000000000e+00 0.000000000000000e+00 1.000000000000000e+00 
src volume info
valid = 1  # volume info valid
filename = nu.mgz
volume = 256 256 256
voxelsize = 1.000000000000000e+00 1.000000000000000e+00 1.000000000000000e+00
xras   = -9.999999403953552e-01 -3.725290298461914e-09 0.000000000000000e+00
yras   = 0.000000000000000e+00 -7.450580596923828e-09 -9.999999403953552e-01
zras   = 2.328306436538696e-10 9.999999403953552e-01 0.000000000000000e+00
cras   = 5.349029541015625e+00 1.355325317382812e+01 -2.431393432617188e+01
dst volume info
valid = 1  # volume info valid
filename = /opt/freesurfer/average/RB_all_2020-01-02.gca
volume = 256 256 256
voxelsize = 1.000000000000000e+00 1.000000000000000e+00 1.000000000000000e+00
xras   = -1.000000000000000e+00 0.000000000000000e+00 0.000000000000000e+00
yras   = 0.000000000000000e+00 0.000000000000000e+00 -1.000000000000000e+00
zras   = 0.000000000000000e+00 1.000000000000000e+00 0.000000000000000e+00
cras   = 0.000000000000000e+00 0.000000000000000e+00 0.000000000000000e+00
