type      = 1 # LINEAR_RAS_TO_RAS
nxforms   = 1
mean      = 0.0000 0.0000 0.0000
sigma     = 1.0000
1 4 4
1.095648050308228e+00 -3.303200006484985e-02 5.326100066304207e-02 -2.736876964569092e+00 
2.562600001692772e-02 1.045647025108337e+00 2.301750034093857e-01 -1.685294342041016e+01 
-5.481699854135513e-02 -2.208430022001266e-01 1.099792003631592e+00 1.479837036132812e+01 
0.000000000000000e+00 0.000000000000000e+00 0.000000000000000e+00 1.000000000000000e+00 
src volume info
valid = 1  # volume info valid
filename = /out/sourcedata/freesurfer/sub-v1s4x0050691_ses-1/mri/orig_nu.mgz
volume = 256 256 256
voxelsize = 1.000000000000000e+00 1.000000000000000e+00 1.000000000000000e+00
xras   = -9.999999403953552e-01 -3.725290298461914e-09 0.000000000000000e+00
yras   = 0.000000000000000e+00 -7.450580596923828e-09 -9.999999403953552e-01
zras   = 2.328306436538696e-10 9.999999403953552e-01 0.000000000000000e+00
cras   = 5.349029541015625e+00 1.355325317382812e+01 -2.431393432617188e+01
dst volume info
valid = 1  # volume info valid
filename = /opt/freesurfer/average/mni305.cor.mgz
volume = 256 256 256
voxelsize = 1.000000000000000e+00 1.000000000000000e+00 1.000000000000000e+00
xras   = -1.000000000000000e+00 0.000000000000000e+00 0.000000000000000e+00
yras   = 0.000000000000000e+00 0.000000000000000e+00 -1.000000000000000e+00
zras   = 0.000000000000000e+00 1.000000000000000e+00 0.000000000000000e+00
cras   = 0.000000000000000e+00 0.000000000000000e+00 0.000000000000000e+00
subject fsaverage
fscale 0.100000
