#Insight Transform File V1.0
#Transform 0
Transform: AffineTransform_float_3_3
Parameters: 0.999988 0.00228005 -0.00430413 -0.00227394 0.999997 0.00137323 0.00430693 -0.00136351 0.99999 -0.112943 -0.0660437 0.26707
FixedParameters: 0 0 0

#Transform 1
Transform: AffineTransform_float_3_3
Parameters: 0.999989 0.00208332 -0.00430873 -0.00208011 0.999998 0.000859744 0.00431054 -0.000850538 0.999991 -0.0971168 0.0594378 0.300181
FixedParameters: 0 0 0

#Transform 2
Transform: AffineTransform_float_3_3
Parameters: 0.999989 0.00241889 -0.00418613 -0.00241615 0.999997 0.000579358 0.00418753 -0.000568453 0.999991 -0.0867357 0.0686109 0.301987
FixedParameters: 0 0 0

#Transform 3
Transform: AffineTransform_float_3_3
Parameters: 0.999988 0.00242898 -0.00423093 -0.00242658 0.999997 0.000408062 0.00423235 -0.000397904 0.999991 -0.0900094 0.00615911 0.266089
FixedParameters: 0 0 0

#Transform 4
Transform: AffineTransform_float_3_3
Parameters: 0.999989 0.00187332 -0.0041202 -0.00187028 0.999998 0.000727504 0.00412211 -0.00072001 0.999991 -0.0641284 0.0442984 0.347031
FixedParameters: 0 0 0

#Transform 5
Transform: AffineTransform_float_3_3
Parameters: 0.99999 0.00199883 -0.00383938 -0.0019981 0.999998 6.81075e-05 0.00383921 -6.04856e-05 0.999993 -0.0908024 -0.00626314 0.256237
FixedParameters: 0 0 0

#Transform 6
Transform: AffineTransform_float_3_3
Parameters: 0.99999 0.00203545 -0.00409378 -0.00203308 0.999998 0.00052757 0.0040947 -0.000518964 0.999992 -0.0983292 -0.0652222 0.223513
FixedParameters: 0 0 0

#Transform 7
Transform: AffineTransform_float_3_3
Parameters: 0.99999 0.00208208 -0.00410514 -0.0020805 0.999998 0.000409249 0.00410657 -0.00040022 0.999992 -0.0988093 0.0354492 0.279511
FixedParameters: 0 0 0

#Transform 8
Transform: AffineTransform_float_3_3
Parameters: 0.999991 0.00187163 -0.0037975 -0.00187018 0.999998 0.00028306 0.00379829 -0.000276098 0.999993 -0.0986659 0.00875094 0.26217
FixedParameters: 0 0 0

#Transform 9
Transform: AffineTransform_float_3_3
Parameters: 0.99999 0.00169726 -0.00427126 -0.00169634 0.999999 0.000295725 0.00427194 -0.000288005 0.99999 -0.105697 -0.0456958 0.184666
FixedParameters: 0 0 0

#Transform 10
Transform: AffineTransform_float_3_3
Parameters: 0.999991 0.00213322 -0.0037216 -0.00213127 0.999997 0.00054096 0.00372271 -0.00053386 0.999993 -0.107872 -0.0350616 0.251686
FixedParameters: 0 0 0

#Transform 11
Transform: AffineTransform_float_3_3
Parameters: 0.999992 0.0017699 -0.0036424 -0.00176944 0.999998 0.000153383 0.00364264 -0.000147176 0.999993 -0.099468 0.0410342 0.277687
FixedParameters: 0 0 0

#Transform 12
Transform: AffineTransform_float_3_3
Parameters: 0.99999 0.00164996 -0.00411615 -0.0016493 0.999999 0.000135371 0.00411727 -0.000128688 0.999991 -0.0978432 -0.0393376 0.27132
FixedParameters: 0 0 0

#Transform 13
Transform: AffineTransform_float_3_3
Parameters: 0.999997 0.00117481 -0.00238713 -0.00116756 0.999995 0.00281797 0.00239048 -0.00281509 0.999993 -0.115545 -0.148962 0.0342683
FixedParameters: 0 0 0

#Transform 14
Transform: AffineTransform_float_3_3
Parameters: 0.999999 -0.000850812 0.0010616 0.000843134 0.999972 0.00754048 -0.00106868 -0.00753965 0.999971 -0.0959107 -0.237358 -0.477986
FixedParameters: 0 0 0

#Transform 15
Transform: AffineTransform_float_3_3
Parameters: 0.999997 -0.00085019 0.00211464 0.000841431 0.99999 0.00450268 -0.00211769 -0.00450046 0.999988 -0.0620516 -0.0712215 -0.380255
FixedParameters: 0 0 0

#Transform 16
Transform: AffineTransform_float_3_3
Parameters: 0.999998 -0.000946038 0.00193651 0.00093921 0.999994 0.00336356 -0.00193961 -0.00336174 0.999993 -0.0217541 -0.0257846 -0.345731
FixedParameters: 0 0 0

#Transform 17
Transform: AffineTransform_float_3_3
Parameters: 0.999999 -0.000913309 0.00167024 0.000908646 0.999996 0.00264325 -0.00167313 -0.00264124 0.999995 -0.000472109 0.00420984 -0.243587
FixedParameters: 0 0 0

#Transform 18
Transform: AffineTransform_float_3_3
Parameters: 0.999998 -0.00087042 0.00147661 0.000867818 0.999998 0.00194908 -0.00147812 -0.00194779 0.999997 -0.00593489 0.00988561 -0.145225
FixedParameters: 0 0 0

#Transform 19
Transform: AffineTransform_float_3_3
Parameters: 0.999999 -0.000858273 0.00118248 0.00085714 0.999998 0.00135639 -0.00118394 -0.00135516 0.999999 0.00434666 -0.000790825 -0.0796952
FixedParameters: 0 0 0

#Transform 20
Transform: AffineTransform_float_3_3
Parameters: 1 7.64739e-05 0.000448889 -7.70725e-05 1 0.000666788 -0.000448786 -0.000666857 0.999999 -0.00287162 -0.00336493 -0.0805438
FixedParameters: 0 0 0

#Transform 21
Transform: AffineTransform_float_3_3
Parameters: 1 0.00050871 9.19307e-05 -0.000508675 1 -0.00018623 -9.21196e-05 0.000186137 1 0.00684073 0.0252724 0.0279273
FixedParameters: 0 0 0

#Transform 22
Transform: AffineTransform_float_3_3
Parameters: 1 0.000260187 -0.000244294 -0.000259854 0.999999 -0.00127625 0.000243678 0.00127627 0.999999 -0.00189008 -0.0543947 -0.000977841
FixedParameters: 0 0 0

#Transform 23
Transform: AffineTransform_float_3_3
Parameters: 1 -6.36572e-05 -0.000670213 6.36155e-05 0.999999 -0.000789347 0.00067035 0.000789512 1 -0.0121464 -0.112836 -0.0618426
FixedParameters: 0 0 0

#Transform 24
Transform: AffineTransform_float_3_3
Parameters: 1 0.000144911 -0.000403864 -0.000145442 0.999999 -0.00181659 0.000403611 0.0018166 0.999999 0.0294113 -0.0444475 0.147552
FixedParameters: 0 0 0

#Transform 25
Transform: AffineTransform_float_3_3
Parameters: 1 2.23719e-05 -0.00040309 -2.32935e-05 1 -0.00111794 0.000403266 0.00111796 1 0.0387973 -0.0408574 0.154972
FixedParameters: 0 0 0

#Transform 26
Transform: AffineTransform_float_3_3
Parameters: 0.999999 -0.000399378 -0.000661196 0.000399001 0.999999 -0.000913604 0.000661004 0.000913337 1 0.0390957 -0.0254846 0.121505
FixedParameters: 0 0 0

#Transform 27
Transform: AffineTransform_float_3_3
Parameters: 1 -0.000614781 -0.000804507 0.00061456 1 -0.000213481 0.000804491 0.000213414 0.999999 0.0302688 -0.0292231 0.122244
FixedParameters: 0 0 0

#Transform 28
Transform: AffineTransform_float_3_3
Parameters: 0.999999 -0.000449915 -0.000719309 0.000449068 0.999999 -0.000617008 0.000720078 0.000616724 1 0.0341584 0.0424984 0.195683
FixedParameters: 0 0 0

#Transform 29
Transform: AffineTransform_float_3_3
Parameters: 1 -0.000711857 -0.000978149 0.000712005 1 -8.05457e-06 0.000978097 7.94738e-06 1 0.0490549 -0.00546384 0.213151
FixedParameters: 0 0 0

#Transform 30
Transform: AffineTransform_float_3_3
Parameters: 0.999999 -0.000551122 -0.000667226 0.000550524 0.999999 -0.000448148 0.000667719 0.000447412 0.999999 0.0463344 -0.0120515 0.195191
FixedParameters: 0 0 0

#Transform 31
Transform: AffineTransform_float_3_3
Parameters: 0.999999 -0.00103068 -0.000868639 0.00102996 0.999999 -0.000505762 0.000869618 0.000505256 1 0.0632687 -0.0413314 0.117057
FixedParameters: 0 0 0

#Transform 32
Transform: AffineTransform_float_3_3
Parameters: 0.999999 -0.000999018 -0.00069978 0.00099844 0.999999 -0.00050035 0.0007005 0.000499874 0.999999 0.083223 0.00677652 0.284969
FixedParameters: 0 0 0

#Transform 33
Transform: AffineTransform_float_3_3
Parameters: 0.999999 -0.00122073 -0.000617898 0.00122023 0.999999 -0.000457778 0.000618747 0.00045683 0.999999 0.0763286 0.0220283 0.24935
FixedParameters: 0 0 0

#Transform 34
Transform: AffineTransform_float_3_3
Parameters: 0.999997 -0.00220286 -0.00108805 0.00220374 0.999997 0.00063769 0.00108577 -0.000639969 0.999999 0.0915701 -0.0216028 0.286987
FixedParameters: 0 0 0

#Transform 35
Transform: AffineTransform_float_3_3
Parameters: 0.999997 -0.00180513 -0.00167296 0.00180567 0.999998 0.000334802 0.00167153 -0.000337594 0.999999 0.102438 0.0509299 0.393258
FixedParameters: 0 0 0

#Transform 36
Transform: AffineTransform_float_3_3
Parameters: 0.999998 -0.00175277 -0.00155561 0.00175228 0.999998 6.35971e-05 0.00155521 -6.67272e-05 0.999999 0.0979209 0.0345498 0.415236
FixedParameters: 0 0 0

#Transform 37
Transform: AffineTransform_float_3_3
Parameters: 0.999998 -0.00174046 -0.00148979 0.00174016 0.999998 6.58113e-05 0.00149035 -6.86872e-05 0.999999 0.0873371 0.0195705 0.403729
FixedParameters: 0 0 0

#Transform 38
Transform: AffineTransform_float_3_3
Parameters: 0.999998 -0.00167424 -0.00151055 0.00167448 0.999999 -4.86532e-05 0.00151032 4.67279e-05 0.999999 0.10029 0.0309457 0.402686
FixedParameters: 0 0 0

#Transform 39
Transform: AffineTransform_float_3_3
Parameters: 0.999998 -0.00171938 -0.00151643 0.00171926 0.999999 -0.00016872 0.00151661 0.000166638 0.999999 0.113738 0.0428881 0.426089
FixedParameters: 0 0 0

#Transform 40
Transform: AffineTransform_float_3_3
Parameters: 0.999998 -0.00181336 -0.00146624 0.00181272 0.999998 -0.000352166 0.00146712 0.000349981 0.999999 0.115296 0.0407275 0.453307
FixedParameters: 0 0 0

#Transform 41
Transform: AffineTransform_float_3_3
Parameters: 0.999996 -0.00236854 -0.00192684 0.00237003 0.999997 0.00038145 0.0019264 -0.000385508 0.999998 0.108221 0.0265725 0.410713
FixedParameters: 0 0 0

#Transform 42
Transform: AffineTransform_float_3_3
Parameters: 0.999996 -0.00228176 -0.00182163 0.00228358 0.999997 0.000526839 0.00182086 -0.000531005 0.999998 0.108526 -0.00907431 0.405897
FixedParameters: 0 0 0

#Transform 43
Transform: AffineTransform_float_3_3
Parameters: 0.999995 -0.00216393 -0.00200152 0.00216431 0.999998 0.000411642 0.0020006 -0.000416029 0.999998 0.119065 -0.0635747 0.391015
FixedParameters: 0 0 0

#Transform 44
Transform: AffineTransform_float_3_3
Parameters: 0.999996 -0.00211324 -0.00191536 0.00211413 0.999998 0.000564589 0.00191384 -0.000568409 0.999998 0.115417 0.0346302 0.449361
FixedParameters: 0 0 0

#Transform 45
Transform: AffineTransform_float_3_3
Parameters: 0.999997 -0.0022434 -0.00160195 0.00224408 0.999998 0.00031757 0.00160099 -0.00032096 0.999999 0.109512 -0.0170787 0.345639
FixedParameters: 0 0 0

#Transform 46
Transform: AffineTransform_float_3_3
Parameters: 0.999995 -0.00258359 -0.00182278 0.00258484 0.999997 0.000624329 0.0018211 -0.000628921 0.999998 0.110417 -0.01095 0.403147
FixedParameters: 0 0 0

#Transform 47
Transform: AffineTransform_float_3_3
Parameters: 0.999997 -0.00209571 -0.00182491 0.00209668 0.999998 0.000561717 0.00182437 -0.000565104 0.999998 0.110792 0.000475403 0.359245
FixedParameters: 0 0 0

#Transform 48
Transform: AffineTransform_float_3_3
Parameters: 0.999997 -0.00209372 -0.0016919 0.00209506 0.999998 0.000771985 0.00168953 -0.000774793 0.999999 0.11738 0.00172078 0.4228
FixedParameters: 0 0 0

#Transform 49
Transform: AffineTransform_float_3_3
Parameters: 0.999996 -0.00214136 -0.00174551 0.0021428 0.999998 0.000508811 0.0017438 -0.000512489 0.999998 0.111739 0.0340089 0.381018
FixedParameters: 0 0 0

#Transform 50
Transform: AffineTransform_float_3_3
Parameters: 0.999995 -0.00258686 -0.00200911 0.00258867 0.999997 0.000704032 0.00200701 -0.0007096 0.999997 0.11974 -0.022441 0.357746
FixedParameters: 0 0 0

#Transform 51
Transform: AffineTransform_float_3_3
Parameters: 0.999995 -0.00270917 -0.0018512 0.00271035 0.999996 0.000859005 0.00184828 -0.000864091 0.999998 0.115794 0.0140891 0.407378
FixedParameters: 0 0 0

#Transform 52
Transform: AffineTransform_float_3_3
Parameters: 0.999996 -0.00253305 -0.00182074 0.00253412 0.999996 0.000587201 0.00181935 -0.000592163 0.999998 0.126745 -0.0160406 0.428697
FixedParameters: 0 0 0

#Transform 53
Transform: AffineTransform_float_3_3
Parameters: 0.999996 -0.00247184 -0.00129918 0.00247225 0.999997 0.000927977 0.00129757 -0.000930753 0.999998 0.130031 0.014767 0.426005
FixedParameters: 0 0 0

#Transform 54
Transform: AffineTransform_float_3_3
Parameters: 0.999992 -0.00381021 0.000884362 0.00381007 0.999992 0.00108426 -0.000888328 -0.00108023 0.999999 0.196724 0.0192737 0.370359
FixedParameters: 0 0 0

#Transform 55
Transform: AffineTransform_float_3_3
Parameters: 0.999911 -0.0127953 0.00401334 0.0127793 0.99991 0.0039647 -0.00406303 -0.00391261 0.999984 0.328404 0.0229018 0.384539
FixedParameters: 0 0 0

#Transform 56
Transform: AffineTransform_float_3_3
Parameters: 0.999926 -0.0116737 0.00342527 0.0116663 0.99993 0.00228663 -0.00345161 -0.00224635 0.999991 0.347501 -0.0447623 0.382532
FixedParameters: 0 0 0

#Transform 57
Transform: AffineTransform_float_3_3
Parameters: 0.999926 -0.0114277 0.00395363 0.0114181 0.999932 0.00243619 -0.00398179 -0.00239113 0.999989 0.341623 0.0285614 0.423425
FixedParameters: 0 0 0

#Transform 58
Transform: AffineTransform_float_3_3
Parameters: 0.999921 -0.0120412 0.00348218 0.0120326 0.999925 0.00252415 -0.00351167 -0.00248237 0.999991 0.332586 -0.0528973 0.195208
FixedParameters: 0 0 0

#Transform 59
Transform: AffineTransform_float_3_3
Parameters: 0.999913 -0.0121593 0.00499222 0.0121512 0.999925 0.00161894 -0.00501223 -0.00155771 0.999986 0.387491 0.0154041 0.406006
FixedParameters: 0 0 0

#Transform 60
Transform: AffineTransform_float_3_3
Parameters: 0.99991 -0.0126525 0.00461273 0.0126456 0.999918 0.00161805 -0.00463281 -0.00155895 0.999988 0.406493 0.0264402 0.350437
FixedParameters: 0 0 0

#Transform 61
Transform: AffineTransform_float_3_3
Parameters: 0.99991 -0.0125121 0.00488412 0.0125033 0.99992 0.00182054 -0.00490641 -0.00175904 0.999986 0.397492 0.0159728 0.405175
FixedParameters: 0 0 0

#Transform 62
Transform: AffineTransform_float_3_3
Parameters: 0.999909 -0.0126092 0.00482739 0.0126002 0.999919 0.00184948 -0.00485097 -0.00178917 0.999987 0.383749 0.0322244 0.365681
FixedParameters: 0 0 0

#Transform 63
Transform: AffineTransform_float_3_3
Parameters: 0.999916 -0.012205 0.00447931 0.0121926 0.999922 0.00276516 -0.00451227 -0.00271021 0.999986 0.356213 -0.0117487 0.28367
FixedParameters: 0 0 0

#Transform 64
Transform: AffineTransform_float_3_3
Parameters: 0.999926 -0.011178 0.00466159 0.0111702 0.999936 0.00179132 -0.00468079 -0.00173887 0.999988 0.344474 0.0327565 0.341699
FixedParameters: 0 0 0

#Transform 65
Transform: AffineTransform_float_3_3
Parameters: 0.999931 -0.0107269 0.00476795 0.0107202 0.999942 0.00141022 -0.00478346 -0.00135902 0.999988 0.357629 -0.0256713 0.347115
FixedParameters: 0 0 0

#Transform 66
Transform: AffineTransform_float_3_3
Parameters: 0.999925 -0.0109713 0.00546062 0.010964 0.999939 0.00131047 -0.00547422 -0.00125002 0.999984 0.37834 0.0464072 0.439782
FixedParameters: 0 0 0

#Transform 67
Transform: AffineTransform_float_3_3
Parameters: 0.999921 -0.0115045 0.00506925 0.0114967 0.999932 0.00168617 -0.00508812 -0.00162749 0.999986 0.354306 0.00725138 0.366107
FixedParameters: 0 0 0

#Transform 68
Transform: AffineTransform_float_3_3
Parameters: 0.999927 -0.0112039 0.00463885 0.0111957 0.999936 0.00183615 -0.00465937 -0.00178431 0.999988 0.341439 -0.0544088 0.283126
FixedParameters: 0 0 0

#Transform 69
Transform: AffineTransform_float_3_3
Parameters: 0.999935 -0.0100668 0.00528102 0.010064 0.999949 0.000607938 -0.00528681 -0.000555584 0.999986 0.339623 -0.0043461 0.436461
FixedParameters: 0 0 0

#Transform 70
Transform: AffineTransform_float_3_3
Parameters: 0.999926 -0.0112009 0.00466176 0.0111946 0.999936 0.00144028 -0.00467727 -0.00138785 0.999988 0.331867 -0.0400801 0.339284
FixedParameters: 0 0 0

#Transform 71
Transform: AffineTransform_float_3_3
Parameters: 0.999971 -0.00686084 0.00332631 0.00685649 0.999976 0.00126233 -0.0033352 -0.00123986 0.999994 0.221644 -0.001826 0.468175
FixedParameters: 0 0 0

#Transform 72
Transform: AffineTransform_float_3_3
Parameters: 0.99997 -0.00711576 0.00322958 0.00710594 0.99997 0.00313463 -0.00325194 -0.00311179 0.999989 0.221016 -0.0207232 0.368879
FixedParameters: 0 0 0

#Transform 73
Transform: AffineTransform_float_3_3
Parameters: 0.999962 -0.00786685 0.00387036 0.0078556 0.999964 0.00288784 -0.00389297 -0.0028572 0.999988 0.236602 0.0442961 0.413966
FixedParameters: 0 0 0

#Transform 74
Transform: AffineTransform_float_3_3
Parameters: 0.999958 -0.00838149 0.00353826 0.00837095 0.999961 0.00281643 -0.00356209 -0.00278617 0.99999 0.244281 -0.0528003 0.341142
FixedParameters: 0 0 0

#Transform 75
Transform: AffineTransform_float_3_3
Parameters: 0.999954 -0.00874503 0.00390087 0.00873325 0.999958 0.00296348 -0.00392742 -0.0029297 0.999988 0.25399 0.0100613 0.438303
FixedParameters: 0 0 0

#Transform 76
Transform: AffineTransform_float_3_3
Parameters: 0.999954 -0.00890919 0.00365366 0.00890082 0.999958 0.00235927 -0.00367468 -0.00232689 0.999991 0.253888 -0.0119668 0.380124
FixedParameters: 0 0 0

#Transform 77
Transform: AffineTransform_float_3_3
Parameters: 0.999947 -0.00940085 0.00407154 0.0093898 0.999952 0.00275123 -0.00409722 -0.0027128 0.999988 0.265817 -0.0285989 0.409142
FixedParameters: 0 0 0

#Transform 78
Transform: AffineTransform_float_3_3
Parameters: 0.999948 -0.00935699 0.00418829 0.00934642 0.999953 0.00256093 -0.00421247 -0.00252195 0.999988 0.261571 0.0295247 0.328676
FixedParameters: 0 0 0

#Transform 79
Transform: AffineTransform_float_3_3
Parameters: 0.999941 -0.00991162 0.00439237 0.00989898 0.999947 0.00283833 -0.00442069 -0.00279502 0.999987 0.283211 0.00108316 0.388701
FixedParameters: 0 0 0

#Transform 80
Transform: AffineTransform_float_3_3
Parameters: 0.999939 -0.0101108 0.00441689 0.0100983 0.999945 0.00283151 -0.0044457 -0.00278575 0.999986 0.283608 0.0237604 0.401411
FixedParameters: 0 0 0

#Transform 81
Transform: AffineTransform_float_3_3
Parameters: 0.999942 -0.00991079 0.00439814 0.00990022 0.999948 0.00240643 -0.00442222 -0.00236325 0.999987 0.291526 -0.05062 0.303455
FixedParameters: 0 0 0

#Transform 82
Transform: AffineTransform_float_3_3
Parameters: 0.999939 -0.0101274 0.00442002 0.010115 0.999945 0.00282954 -0.00444791 -0.00278395 0.999986 0.309904 0.0289785 0.451736
FixedParameters: 0 0 0

#Transform 83
Transform: AffineTransform_float_3_3
Parameters: 0.999939 -0.0101323 0.00429973 0.0101217 0.999945 0.00264019 -0.00432694 -0.00259697 0.999988 0.289316 -0.0434624 0.273065
FixedParameters: 0 0 0

#Transform 84
Transform: AffineTransform_float_3_3
Parameters: 0.999938 -0.0100808 0.00469696 0.0100683 0.999946 0.00284058 -0.00472596 -0.00279245 0.999985 0.293181 0.00333602 0.389872
FixedParameters: 0 0 0

#Transform 85
Transform: AffineTransform_float_3_3
Parameters: 0.99994 -0.0100786 0.00441081 0.0100661 0.999945 0.00283494 -0.00443951 -0.0027896 0.999986 0.276126 -0.0194621 0.354173
FixedParameters: 0 0 0

#Transform 86
Transform: AffineTransform_float_3_3
Parameters: 0.999941 -0.00991649 0.00435356 0.00990168 0.999945 0.00349149 -0.00438765 -0.00344787 0.999985 0.289273 0.00245932 0.412283
FixedParameters: 0 0 0

#Transform 87
Transform: AffineTransform_float_3_3
Parameters: 0.999941 -0.00994644 0.00448155 0.00993334 0.999947 0.00285124 -0.00450956 -0.00280622 0.999986 0.276773 -0.0403504 0.334536
FixedParameters: 0 0 0

#Transform 88
Transform: AffineTransform_float_3_3
Parameters: 0.999937 -0.0101135 0.00492361 0.0100972 0.999943 0.00348826 -0.00495909 -0.00343803 0.999982 0.290256 -0.030543 0.395275
FixedParameters: 0 0 0

#Transform 89
Transform: AffineTransform_float_3_3
Parameters: 0.999937 -0.0101316 0.00484429 0.0101149 0.999943 0.00351671 -0.00487939 -0.00346724 0.999982 0.288526 -0.0545079 0.334211
FixedParameters: 0 0 0

#Transform 90
Transform: AffineTransform_float_3_3
Parameters: 0.999935 -0.0102009 0.0050115 0.0101794 0.999939 0.00438262 -0.00505652 -0.00433101 0.999978 0.305778 -0.0228805 0.451303
FixedParameters: 0 0 0

#Transform 91
Transform: AffineTransform_float_3_3
Parameters: 0.999935 -0.0100286 0.00544912 0.0100116 0.999945 0.00311117 -0.0054804 -0.00305644 0.99998 0.292293 0.00152091 0.351108
FixedParameters: 0 0 0

#Transform 92
Transform: AffineTransform_float_3_3
Parameters: 0.999931 -0.0106087 0.00502296 0.0105928 0.999938 0.00327781 -0.00505748 -0.00322358 0.999981 0.308205 -0.0814035 0.354457
FixedParameters: 0 0 0

#Transform 93
Transform: AffineTransform_float_3_3
Parameters: 0.999916 -0.0111658 0.00667387 0.0111412 0.999931 0.00365427 -0.00671459 -0.00358003 0.999971 0.329563 0.0513512 0.505699
FixedParameters: 0 0 0

#Transform 94
Transform: AffineTransform_float_3_3
Parameters: 0.999929 -0.0106646 0.00530432 0.0106487 0.999939 0.00293554 -0.00533504 -0.00287835 0.999982 0.274364 -0.0519423 0.237538
FixedParameters: 0 0 0

#Transform 95
Transform: AffineTransform_float_3_3
Parameters: 0.999931 -0.0103218 0.00561963 0.0103038 0.999942 0.0030903 -0.00565179 -0.00303272 0.99998 0.307952 -0.0311917 0.413327
FixedParameters: 0 0 0

#Transform 96
Transform: AffineTransform_float_3_3
Parameters: 0.999931 -0.0102026 0.00574839 0.0101835 0.999943 0.00342537 -0.00578364 -0.00336612 0.999978 0.292903 -0.0446091 0.333207
FixedParameters: 0 0 0

#Transform 97
Transform: AffineTransform_float_3_3
Parameters: 0.999928 -0.0107826 0.00533576 0.010761 0.999934 0.00409597 -0.00537941 -0.00403872 0.999977 0.31004 -0.0389903 0.335676
FixedParameters: 0 0 0

#Transform 98
Transform: AffineTransform_float_3_3
Parameters: 0.999922 -0.0110927 0.00584238 0.0110718 0.999933 0.00359134 -0.0058814 -0.00352621 0.999977 0.305048 0.0121734 0.406587
FixedParameters: 0 0 0

#Transform 99
Transform: AffineTransform_float_3_3
Parameters: 0.999924 -0.0111227 0.00530833 0.0111071 0.999934 0.00299 -0.00534219 -0.00293105 0.999982 0.312058 -0.040496 0.378222
FixedParameters: 0 0 0

#Transform 100
Transform: AffineTransform_float_3_3
Parameters: 0.999921 -0.011084 0.00590103 0.0110631 0.999933 0.00360966 -0.00594148 -0.00354435 0.999976 0.308002 0.0299668 0.445355
FixedParameters: 0 0 0

#Transform 101
Transform: AffineTransform_float_3_3
Parameters: 0.999921 -0.0110685 0.00590373 0.0110479 0.999933 0.00348157 -0.00594224 -0.00341628 0.999976 0.303624 -0.0162009 0.383543
FixedParameters: 0 0 0

#Transform 102
Transform: AffineTransform_float_3_3
Parameters: 0.999919 -0.0111955 0.00605675 0.011171 0.999929 0.00395543 -0.00610098 -0.00388731 0.999974 0.296463 -0.00563069 0.450507
FixedParameters: 0 0 0

#Transform 103
Transform: AffineTransform_float_3_3
Parameters: 0.99992 -0.0111134 0.0059122 0.0110928 0.999933 0.00347668 -0.00595089 -0.00341103 0.999976 0.29766 -0.0249009 0.383788
FixedParameters: 0 0 0

#Transform 104
Transform: AffineTransform_float_3_3
Parameters: 0.999918 -0.0113003 0.00593419 0.0112778 0.999929 0.00375367 -0.0059767 -0.00368671 0.999976 0.306152 -0.00376534 0.456822
FixedParameters: 0 0 0

#Transform 105
Transform: AffineTransform_float_3_3
Parameters: 0.99992 -0.011124 0.00590252 0.0111018 0.999932 0.00374432 -0.00594409 -0.00367852 0.999976 0.288467 0.0171546 0.371698
FixedParameters: 0 0 0

#Transform 106
Transform: AffineTransform_float_3_3
Parameters: 0.999918 -0.0111957 0.00608689 0.0111694 0.999929 0.0042933 -0.00613451 -0.00422474 0.999972 0.302903 -0.0227384 0.460657
FixedParameters: 0 0 0

#Transform 107
Transform: AffineTransform_float_3_3
Parameters: 0.999918 -0.0112361 0.00622277 0.0112145 0.999931 0.00356173 -0.00626191 -0.00349162 0.999974 0.294248 -0.00645886 0.40656
FixedParameters: 0 0 0

#Transform 108
Transform: AffineTransform_float_3_3
Parameters: 0.999912 -0.0117703 0.00614194 0.0117444 0.999922 0.00425493 -0.00619108 -0.00418247 0.999972 0.316114 -0.00946739 0.434944
FixedParameters: 0 0 0

#Transform 109
Transform: AffineTransform_float_3_3
Parameters: 0.999909 -0.0119672 0.00618892 0.0119446 0.999921 0.00370345 -0.00623224 -0.00362922 0.999974 0.318265 -0.0167878 0.392278
FixedParameters: 0 0 0

#Transform 110
Transform: AffineTransform_float_3_3
Parameters: 0.999909 -0.0119361 0.00635995 0.0119121 0.999922 0.00371099 -0.0064031 -0.00363458 0.999973 0.313571 -0.035774 0.420181
FixedParameters: 0 0 0

#Transform 111
Transform: AffineTransform_float_3_3
Parameters: 0.999909 -0.0118823 0.00646422 0.0118579 0.999922 0.00391556 -0.00651091 -0.00383823 0.999972 0.321092 -0.00980527 0.400838
FixedParameters: 0 0 0

#Transform 112
Transform: AffineTransform_float_3_3
Parameters: 0.999909 -0.012042 0.0060525 0.0120171 0.99992 0.00412596 -0.00610252 -0.00405269 0.999973 0.312821 0.0309212 0.33759
FixedParameters: 0 0 0

#Transform 113
Transform: AffineTransform_float_3_3
Parameters: 0.999907 -0.0120008 0.00638603 0.0119729 0.999919 0.00430346 -0.00643694 -0.00422722 0.99997 0.324092 -0.00687756 0.374573
FixedParameters: 0 0 0

#Transform 114
Transform: AffineTransform_float_3_3
Parameters: 0.999915 -0.0115031 0.00611842 0.0114796 0.999926 0.00391848 -0.00616303 -0.0038477 0.999973 0.319746 0.00175014 0.282975
FixedParameters: 0 0 0

#Transform 115
Transform: AffineTransform_float_3_3
Parameters: 0.99991 -0.0116445 0.00662004 0.0116194 0.999925 0.00385383 -0.00666388 -0.00377675 0.999971 0.333489 -0.0200954 0.412767
FixedParameters: 0 0 0

#Transform 116
Transform: AffineTransform_float_3_3
Parameters: 0.999913 -0.0114163 0.00660816 0.0113959 0.99993 0.00318189 -0.00664334 -0.00310609 0.999973 0.317716 -0.02216 0.288764
FixedParameters: 0 0 0

#Transform 117
Transform: AffineTransform_float_3_3
Parameters: 0.999912 -0.011535 0.00643803 0.0115126 0.999928 0.00346899 -0.00647779 -0.0033944 0.999973 0.326834 -0.0791836 0.290236
FixedParameters: 0 0 0

#Transform 118
Transform: AffineTransform_float_3_3
Parameters: 0.99991 -0.011613 0.00674473 0.0115948 0.999929 0.00272223 -0.00677607 -0.00264427 0.999973 0.333328 0.0265644 0.340433
FixedParameters: 0 0 0

#Transform 119
Transform: AffineTransform_float_3_3
Parameters: 0.99991 -0.0115049 0.00682652 0.011492 0.999932 0.00196968 -0.00684851 -0.00189057 0.999975 0.341955 -0.0677303 0.333505
FixedParameters: 0 0 0

#Transform 120
Transform: AffineTransform_float_3_3
Parameters: 0.999905 -0.0114338 0.00772616 0.0114209 0.999933 0.00162643 -0.00774504 -0.0015381 0.999969 0.359808 0.0137642 0.462243
FixedParameters: 0 0 0

#Transform 121
Transform: AffineTransform_float_3_3
Parameters: 0.999902 -0.0122059 0.00689187 0.012191 0.999923 0.00220297 -0.00691818 -0.00211887 0.999974 0.353346 -0.0621612 0.314274
FixedParameters: 0 0 0

#Transform 122
Transform: AffineTransform_float_3_3
Parameters: 0.999894 -0.012501 0.00737914 0.0124779 0.999917 0.00320019 -0.00741878 -0.00310752 0.999968 0.358108 -0.0184073 0.440201
FixedParameters: 0 0 0

#Transform 123
Transform: AffineTransform_float_3_3
Parameters: 0.999898 -0.0123297 0.00726314 0.0123097 0.999921 0.00277816 -0.00729666 -0.00268831 0.99997 0.347774 0.00714265 0.398698
FixedParameters: 0 0 0

#Transform 124
Transform: AffineTransform_float_3_3
Parameters: 0.999893 -0.0127102 0.00721152 0.0126864 0.999914 0.00336349 -0.00725405 -0.00327122 0.999969 0.36267 0.00575268 0.434694
FixedParameters: 0 0 0

#Transform 125
Transform: AffineTransform_float_3_3
Parameters: 0.999896 -0.0127318 0.0068449 0.0127123 0.999915 0.0029613 -0.00688252 -0.00287507 0.999972 0.356521 -0.033006 0.358297
FixedParameters: 0 0 0

#Transform 126
Transform: AffineTransform_float_3_3
Parameters: 0.999893 -0.0127423 0.00715408 0.0127178 0.999913 0.0035447 -0.00719878 -0.00345299 0.999968 0.338367 -0.0164989 0.348078
FixedParameters: 0 0 0

#Transform 127
Transform: AffineTransform_float_3_3
Parameters: 0.999898 -0.0122252 0.00731298 0.0121991 0.99992 0.00355006 -0.00735576 -0.00346028 0.999966 0.331052 -0.00983283 0.387492
FixedParameters: 0 0 0

#Transform 128
Transform: AffineTransform_float_3_3
Parameters: 0.999894 -0.0126666 0.00712375 0.0126433 0.999914 0.00330473 -0.0071644 -0.0032143 0.999969 0.347992 -0.0193764 0.326189
FixedParameters: 0 0 0

#Transform 129
Transform: AffineTransform_float_3_3
Parameters: 0.999893 -0.0126676 0.00733142 0.0126415 0.999914 0.0036439 -0.00737677 -0.00355002 0.999967 0.353839 -0.0550566 0.416121
FixedParameters: 0 0 0

#Transform 130
Transform: AffineTransform_float_3_3
Parameters: 0.999896 -0.0127964 0.0066749 0.0127722 0.999911 0.00369554 -0.00672149 -0.00360987 0.999971 0.35359 -0.0552558 0.330912
FixedParameters: 0 0 0

#Transform 131
Transform: AffineTransform_float_3_3
Parameters: 0.999891 -0.0127509 0.00743907 0.0127174 0.999909 0.00451755 -0.00749654 -0.00442307 0.999962 0.350877 0.0045209 0.438637
FixedParameters: 0 0 0

#Transform 132
Transform: AffineTransform_float_3_3
Parameters: 0.999898 -0.0125 0.00690966 0.0124744 0.999915 0.0037228 -0.0069551 -0.00363669 0.999969 0.339763 -0.0155594 0.32735
FixedParameters: 0 0 0

#Transform 133
Transform: AffineTransform_float_3_3
Parameters: 0.999893 -0.0126989 0.0072885 0.0126717 0.999912 0.00384088 -0.00733616 -0.00374776 0.999966 0.357761 -0.0149438 0.468747
FixedParameters: 0 0 0

#Transform 134
Transform: AffineTransform_float_3_3
Parameters: 0.999894 -0.0126886 0.00710919 0.0126642 0.999914 0.00346815 -0.00715312 -0.00337786 0.999969 0.3488 -0.0489544 0.349416
FixedParameters: 0 0 0

#Transform 135
Transform: AffineTransform_float_3_3
Parameters: 0.999892 -0.0127469 0.00737043 0.0127152 0.99991 0.00437733 -0.00742541 -0.0042827 0.999963 0.347383 -0.00244878 0.414424
FixedParameters: 0 0 0

#Transform 136
Transform: AffineTransform_float_3_3
Parameters: 0.999895 -0.0127602 0.00688963 0.0127346 0.999912 0.00372774 -0.00693677 -0.00363998 0.999969 0.343131 -0.0289112 0.331856
FixedParameters: 0 0 0

#Transform 137
Transform: AffineTransform_float_3_3
Parameters: 0.999892 -0.0127334 0.00737299 0.0127019 0.99991 0.00426618 -0.00742695 -0.00417248 0.999963 0.346276 -0.00266362 0.411836
FixedParameters: 0 0 0

#Transform 138
Transform: AffineTransform_float_3_3
Parameters: 0.999885 -0.0131499 0.00747465 0.013123 0.999907 0.00369914 -0.0075223 -0.00360042 0.999966 0.360625 -0.0114395 0.329575
FixedParameters: 0 0 0

#Transform 139
Transform: AffineTransform_float_3_3
Parameters: 0.999887 -0.013331 0.00692923 0.0133007 0.999902 0.00437281 -0.00698723 -0.00428049 0.999967 0.357722 -0.0420817 0.32802
FixedParameters: 0 0 0

#Transform 140
Transform: AffineTransform_float_3_3
Parameters: 0.999893 -0.0127647 0.00720012 0.0127353 0.999911 0.00407611 -0.00725144 -0.00398407 0.999965 0.392045 -0.0208815 0.426092
FixedParameters: 0 0 0

#Transform 141
Transform: AffineTransform_float_3_3
Parameters: 0.999898 -0.0123528 0.00718179 0.0123231 0.999915 0.00411224 -0.0072314 -0.00402315 0.999966 0.380786 -0.0346956 0.424134
FixedParameters: 0 0 0

#Transform 142
Transform: AffineTransform_float_3_3
Parameters: 0.999895 -0.012769 0.00691444 0.0127436 0.999912 0.00368608 -0.00696176 -0.00359755 0.999969 0.362496 -0.0989327 0.282152
FixedParameters: 0 0 0

#Transform 143
Transform: AffineTransform_float_3_3
Parameters: 0.999894 -0.0125463 0.00738595 0.0125228 0.999916 0.00323055 -0.00742589 -0.00313741 0.999967 0.381756 -0.00110164 0.458788
FixedParameters: 0 0 0

#Transform 144
Transform: AffineTransform_float_3_3
Parameters: 0.999894 -0.0126249 0.00727117 0.0126028 0.999916 0.00302899 -0.00730836 -0.0029368 0.999969 0.369837 -0.0193234 0.354661
FixedParameters: 0 0 0

#Transform 145
Transform: AffineTransform_float_3_3
Parameters: 0.999891 -0.0125929 0.00764635 0.0125679 0.999916 0.00335347 -0.00768787 -0.00325704 0.999965 0.390086 0.0206367 0.464189
FixedParameters: 0 0 0

#Transform 146
Transform: AffineTransform_float_3_3
Parameters: 0.999894 -0.0127031 0.00707883 0.012679 0.999914 0.00338718 -0.00712185 -0.00329677 0.999969 0.380877 -0.0381466 0.354543
FixedParameters: 0 0 0

#Transform 147
Transform: AffineTransform_float_3_3
Parameters: 0.999892 -0.0126793 0.00738986 0.0126522 0.999913 0.00367835 -0.00743533 -0.00358469 0.999966 0.375195 -0.0199893 0.369474
FixedParameters: 0 0 0

#Transform 148
Transform: AffineTransform_float_3_3
Parameters: 0.999893 -0.0127383 0.00711491 0.0127115 0.999912 0.00374268 -0.00716227 -0.00365202 0.999967 0.393646 -0.0231792 0.350142
FixedParameters: 0 0 0

#Transform 149
Transform: AffineTransform_float_3_3
Parameters: 0.999891 -0.0133423 0.00644549 0.0133189 0.999905 0.00363054 -0.00649365 -0.0035445 0.999973 0.382632 0.00439483 0.266152
FixedParameters: 0 0 0

#Transform 150
Transform: AffineTransform_float_3_3
Parameters: 0.999886 -0.0134393 0.00691122 0.0134152 0.999904 0.00344597 -0.00695648 -0.00335315 0.999971 0.409997 -0.00171332 0.422503
FixedParameters: 0 0 0

#Transform 151
Transform: AffineTransform_float_3_3
Parameters: 0.999888 -0.0133036 0.00683331 0.0132775 0.999903 0.00391729 -0.00688491 -0.00382674 0.999969 0.399243 -0.031271 0.334344
FixedParameters: 0 0 0

#Transform 152
Transform: AffineTransform_float_3_3
Parameters: 0.999883 -0.0136873 0.00695149 0.0136633 0.9999 0.00359149 -0.00699973 -0.00349675 0.999969 0.424986 -0.000965473 0.458114
FixedParameters: 0 0 0

#Transform 153
Transform: AffineTransform_float_3_3
Parameters: 0.999888 -0.0132734 0.00686474 0.0132486 0.999905 0.00371184 -0.0069136 -0.00361983 0.99997 0.43427 -0.0501781 0.381626
FixedParameters: 0 0 0

#Transform 154
Transform: AffineTransform_float_3_3
Parameters: 0.999888 -0.0133195 0.00679032 0.0132933 0.999904 0.0039848 -0.00684196 -0.00389463 0.999969 0.408656 -0.0251419 0.355075
FixedParameters: 0 0 0

#Transform 155
Transform: AffineTransform_float_3_3
Parameters: 0.999889 -0.013036 0.00710052 0.0130117 0.999909 0.00357247 -0.00714671 -0.00347939 0.999968 0.423328 -0.0209265 0.461037
FixedParameters: 0 0 0

#Transform 156
Transform: AffineTransform_float_3_3
Parameters: 0.99989 -0.0133446 0.00644499 0.013322 0.999904 0.00365028 -0.00649392 -0.00356339 0.999973 0.4194 -0.0126376 0.348732
FixedParameters: 0 0 0

#Transform 157
Transform: AffineTransform_float_3_3
Parameters: 0.99988 -0.014002 0.00654064 0.0139753 0.999894 0.0041648 -0.00659838 -0.00407303 0.99997 0.455012 0.0263453 0.426501
FixedParameters: 0 0 0

#Transform 158
Transform: AffineTransform_float_3_3
Parameters: 0.999887 -0.0137706 0.00598097 0.0137488 0.999898 0.00369915 -0.00603114 -0.00361619 0.999975 0.433543 -0.0577782 0.343707
FixedParameters: 0 0 0

#Transform 159
Transform: AffineTransform_float_3_3
Parameters: 0.999874 -0.0145362 0.00637333 0.0145082 0.999885 0.00437214 -0.00643692 -0.00427914 0.99997 0.434339 -0.00657921 0.423668
FixedParameters: 0 0 0

#Transform 160
Transform: AffineTransform_float_3_3
Parameters: 0.999881 -0.0140248 0.00635235 0.0139992 0.999894 0.00406 -0.00640812 -0.00397022 0.999972 0.425553 -0.0554855 0.344011
FixedParameters: 0 0 0

#Transform 161
Transform: AffineTransform_float_3_3
Parameters: 0.999884 -0.0137298 0.00649352 0.0137028 0.999898 0.00411522 -0.00654979 -0.00402618 0.99997 0.404618 0.0206963 0.379566
FixedParameters: 0 0 0

#Transform 162
Transform: AffineTransform_float_3_3
Parameters: 0.99989 -0.013521 0.00619075 0.0134954 0.999901 0.00407862 -0.00624461 -0.00399456 0.999972 0.412684 -0.0642574 0.335932
FixedParameters: 0 0 0

#Transform 163
Transform: AffineTransform_float_3_3
Parameters: 0.999888 -0.0135133 0.00637407 0.0134885 0.999902 0.00382319 -0.00642507 -0.00373704 0.999972 0.402088 0.00261455 0.359756
FixedParameters: 0 0 0

#Transform 164
Transform: AffineTransform_float_3_3
Parameters: 0.999889 -0.0134354 0.00642232 0.0134069 0.9999 0.00450362 -0.0064827 -0.00441689 0.999969 0.40753 -0.0278992 0.329434
FixedParameters: 0 0 0

#Transform 165
Transform: AffineTransform_float_3_3
Parameters: 0.999888 -0.0134635 0.00654104 0.0134312 0.999897 0.00493281 -0.00660702 -0.00484388 0.999967 0.391236 -0.0252608 0.294262
FixedParameters: 0 0 0

#Transform 166
Transform: AffineTransform_float_3_3
Parameters: 0.999882 -0.0138972 0.00648836 0.0138653 0.999892 0.00488329 -0.00655542 -0.00479256 0.999967 0.410453 -0.0159672 0.335309
FixedParameters: 0 0 0

#Transform 167
Transform: AffineTransform_float_3_3
Parameters: 0.999884 -0.0137813 0.00650664 0.0137551 0.999897 0.00403441 -0.00656228 -0.00394433 0.999971 0.402998 -0.0619427 0.295945
FixedParameters: 0 0 0

#Transform 168
Transform: AffineTransform_float_3_3
Parameters: 0.999877 -0.0142105 0.0067717 0.0141829 0.999891 0.00407608 -0.00682851 -0.00397984 0.999969 0.428153 -0.0699476 0.403822
FixedParameters: 0 0 0

#Transform 169
Transform: AffineTransform_float_3_3
Parameters: 0.999889 -0.0131984 0.00687796 0.0131688 0.999905 0.00427832 -0.00693396 -0.00418687 0.999967 0.411652 -0.0606956 0.317631
FixedParameters: 0 0 0

#Transform 170
Transform: AffineTransform_float_3_3
Parameters: 0.999881 -0.0139522 0.00652903 0.0139251 0.999894 0.00422041 -0.00658774 -0.00412833 0.99997 0.444864 -0.0711147 0.301909
FixedParameters: 0 0 0

#Transform 171
Transform: AffineTransform_float_3_3
Parameters: 0.999864 -0.0148814 0.00710386 0.0148496 0.99988 0.0044445 -0.00716901 -0.00433843 0.999965 0.483146 -0.0252762 0.408741
FixedParameters: 0 0 0

#Transform 172
Transform: AffineTransform_float_3_3
Parameters: 0.999867 -0.0148559 0.00672128 0.0148319 0.999883 0.00361734 -0.00677474 -0.00351758 0.999971 0.43613 -0.0613343 0.266249
FixedParameters: 0 0 0

#Transform 173
Transform: AffineTransform_float_3_3
Parameters: 0.999865 -0.0149878 0.00673973 0.0149636 0.999881 0.00373401 -0.00679511 -0.00363276 0.99997 0.447718 -0.0591529 0.384888
FixedParameters: 0 0 0

#Transform 174
Transform: AffineTransform_float_3_3
Parameters: 0.999875 -0.0143846 0.00666135 0.0143649 0.999892 0.00307093 -0.00670525 -0.00297463 0.999974 0.43204 -0.0413822 0.357554
FixedParameters: 0 0 0

#Transform 175
Transform: AffineTransform_float_3_3
Parameters: 0.999877 -0.0144119 0.00629994 0.0143925 0.999892 0.00313718 -0.00634378 -0.00304552 0.999976 0.427498 -0.100467 0.256645
FixedParameters: 0 0 0

#Transform 176
Transform: AffineTransform_float_3_3
Parameters: 0.99988 -0.0139645 0.00669891 0.0139422 0.999897 0.00345891 -0.00674687 -0.00336485 0.999972 0.422377 0.0631604 0.325877
FixedParameters: 0 0 0

#Transform 177
Transform: AffineTransform_float_3_3
Parameters: 0.99987 -0.014673 0.0067357 0.014656 0.999889 0.00261179 -0.00677374 -0.00251198 0.999974 0.428757 -0.0317426 0.328913
FixedParameters: 0 0 0

#Transform 178
Transform: AffineTransform_float_3_3
Parameters: 0.999824 -0.0163242 0.00919837 0.0162997 0.999863 0.00272808 -0.00924086 -0.00257781 0.999954 0.433199 -0.0447433 0.514955
FixedParameters: 0 0 0

#Transform 179
Transform: AffineTransform_float_3_3
Parameters: 0.999846 -0.0144382 0.00999842 0.0144162 0.999893 0.0022601 -0.0100305 -0.00211559 0.999947 0.356225 -0.223163 0.0795478
FixedParameters: 0 0 0

#Transform 180
Transform: AffineTransform_float_3_3
Parameters: 0.999776 -0.0177185 0.0115486 0.0177014 0.999842 0.00155313 -0.0115736 -0.00134922 0.999932 0.404702 -0.249988 -0.0194314
FixedParameters: 0 0 0

#Transform 181
Transform: AffineTransform_float_3_3
Parameters: 0.999779 -0.017745 0.0112879 0.0177228 0.999841 0.00208551 -0.0113237 -0.0018851 0.999934 0.418077 -0.0232581 -0.0256084
FixedParameters: 0 0 0

#Transform 182
Transform: AffineTransform_float_3_3
Parameters: 0.99976 -0.0184991 0.0117882 0.0184876 0.999828 0.00107291 -0.0118055 -0.000854976 0.99993 0.425102 -0.109484 0.0122875
FixedParameters: 0 0 0

#Transform 183
Transform: AffineTransform_float_3_3
Parameters: 0.999751 -0.0191642 0.0114871 0.0191704 0.999816 -0.000367902 -0.0114776 0.000587669 0.999934 0.44265 -0.0417113 0.245627
FixedParameters: 0 0 0

#Transform 184
Transform: AffineTransform_float_3_3
Parameters: 0.999851 -0.0147575 0.00893281 0.0147477 0.999891 0.00121119 -0.00894947 -0.00107917 0.999959 0.340032 -0.0276874 0.320227
FixedParameters: 0 0 0

#Transform 185
Transform: AffineTransform_float_3_3
Parameters: 0.99985 -0.0147119 0.0092084 0.0147074 0.999892 0.000554626 -0.00921489 -0.000419473 0.999957 0.39008 -0.026979 0.278025
FixedParameters: 0 0 0

#Transform 186
Transform: AffineTransform_float_3_3
Parameters: 0.999856 -0.0142013 0.00936337 0.0141891 0.999898 0.00132554 -0.00938115 -0.00119255 0.999955 0.343986 -0.0509719 0.161017
FixedParameters: 0 0 0

#Transform 187
Transform: AffineTransform_float_3_3
Parameters: 0.999847 -0.0141883 0.0102208 0.0141842 0.999899 0.000415393 -0.0102247 -0.00027032 0.999947 0.391157 -0.106216 0.290293
FixedParameters: 0 0 0

#Transform 188
Transform: AffineTransform_float_3_3
Parameters: 0.999822 -0.015355 0.0109359 0.0153671 0.999881 -0.00103661 -0.0109187 0.00120469 0.999939 0.391999 -0.0778736 0.188241
FixedParameters: 0 0 0

#Transform 189
Transform: AffineTransform_float_3_3
Parameters: 0.999838 -0.0152724 0.00952877 0.015276 0.999883 -0.000336656 -0.00952314 0.000481504 0.999955 0.400899 -0.097922 0.325766
FixedParameters: 0 0 0

#Transform 190
