#Insight Transform File V1.0
#Transform 0
Transform: AffineTransform_float_3_3
Parameters: 1 -0.000237017 -0.000334948 0.000237358 1 0.000509739 0.000334706 -0.000509897 1 0.0311963 0.0270228 -0.0403603
FixedParameters: 0 0 0

#Transform 1
Transform: AffineTransform_float_3_3
Parameters: 1 -1.93272e-05 -6.26095e-05 1.93692e-05 1 0.000335218 6.25964e-05 -0.00033522 1 0.0105503 0.0589404 -0.0418616
FixedParameters: 0 0 0

#Transform 2
Transform: AffineTransform_float_3_3
Parameters: 1 1.73975e-05 1.40531e-05 -1.74146e-05 1 0.00060959 -1.40319e-05 -0.000609589 1 0.00102994 0.0455749 0.000697668
FixedParameters: 0 0 0

#Transform 3
Transform: AffineTransform_float_3_3
Parameters: 1 4.8502e-06 3.91429e-06 -4.85154e-06 1 0.000169886 -3.91267e-06 -0.000169886 1 -6.87513e-05 0.0312761 0.02764
FixedParameters: 0 0 0

#Transform 4
Transform: AffineTransform_float_3_3
Parameters: 1 1.50598e-05 1.21627e-05 -1.50727e-05 1 0.000527645 -1.21469e-05 -0.000527645 1 -0.00109229 0.0358515 0.0671773
FixedParameters: 0 0 0

#Transform 5
Transform: AffineTransform_float_3_3
Parameters: 1 -5.90763e-06 -4.764e-06 5.90567e-06 1 -0.000206861 4.76647e-06 0.000206861 1 0.014841 0.12274 0.0247583
FixedParameters: 0 0 0

#Transform 6
Transform: AffineTransform_float_3_3
Parameters: 1 -6.73621e-06 -0.000498595 6.81211e-06 1 7.57188e-05 0.000498593 -7.57254e-05 1 0.0330118 -0.00485998 -0.0101371
FixedParameters: 0 0 0

#Transform 7
Transform: AffineTransform_float_3_3
Parameters: 1 2.81126e-05 2.27258e-05 -2.81574e-05 0.999999 0.000985336 -2.26705e-05 -0.000985336 0.999999 0.00111716 0.0201666 -0.0232057
FixedParameters: 0 0 0

#Transform 8
Transform: AffineTransform_float_3_3
Parameters: 1 8.04339e-05 -3.76078e-05 -8.04438e-05 1 -0.000131515 3.75866e-05 0.000131521 1 0.00401539 0.0929712 -0.0636569
FixedParameters: 0 0 0

#Transform 9
Transform: AffineTransform_float_3_3
Parameters: 1 0.000107613 -0.00022217 -0.000107538 1 0.000168182 0.000222205 -0.000168134 1 0.00757376 0.0196234 -0.0376267
FixedParameters: 0 0 0

#Transform 10
Transform: AffineTransform_float_3_3
Parameters: 1 0.000161816 0.000408886 -0.000162108 1 0.000357141 -0.00040877 -0.000357273 1 -0.0134547 0.0318859 -0.0378116
FixedParameters: 0 0 0

#Transform 11
Transform: AffineTransform_float_3_3
Parameters: 1 2.94259e-05 0.000111434 -2.93857e-05 1 -0.000180529 -0.000111445 0.000180522 1 -0.00175616 0.0477346 -0.0495524
FixedParameters: 0 0 0

#Transform 12
Transform: AffineTransform_float_3_3
Parameters: 1 -0.00013529 -0.000314664 0.00013552 1 0.000364309 0.000314566 -0.000364393 1 0.0126853 -0.0269386 -0.0279918
FixedParameters: 0 0 0

#Transform 13
Transform: AffineTransform_float_3_3
Parameters: 1 0.000160081 0.000395215 -0.000160529 1 0.000565647 -0.000395034 -0.000565773 1 -0.0127636 0.0162594 -0.0494086
FixedParameters: 0 0 0

#Transform 14
Transform: AffineTransform_float_3_3
Parameters: 1 -3.11906e-05 -4.6897e-05 3.11959e-05 1 5.60059e-05 4.68935e-05 -5.60087e-05 1 0.0138845 0.0458508 -0.0698864
FixedParameters: 0 0 0

#Transform 15
Transform: AffineTransform_float_3_3
Parameters: 1 -9.92853e-05 -0.000216881 9.93502e-05 1 0.000148905 0.000216851 -0.000148948 1 0.0160928 0.013398 -0.0449772
FixedParameters: 0 0 0

#Transform 16
Transform: AffineTransform_float_3_3
Parameters: 1 -2.74343e-05 -4.51131e-05 2.74537e-05 1 0.000213964 4.51013e-05 -0.000213966 1 0.00416766 0.0271184 -0.0516456
FixedParameters: 0 0 0

#Transform 17
Transform: AffineTransform_float_3_3
Parameters: 1 -5.57458e-05 -0.000101942 5.5737e-05 1 -4.4098e-05 0.000101947 4.40866e-05 1 0.0190273 0.00871493 -0.0739116
FixedParameters: 0 0 0

#Transform 18
Transform: AffineTransform_float_3_3
Parameters: 1 -3.48653e-05 -5.10909e-05 3.48607e-05 1 -4.58617e-05 5.10941e-05 4.5858e-05 1 0.00714011 0.052831 -0.0598108
FixedParameters: 0 0 0

#Transform 19
Transform: AffineTransform_float_3_3
Parameters: 1 -3.81817e-05 -5.37567e-05 3.81643e-05 1 -0.000161784 5.37691e-05 0.00016178 1 0.00546251 0.0492335 -0.0794796
FixedParameters: 0 0 0

#Transform 20
Transform: AffineTransform_float_3_3
Parameters: 1 -2.69771e-05 -4.47451e-05 2.69978e-05 1 0.000229954 4.47326e-05 -0.000229956 1 0.00205144 -0.0167668 -0.012953
FixedParameters: 0 0 0

#Transform 21
Transform: AffineTransform_float_3_3
Parameters: 1 -9.61055e-05 -2.5037e-05 9.61046e-05 1 -1.96969e-05 2.50409e-05 1.96921e-05 1 0.00611722 0.0777515 -0.0782346
FixedParameters: 0 0 0

#Transform 22
Transform: AffineTransform_float_3_3
Parameters: 1 -2.56057e-05 -4.3641e-05 2.563e-05 1 0.000277921 4.36267e-05 -0.000277923 1 0.00246262 -0.016092 -0.0267853
FixedParameters: 0 0 0

#Transform 23
Transform: AffineTransform_float_3_3
Parameters: 1 -2.52445e-05 -2.04458e-05 2.52363e-05 1 -0.000201945 2.0456e-05 0.000201944 1 0.00596872 0.109492 -0.093575
FixedParameters: 0 0 0

#Transform 24
Transform: AffineTransform_float_3_3
Parameters: 1 -0.000105346 -0.00024038 0.000105508 1 0.000334741 0.00024031 -0.000334791 1 0.0109053 0.000212803 -0.0445046
FixedParameters: 0 0 0

#Transform 25
Transform: AffineTransform_float_3_3
Parameters: 1 3.35856e-05 0.000104939 -3.36234e-05 1 0.000179743 -0.000104927 -0.00017975 1 -0.000648219 0.0602728 -0.0602512
FixedParameters: 0 0 0

#Transform 26
Transform: AffineTransform_float_3_3
Parameters: 1 -2.05581e-05 -1.85285e-05 2.05582e-05 1 2.01413e-06 1.85284e-05 -2.01488e-06 1 0.00312919 0.016492 -0.0663407
FixedParameters: 0 0 0

#Transform 27
Transform: AffineTransform_float_3_3
Parameters: 1 -1.92162e-05 -1.74475e-05 1.92179e-05 1 4.89826e-05 1.74456e-05 -4.89832e-05 1 0.00252506 0.0268446 -0.0368577
FixedParameters: 0 0 0

#Transform 28
Transform: AffineTransform_float_3_3
Parameters: 1 -1.01679e-05 -1.01528e-05 1.01753e-05 1 0.00036577 1.01453e-05 -0.00036577 1 0.0025389 0.00830292 -0.0522773
FixedParameters: 0 0 0

#Transform 29
Transform: AffineTransform_float_3_3
Parameters: 1 -6.22362e-05 7.52591e-06 6.22323e-05 1 0.000259778 -7.55822e-06 -0.000259776 1 -0.00454286 0.0236371 -0.0087621
FixedParameters: 0 0 0

#Transform 30
Transform: AffineTransform_float_3_3
Parameters: 1 4.32672e-06 -0.000104577 -4.35295e-06 1 -0.000125801 0.000104576 0.000125801 1 0.00741239 0.0814005 -0.0818233
FixedParameters: 0 0 0

#Transform 31
Transform: AffineTransform_float_3_3
Parameters: 1 -9.22618e-06 -9.39305e-06 9.23368e-06 1 0.000398748 9.38564e-06 -0.000398747 1 -0.0189489 -0.00148023 -0.0185054
FixedParameters: 0 0 0

#Transform 32
Transform: AffineTransform_float_3_3
Parameters: 1 -4.06758e-05 -7.43473e-05 4.06982e-05 1 0.00014997 7.43351e-05 -0.000149976 1 0.0062815 0.0518546 -0.0697647
FixedParameters: 0 0 0

#Transform 33
Transform: AffineTransform_float_3_3
Parameters: 1 -1.75317e-05 -1.60902e-05 1.75352e-05 1 0.000107943 1.60864e-05 -0.000107943 1 -0.0138354 0.0294792 -0.061265
FixedParameters: 0 0 0

#Transform 34
Transform: AffineTransform_float_3_3
Parameters: 1 3.83496e-05 0.000452372 -3.83731e-05 1 2.54914e-05 -0.00045237 -2.55261e-05 1 -0.0294691 0.047251 -0.0707409
FixedParameters: 0 0 0

#Transform 35
Transform: AffineTransform_float_3_3
Parameters: 1 9.92785e-05 0.0002717 -9.9294e-05 1 2.79041e-05 -0.000271694 -2.79581e-05 1 -0.0112251 0.0230062 -0.0599006
FixedParameters: 0 0 0

#Transform 36
Transform: AffineTransform_float_3_3
Parameters: 1 -1.75888e-05 -1.61362e-05 1.75923e-05 1 0.000105944 1.61325e-05 -0.000105945 1 0.000589739 0.0278743 -0.0391794
FixedParameters: 0 0 0

#Transform 37
Transform: AffineTransform_float_3_3
Parameters: 1 -3.57834e-05 -3.07794e-05 3.57507e-05 1 -0.000530629 3.08174e-05 0.000530625 1 -0.00132215 0.107656 -0.0680528
FixedParameters: 0 0 0

#Transform 38
Transform: AffineTransform_float_3_3
Parameters: 1 -2.10435e-05 -1.89195e-05 2.1043e-05 1 -1.49745e-05 1.89201e-05 1.49737e-05 1 0.00435359 -0.00171784 -0.0569337
FixedParameters: 0 0 0

#Transform 39
Transform: AffineTransform_float_3_3
Parameters: 1 6.34531e-05 0.000193901 -6.33852e-05 1 -0.000175404 -0.000193923 0.000175379 1 -0.00363711 0.0082694 -0.0619848
FixedParameters: 0 0 0

#Transform 40
Transform: AffineTransform_float_3_3
Parameters: 1 3.8478e-06 5.37069e-05 -3.81813e-06 1 -0.000276532 -5.3709e-05 0.000276531 1 0.00334328 0.0476664 -0.0882836
FixedParameters: 0 0 0

#Transform 41
Transform: AffineTransform_float_3_3
Parameters: 1 -3.73065e-05 -6.97804e-05 3.73384e-05 1 0.000227822 6.97633e-05 -0.000227827 1 0.00692537 0.010466 -0.0617041
FixedParameters: 0 0 0

#Transform 42
Transform: AffineTransform_float_3_3
Parameters: 1 -0.000133271 2.90681e-05 0.000133269 1 4.01644e-05 -2.90787e-05 -4.01566e-05 1 0.00576123 0.0390938 -0.0737726
FixedParameters: 0 0 0

#Transform 43
Transform: AffineTransform_float_3_3
Parameters: 1 -0.000100388 4.94381e-06 0.000100391 1 -0.000266427 -4.8902e-06 0.000266428 1 0.00479714 0.0107832 -0.0620493
FixedParameters: 0 0 0

#Transform 44
Transform: AffineTransform_float_3_3
Parameters: 1 5.63852e-05 0.00016722 -5.6396e-05 1 3.15533e-05 -0.000167216 -3.15721e-05 1 -0.00547086 0.0908165 -0.0678408
FixedParameters: 0 0 0

#Transform 45
Transform: AffineTransform_float_3_3
Parameters: 1 -0.000199851 5.64446e-05 0.000199847 1 4.14422e-05 -5.6461e-05 -4.14196e-05 1 0.0043955 -0.000709469 -0.0574286
FixedParameters: 0 0 0

#Transform 46
Transform: AffineTransform_float_3_3
Parameters: 1 4.61951e-05 0.000137373 -4.62341e-05 1 0.000141608 -0.00013736 -0.00014162 1 -0.0108542 -0.00489416 -0.056632
FixedParameters: 0 0 0

#Transform 47
Transform: AffineTransform_float_3_3
Parameters: 1 0.000143188 0.000232226 -0.00014303 1 -0.000339692 -0.000232323 0.000339625 1 -0.0036249 0.0948204 -0.0797405
FixedParameters: 0 0 0

#Transform 48
Transform: AffineTransform_float_3_3
Parameters: 1 -2.37278e-05 -2.10812e-05 2.37232e-05 1 -0.000108911 2.10863e-05 0.00010891 1 0.00408025 -0.00371291 -0.048974
FixedParameters: 0 0 0

#Transform 49
Transform: AffineTransform_float_3_3
Parameters: 1 0.000145352 0.000381244 -0.000145416 1 8.30759e-05 -0.00038122 -8.31867e-05 1 -0.0137121 0.0385831 -0.0755858
FixedParameters: 0 0 0

#Transform 50
Transform: AffineTransform_float_3_3
Parameters: 1 -3.47546e-05 -2.99524e-05 3.4725e-05 1 -0.000494653 2.99869e-05 0.00049465 1 0.00634108 0.0498585 -0.0849483
FixedParameters: 0 0 0

#Transform 51
Transform: AffineTransform_float_3_3
Parameters: 1 -4.92376e-06 2.62359e-05 4.93128e-06 1 -0.00014356 -2.62345e-05 0.00014356 1 -0.00101568 0.0255413 -0.0683847
FixedParameters: 0 0 0

#Transform 52
Transform: AffineTransform_float_3_3
Parameters: 1 -1.68751e-05 -1.55611e-05 1.68792e-05 1 0.000130928 1.55566e-05 -0.000130928 1 0.00498713 0.0164497 -0.0644724
FixedParameters: 0 0 0

#Transform 53
Transform: AffineTransform_float_3_3
Parameters: 1 -0.000233922 5.38259e-05 0.00023397 1 -0.000439845 -5.36198e-05 0.000439869 1 0.00613437 0.0256756 -0.0979381
FixedParameters: 0 0 0

#Transform 54
Transform: AffineTransform_float_3_3
Parameters: 1 -8.15138e-05 0.000122786 8.15707e-05 1 -0.000231645 -0.000122748 0.000231665 1 0.00177926 0.0332718 -0.0845419
FixedParameters: 0 0 0

#Transform 55
Transform: AffineTransform_float_3_3
Parameters: 1 -0.000240604 -1.9511e-06 0.000240602 1 -0.000380344 2.13436e-06 0.000380342 1 0.00800755 0.0238148 -0.0967818
FixedParameters: 0 0 0

#Transform 56
Transform: AffineTransform_float_3_3
Parameters: 1 -2.45845e-05 -2.17709e-05 2.45785e-05 1 -0.000138891 2.17778e-05 0.00013889 1 0.00517394 -0.00266745 -0.0864099
FixedParameters: 0 0 0

#Transform 57
Transform: AffineTransform_float_3_3
Parameters: 1 -2.71836e-05 -2.3863e-05 2.71727e-05 1 -0.00022983 2.38755e-05 0.000229829 1 0.00670686 0.0414847 -0.104495
FixedParameters: 0 0 0

#Transform 58
Transform: AffineTransform_float_3_3
Parameters: 1 -0.000112175 -0.000227773 0.000112045 1 -0.000285775 0.000227837 0.000285723 1 0.0135509 0.0171723 -0.0933493
FixedParameters: 0 0 0

#Transform 59
Transform: AffineTransform_float_3_3
Parameters: 1 -5.73113e-05 0.000310614 5.74582e-05 1 -0.000236654 -0.000310586 0.000236689 1 -0.00383748 0.0570284 -0.0962172
FixedParameters: 0 0 0

#Transform 60
Transform: AffineTransform_float_3_3
Parameters: 1 -0.000226159 4.13864e-05 0.000226186 1 -0.000331711 -4.12361e-05 0.000331729 1 0.00703336 0.040097 -0.103815
FixedParameters: 0 0 0

#Transform 61
Transform: AffineTransform_float_3_3
Parameters: 1 -0.000145282 0.000112279 0.000145334 1 -0.000229576 -0.000112212 0.000229608 1 0.00280973 0.0251113 -0.0825838
FixedParameters: 0 0 0

#Transform 62
Transform: AffineTransform_float_3_3
Parameters: 1 -0.000383835 0.000210442 0.00038393 1 -0.000224959 -0.000210269 0.00022512 1 -0.00672735 0.0419246 -0.0913368
FixedParameters: 0 0 0

#Transform 63
Transform: AffineTransform_float_3_3
Parameters: 1 -0.000361015 2.29994e-05 0.000361033 1 -0.000370466 -2.27315e-05 0.000370482 1 -0.0105933 -0.00668533 -0.0845069
FixedParameters: 0 0 0

#Transform 64
Transform: AffineTransform_float_3_3
Parameters: 1 -0.000251194 -1.92284e-05 0.000251186 1 -0.000223544 1.93409e-05 0.000223534 1 -0.00306775 0.00774156 -0.0763495
FixedParameters: 0 0 0

#Transform 65
Transform: AffineTransform_float_3_3
Parameters: 1 -0.000174263 0.000128314 0.000174291 1 -0.000110032 -0.000128275 0.000110077 1 -0.0130003 0.0844623 -0.12287
FixedParameters: 0 0 0

#Transform 66
Transform: AffineTransform_float_3_3
Parameters: 1 -0.000414298 -9.2618e-05 0.000414258 1 -0.000217229 9.27982e-05 0.000217152 1 0.00736332 0.0144673 -0.0653282
FixedParameters: 0 0 0

#Transform 67
Transform: AffineTransform_float_3_3
Parameters: 1 -0.000305635 0.00016748 0.000305679 1 -0.00013117 -0.000167399 0.000131272 1 -0.0144125 0.0537982 -0.0834413
FixedParameters: 0 0 0

#Transform 68
Transform: AffineTransform_float_3_3
Parameters: 1 -0.000453797 -0.000188768 0.000453717 1 -0.000213934 0.000188962 0.000213762 1 0.0036311 -0.0188516 -0.0784228
FixedParameters: 0 0 0

#Transform 69
Transform: AffineTransform_float_3_3
Parameters: 1 -0.000361357 2.66667e-05 0.000360978 1 -1.63148e-05 -2.75782e-05 1.63448e-05 1 -0.00242547 0.0201254 -0.0955871
FixedParameters: 0 0 0

#Transform 70
Transform: AffineTransform_float_3_3
Parameters: 1 -0.000338716 9.1361e-05 0.000338757 1 -0.000223555 -9.12092e-05 0.000223617 1 -0.00564934 0.0313418 -0.0883145
FixedParameters: 0 0 0

#Transform 71
Transform: AffineTransform_float_3_3
Parameters: 0.999999 -0.000573971 -0.000484827 0.000573845 1 -0.000130827 0.000484977 0.00013027 1 0.00903503 -0.00706649 -0.0817786
FixedParameters: 0 0 0

#Transform 72
Transform: AffineTransform_float_3_3
Parameters: 1 -0.000395891 -6.80771e-05 0.000395921 1 0.000212979 6.79086e-05 -0.000213032 1 -0.00563408 0.023482 -0.0909432
FixedParameters: 0 0 0

#Transform 73
Transform: AffineTransform_float_3_3
Parameters: 1 1.43937e-05 0.000223772 -1.42454e-05 1 -0.000331787 -0.000223781 0.00033178 1 -0.0217341 0.046817 -0.0544162
FixedParameters: 0 0 0

#Transform 74
Transform: AffineTransform_float_3_3
Parameters: 1 -0.000375894 -0.00016896 0.000375662 0.999999 -0.000687908 0.000169477 0.00068778 0.999999 -0.00123789 -0.000302823 -0.0324367
FixedParameters: 0 0 0

#Transform 75
Transform: AffineTransform_float_3_3
Parameters: 1 -0.000251967 0.000305361 0.000252146 1 -0.000292956 -0.000305213 0.000293109 1 -0.0209335 0.0428199 -0.0568867
FixedParameters: 0 0 0

#Transform 76
Transform: AffineTransform_float_3_3
Parameters: 1 -0.000359935 5.95446e-05 0.000360012 0.999999 -0.000647508 -5.9078e-05 0.000647549 1 -8.32094e-05 0.0631193 -0.0842126
FixedParameters: 0 0 0

#Transform 77
Transform: AffineTransform_float_3_3
Parameters: 1 -0.00041126 -8.52218e-05 0.000411223 1 -0.000217483 8.54009e-05 0.000217412 1 0.0120959 0.0269871 -0.0685431
FixedParameters: 0 0 0

#Transform 78
Transform: AffineTransform_float_3_3
Parameters: 1 -0.000257813 0.000288282 0.000257946 1 -0.000230357 -0.000288163 0.000230506 1 -0.00129735 0.0655329 -0.12447
FixedParameters: 0 0 0

#Transform 79
Transform: AffineTransform_float_3_3
Parameters: 1 -0.000415531 -8.67195e-05 0.00041546 1 -0.000406453 8.70575e-05 0.00040638 1 0.0198361 0.0231868 -0.104891
FixedParameters: 0 0 0

#Transform 80
Transform: AffineTransform_float_3_3
Parameters: 1 -0.000243657 0.000118754 0.000243364 1 -0.000367007 -0.000119498 0.000367075 1 0.00282398 0.0400939 -0.113361
FixedParameters: 0 0 0

#Transform 81
Transform: AffineTransform_float_3_3
Parameters: 1 -0.000417337 -9.06432e-05 0.000417262 1 -0.00041632 9.09909e-05 0.000416243 1 0.0147735 0.0310042 -0.128045
FixedParameters: 0 0 0

#Transform 82
Transform: AffineTransform_float_3_3
Parameters: 1 -0.000417059 -9.10475e-05 0.000416607 1 -0.000393314 9.04521e-05 0.000393248 1 0.0143069 0.0255499 -0.115416
FixedParameters: 0 0 0

#Transform 83
Transform: AffineTransform_float_3_3
Parameters: 1 -0.000368219 4.73848e-05 0.000367913 1 -0.000817263 -4.76697e-05 0.000818018 0.999999 0.00821426 0.0756492 -0.133804
FixedParameters: 0 0 0

#Transform 84
Transform: AffineTransform_float_3_3
Parameters: 1 -0.000416728 -0.000242187 0.000416453 1 -0.000569016 0.000242661 0.000568813 1 0.0183437 -0.00434296 -0.112824
FixedParameters: 0 0 0

#Transform 85
Transform: AffineTransform_float_3_3
Parameters: 1 -0.000427232 -0.000118441 0.000427153 1 -0.000336357 0.000118729 0.000336255 1 0.0136215 0.051495 -0.119493
FixedParameters: 0 0 0

#Transform 86
Transform: AffineTransform_float_3_3
Parameters: 1 -0.000396531 -4.04971e-05 0.000396499 1 -0.00040804 4.0821e-05 0.000408007 1 0.0126367 0.0235527 -0.125434
FixedParameters: 0 0 0

#Transform 87
Transform: AffineTransform_float_3_3
Parameters: 1 -0.000375633 1.0348e-05 0.000375261 1 -0.000409799 -1.09635e-05 0.000409817 1 0.00781388 0.032605 -0.117537
FixedParameters: 0 0 0

#Transform 88
Transform: AffineTransform_float_3_3
Parameters: 1 -0.000180438 6.36621e-05 0.000180152 0.999999 -0.000739809 -6.43187e-05 0.000739842 0.999999 0.00726326 0.078307 -0.12829
FixedParameters: 0 0 0

#Transform 89
Transform: AffineTransform_float_3_3
Parameters: 1 -0.000388552 -2.10837e-05 0.000388535 1 -0.000408707 2.14016e-05 0.00040869 1 0.0114195 0.0108567 -0.120296
FixedParameters: 0 0 0

#Transform 90
Transform: AffineTransform_float_3_3
Parameters: 1 -0.000353805 7.37496e-05 0.000353898 0.999999 -0.000632995 -7.33012e-05 0.000633046 1 0.00911352 0.0715031 -0.125431
FixedParameters: 0 0 0

#Transform 91
Transform: AffineTransform_float_3_3
Parameters: 1 -0.000402197 -4.74729e-05 0.000402145 1 -0.000552817 4.79178e-05 0.000552778 1 0.0126227 0.0209966 -0.124218
FixedParameters: 0 0 0

#Transform 92
Transform: AffineTransform_float_3_3
Parameters: 1 -0.000399571 -4.78927e-05 0.000399533 1 -0.000407786 4.82188e-05 0.000407747 1 0.00828341 0.0162565 -0.122479
FixedParameters: 0 0 0

#Transform 93
Transform: AffineTransform_float_3_3
Parameters: 1 -0.000393644 -2.76079e-05 0.000393234 1 -0.000533508 2.71045e-05 0.000533496 1 0.00716685 0.0694724 -0.125073
FixedParameters: 0 0 0

#Transform 94
Transform: AffineTransform_float_3_3
Parameters: 1 -0.000488989 -0.000247044 0.000489523 0.999999 -0.000787981 0.000247436 0.000787773 0.999999 0.0156993 0.0193046 -0.103477
FixedParameters: 0 0 0

#Transform 95
Transform: AffineTransform_float_3_3
Parameters: 1 -0.000279717 -2.57402e-06 0.000279713 0.999999 -0.000770473 3.00536e-06 0.00077047 0.999999 -0.00509026 0.0862584 -0.137591
FixedParameters: 0 0 0

#Transform 96
Transform: AffineTransform_float_3_3
Parameters: 1 -0.000502049 -0.000297404 0.000501814 1 -0.000395242 0.000297801 0.000394942 1 0.0218183 0.011758 -0.119163
FixedParameters: 0 0 0

#Transform 97
Transform: AffineTransform_float_3_3
Parameters: 1 -0.000422009 -8.55837e-05 0.000421878 0.999999 -0.000765533 8.62301e-05 0.00076546 0.999999 0.0139855 0.0651274 -0.112142
FixedParameters: 0 0 0

#Transform 98
Transform: AffineTransform_float_3_3
Parameters: 1 -0.000336878 -1.37153e-05 0.000336506 0.999999 -0.001368 1.36563e-05 0.001368 0.999999 0.0165054 0.0967184 -0.0504815
FixedParameters: 0 0 0

#Transform 99
Transform: AffineTransform_float_3_3
Parameters: 1 7.76716e-05 -0.000298756 -7.82581e-05 0.999999 -0.000981986 0.000298603 0.000982031 0.999999 0.0382489 0.077586 -0.0542264
FixedParameters: 0 0 0

#Transform 100
Transform: AffineTransform_float_3_3
Parameters: 1 -0.000592208 -0.000229463 0.000592199 0.999999 -0.00129294 0.000229673 0.00129343 0.999999 0.0267361 0.0798224 -0.0547952
FixedParameters: 0 0 0

#Transform 101
Transform: AffineTransform_float_3_3
Parameters: 1 -0.000324426 -1.74461e-05 0.00032404 0.999999 -0.00148435 1.74285e-05 0.00148434 0.999999 0.0302329 0.103312 -0.0439058
FixedParameters: 0 0 0

#Transform 102
Transform: AffineTransform_float_3_3
Parameters: 1 -0.00036922 -0.000129474 0.000369824 0.999999 -0.00140845 0.00013008 0.00140838 0.999999 0.037959 0.0632907 -0.0862319
FixedParameters: 0 0 0

#Transform 103
Transform: AffineTransform_float_3_3
Parameters: 1 -0.000356935 -0.000119776 0.000356759 1 -0.000981106 0.000120452 0.000980317 0.999999 0.0341768 0.0494619 -0.0622443
FixedParameters: 0 0 0

#Transform 104
Transform: AffineTransform_float_3_3
Parameters: 1 -0.000512066 -0.00048606 0.000511498 1 -0.00118638 0.000485952 0.00118664 0.999999 0.0354504 0.0835139 -0.0932299
FixedParameters: 0 0 0

#Transform 105
Transform: AffineTransform_float_3_3
Parameters: 1 -0.000363739 -0.000125156 0.00036348 0.999999 -0.0012176 0.000125984 0.00121751 1 0.0210273 0.096533 -0.0626324
FixedParameters: 0 0 0

#Transform 106
Transform: AffineTransform_float_3_3
Parameters: 1 -0.000384141 -0.000173684 0.000384681 0.999999 -0.00123691 0.0001742 0.00123681 0.999999 0.0240686 0.100168 -0.101506
FixedParameters: 0 0 0

#Transform 107
Transform: AffineTransform_float_3_3
Parameters: 1 -0.000355273 -0.000118428 0.000355054 0.999999 -0.000921793 0.000119083 0.000921708 0.999999 0.0267704 0.0590501 -0.0850122
FixedParameters: 0 0 0

#Transform 108
Transform: AffineTransform_float_3_3
Parameters: 1 -0.000513227 -0.000486959 0.000512998 1 -0.00122634 0.000487819 0.00122659 0.999999 0.0533813 0.0963897 -0.115564
FixedParameters: 0 0 0

#Transform 109
Transform: AffineTransform_float_3_3
Parameters: 1 -0.000600963 -2.79837e-05 0.000600555 0.999999 -0.00123419 2.85234e-05 0.00123488 0.999999 0.0319268 0.0923197 -0.0769985
FixedParameters: 0 0 0

#Transform 110
Transform: AffineTransform_float_3_3
Parameters: 0.999999 -0.000681827 -0.000376508 0.000681746 0.999999 -0.00138818 0.000378002 0.00138841 0.999999 0.0446437 0.0996817 -0.117136
FixedParameters: 0 0 0

#Transform 111
Transform: AffineTransform_float_3_3
Parameters: 1 -0.000358347 -0.000120902 0.000358144 1 -0.00102972 0.000121583 0.00102964 1 0.0291379 0.0615617 -0.07621
FixedParameters: 0 0 0

#Transform 112
Transform: AffineTransform_float_3_3
Parameters: 1 -0.000522365 -0.000509139 0.000522081 1 -0.00122559 0.00051002 0.0012258 0.999999 0.0519934 0.0679501 -0.12395
FixedParameters: 0 0 0

#Transform 113
Transform: AffineTransform_float_3_3
Parameters: 1 -0.000350972 -0.000115032 0.000350795 0.999999 -0.000771893 0.000115574 0.000771811 0.999999 0.0319 0.0770684 -0.12058
FixedParameters: 0 0 0

#Transform 114
Transform: AffineTransform_float_3_3
Parameters: 1 -0.000486017 -0.000444447 0.000486287 0.999999 -0.000735586 0.000444784 0.000735187 0.999999 0.0587097 0.0328891 -0.116229
FixedParameters: 0 0 0

#Transform 115
Transform: AffineTransform_float_3_3
Parameters: 1 -0.000364342 -0.000125631 0.000364076 0.999999 -0.00123858 0.000126476 0.00123849 0.999999 0.041328 0.075727 -0.102806
FixedParameters: 0 0 0

#Transform 116
Transform: AffineTransform_float_3_3
Parameters: 0.999999 -0.000561198 -0.000603401 0.000560688 1 -0.00122238 0.000604374 0.00122245 0.999999 0.0607538 0.0786768 -0.13958
FixedParameters: 0 0 0

#Transform 117
Transform: AffineTransform_float_3_3
Parameters: 1 -0.00045942 -0.000373493 0.000459681 0.999999 -0.000869673 0.000373882 0.000870066 1 0.0515994 0.0779293 -0.135046
FixedParameters: 0 0 0

#Transform 118
Transform: AffineTransform_float_3_3
Parameters: 1 -0.000600063 -0.00020888 0.000600558 0.999999 -0.00113392 0.000209806 0.00113371 1 0.0476938 0.0723131 -0.124934
FixedParameters: 0 0 0

#Transform 119
Transform: AffineTransform_float_3_3
Parameters: 1 -0.000444327 -0.000342253 0.000444732 0.999999 -0.000757077 0.000342548 0.000756807 0.999999 0.0503526 0.0618815 -0.107966
FixedParameters: 0 0 0

#Transform 120
Transform: AffineTransform_float_3_3
Parameters: 1 -0.000364342 -0.000125631 0.000364076 0.999999 -0.00123858 0.000126476 0.00123849 0.999999 0.0399334 0.0977173 -0.118046
FixedParameters: 0 0 0

#Transform 121
Transform: AffineTransform_float_3_3
Parameters: 1 -0.000499403 -0.000495122 0.000499051 1 -0.00035684 0.000495478 0.000356345 1 0.0496201 0.0159841 -0.0862527
FixedParameters: 0 0 0

#Transform 122
Transform: AffineTransform_float_3_3
Parameters: 1 -0.000431801 -0.000304247 0.000432167 0.999999 -0.000917395 0.000304661 0.000917166 0.999999 0.0323015 0.0872444 -0.118955
FixedParameters: 0 0 0

#Transform 123
Transform: AffineTransform_float_3_3
Parameters: 0.999999 -0.000532537 -0.000540962 0.000532341 1 -0.00107734 0.000541674 0.0010768 1 0.05115 0.00346014 -0.0910521
FixedParameters: 0 0 0

#Transform 124
Transform: AffineTransform_float_3_3
Parameters: 1 -0.000449172 -0.000354172 0.000449558 1 -0.000752813 0.000354507 0.000753239 0.999999 0.0338626 0.0739013 -0.11326
FixedParameters: 0 0 0

#Transform 125
Transform: AffineTransform_float_3_3
Parameters: 0.999999 -0.000779243 -0.00039454 0.000779498 1 -0.000905567 0.000395516 0.000904986 1 0.0517077 0.0518321 -0.134767
FixedParameters: 0 0 0

#Transform 126
Transform: AffineTransform_float_3_3
Parameters: 1 -0.000471725 -0.000401323 0.000471961 1 -0.00091408 0.00040175 0.000913736 1 0.0455863 0.0598196 -0.115497
FixedParameters: 0 0 0

#Transform 127
Transform: AffineTransform_float_3_3
Parameters: 1 -0.000486799 -0.000425585 0.000486388 1 -0.00117044 0.000425402 0.00117078 0.999999 0.043328 0.0807318 -0.134881
FixedParameters: 0 0 0

#Transform 128
Transform: AffineTransform_float_3_3
Parameters: 0.999999 -0.000544251 -0.000597275 0.000544582 0.999999 -0.000497356 0.000597438 0.00049674 0.999999 0.0518278 0.0360138 -0.104911
FixedParameters: 0 0 0

#Transform 129
Transform: AffineTransform_float_3_3
Parameters: 0.999999 -0.000678108 -0.000282719 0.0006772 0.999999 -0.0009106 0.000282997 0.000910929 1 0.0354512 0.0982676 -0.131657
FixedParameters: 0 0 0

#Transform 130
Transform: AffineTransform_float_3_3
Parameters: 1 -0.000440884 -0.000323303 0.000441219 1 -0.000981753 0.000323733 0.000981503 1 0.0318693 0.047989 -0.111211
FixedParameters: 0 0 0

#Transform 131
Transform: AffineTransform_float_3_3
Parameters: 1 -0.000475149 -0.000409641 0.00047537 1 -0.000913796 0.000410074 0.000913442 1 0.0474431 0.116267 -0.127186
FixedParameters: 0 0 0

#Transform 132
Transform: AffineTransform_float_3_3
Parameters: 0.999999 -0.000588133 -0.000702527 0.000587833 1 -0.000904046 0.000703154 0.000903255 1 0.0624977 0.0509666 -0.110285
FixedParameters: 0 0 0

#Transform 133
Transform: AffineTransform_float_3_3
Parameters: 0.999999 -0.000685063 -0.000310122 0.000685409 0.999999 -0.000909754 0.000310958 0.000910066 1 0.0473266 0.0681319 -0.0940029
FixedParameters: 0 0 0

#Transform 134
Transform: AffineTransform_float_3_3
Parameters: 0.999999 -0.000915847 -0.000322867 0.000914872 0.999999 -0.000992397 0.000323704 0.000991815 1 0.059016 0.0628576 -0.116039
FixedParameters: 0 0 0

#Transform 135
Transform: AffineTransform_float_3_3
Parameters: 0.999999 -0.000881853 -0.000255006 0.000881123 0.999999 -0.000685654 0.000255292 0.000685214 0.999999 0.0493165 0.0648916 -0.0831333
FixedParameters: 0 0 0

#Transform 136
Transform: AffineTransform_float_3_3
Parameters: 1 -0.00104895 -0.000631555 0.00104788 0.999999 -0.00127817 0.000632969 0.0012776 0.999999 0.0494512 0.0391911 -0.105193
FixedParameters: 0 0 0

#Transform 137
Transform: AffineTransform_float_3_3
Parameters: 0.999999 -0.000528118 -0.000506725 0.000527182 0.999999 -0.000909796 0.000507653 0.000909963 1 0.0382971 0.0528762 -0.079175
FixedParameters: 0 0 0

#Transform 138
Transform: AffineTransform_float_3_3
Parameters: 0.999999 -0.000283082 -0.00102409 0.000280802 0.999998 -0.00205366 0.00102434 0.00205386 0.999998 0.0483547 0.193314 0.112429
FixedParameters: 0 0 0

#Transform 139
Transform: AffineTransform_float_3_3
Parameters: 1 -0.000564091 -0.001053 0.000562533 0.999999 -0.00117904 0.00105395 0.00117789 0.999998 0.0799306 0.0618004 0.154667
FixedParameters: 0 0 0

#Transform 140
Transform: AffineTransform_float_3_3
Parameters: 0.999999 -0.000870559 -0.00133027 0.000868298 0.999999 -0.00105005 0.00133076 0.00104848 0.999999 0.0831246 0.0684205 0.0831634
FixedParameters: 0 0 0

#Transform 141
Transform: AffineTransform_float_3_3
Parameters: 1 -0.000437737 -0.00107833 0.000437723 0.999999 -0.000409921 0.00107829 0.000409003 1 0.0720142 0.0246603 -0.0225506
FixedParameters: 0 0 0

#Transform 142
Transform: AffineTransform_float_3_3
Parameters: 1 -0.000719378 -0.000975978 0.000718682 0.999999 -0.000799877 0.000976774 0.000799209 0.999999 0.0757499 0.0853412 0.0448597
FixedParameters: 0 0 0

#Transform 143
Transform: AffineTransform_float_3_3
Parameters: 1 -0.00072115 -0.000977315 0.000720335 0.999999 -0.00085984 0.0009782 0.000859166 0.999999 0.0809768 0.0403209 -0.0387328
FixedParameters: 0 0 0

#Transform 144
Transform: AffineTransform_float_3_3
Parameters: 0.999999 -0.000798583 -0.00113634 0.000796762 0.999999 -0.0014387 0.00113695 0.00143838 0.999998 0.0956322 0.118724 -0.00398928
FixedParameters: 0 0 0

#Transform 145
Transform: AffineTransform_float_3_3
Parameters: 0.999998 -0.000877694 -0.00135417 0.000876114 1 -0.000918372 0.0013554 0.000917443 0.999999 0.103956 0.0138136 -0.047188
FixedParameters: 0 0 0

#Transform 146
Transform: AffineTransform_float_3_3
Parameters: 1 -0.000529662 -0.00105494 0.000528175 0.999998 -0.00157384 0.00105582 0.0015735 0.999998 0.0811697 0.104302 -0.0168758
FixedParameters: 0 0 0

#Transform 147
Transform: AffineTransform_float_3_3
Parameters: 0.999999 -0.000516653 -0.00126749 0.000514763 0.999998 -0.00161845 0.00126929 0.0016179 0.999998 0.0973198 0.0605303 -0.062605
FixedParameters: 0 0 0

#Transform 148
Transform: AffineTransform_float_3_3
Parameters: 0.999999 -0.000541528 -0.00117755 0.000540257 0.999999 -0.00131859 0.00117818 0.00131809 0.999999 0.0925138 0.0165867 -0.0434921
FixedParameters: 0 0 0

#Transform 149
Transform: AffineTransform_float_3_3
Parameters: 0.999999 -0.000783264 -0.00124653 0.000781285 0.999999 -0.00137563 0.001247 0.00137517 0.999998 0.0849572 0.0963485 -0.0251093
FixedParameters: 0 0 0

#Transform 150
Transform: AffineTransform_float_3_3
Parameters: 0.999999 -0.000793223 -0.001261 0.000791644 0.999998 -0.001569 0.0012614 0.00156782 0.999998 0.0987228 0.0570258 -0.0370702
FixedParameters: 0 0 0

#Transform 151
Transform: AffineTransform_float_3_3
Parameters: 0.999999 -0.000643518 -0.000886545 0.000641854 0.999998 -0.001818 0.000887087 0.00181694 0.999998 0.0682602 0.104806 -0.0134914
FixedParameters: 0 0 0

#Transform 152
Transform: AffineTransform_float_3_3
Parameters: 0.999999 -0.000789955 -0.00125729 0.000788599 0.999998 -0.00148511 0.00125754 0.00148395 0.999998 0.0991787 0.0613442 -0.0388526
FixedParameters: 0 0 0

#Transform 153
Transform: AffineTransform_float_3_3
Parameters: 0.999999 -0.000625342 -0.000872709 0.00062514 0.999999 -0.00120038 0.000873396 0.00119936 0.999999 0.0853751 0.0952296 -0.0502855
FixedParameters: 0 0 0

#Transform 154
Transform: AffineTransform_float_3_3
Parameters: 0.999999 -0.000792125 -0.00127747 0.000790924 0.999999 -0.00118656 0.0012786 0.00118602 0.999998 0.102406 0.0200016 -0.0350177
FixedParameters: 0 0 0

#Transform 155
Transform: AffineTransform_float_3_3
Parameters: 0.999999 -0.000636066 -0.000880861 0.000634811 0.999998 -0.00156381 0.000881078 0.00156347 0.999999 0.0843103 0.127192 0.00298053
FixedParameters: 0 0 0

#Transform 156
Transform: AffineTransform_float_3_3
Parameters: 0.999999 -0.000390192 -0.00144015 0.000387168 0.999997 -0.00215435 0.00144153 0.00215402 0.999996 0.0981326 0.0662742 -0.0134766
FixedParameters: 0 0 0

#Transform 157
Transform: AffineTransform_float_3_3
Parameters: 0.999999 -0.000788183 -0.00125149 0.000786769 0.999998 -0.00151531 0.00125178 0.00151416 0.999998 0.0762283 0.0526879 0.0232484
FixedParameters: 0 0 0

#Transform 158
Transform: AffineTransform_float_3_3
Parameters: 0.999999 -0.000611655 -0.00117999 0.000610354 1 -0.000943731 0.00118076 0.000942322 0.999999 0.08986 0.0467091 -0.0256495
FixedParameters: 0 0 0

#Transform 159
Transform: AffineTransform_float_3_3
Parameters: 0.999999 -0.00081261 -0.00136518 0.000812302 0.999999 -0.000430416 0.00136553 0.000428934 0.999999 0.0809856 0.0269827 0.0192077
FixedParameters: 0 0 0

#Transform 160
Transform: AffineTransform_float_3_3
Parameters: 0.999998 -0.000870923 -0.00146751 0.000868839 0.999999 -0.00120609 0.00146789 0.00120432 0.999998 0.0873556 0.0931397 -0.0358737
FixedParameters: 0 0 0

#Transform 161
Transform: AffineTransform_float_3_3
Parameters: 0.999999 -0.000762467 -0.00123676 0.000761942 0.999999 -0.000562727 0.00123726 0.000561577 0.999999 0.0772649 0.0194859 -0.0306431
FixedParameters: 0 0 0

#Transform 162
Transform: AffineTransform_float_3_3
Parameters: 0.999999 -0.000801287 -0.00129071 0.000799596 0.999999 -0.001366 0.00129211 0.0013647 0.999998 0.0879563 0.0942661 -0.0606619
FixedParameters: 0 0 0

#Transform 163
Transform: AffineTransform_float_3_3
Parameters: 0.999998 -0.000906489 -0.00153488 0.000904018 0.999998 -0.00157552 0.00153561 0.00157426 0.999998 0.107623 0.08765 -0.0564672
FixedParameters: 0 0 0

#Transform 164
Transform: AffineTransform_float_3_3
Parameters: 1 -0.000414362 -0.00115548 0.000412168 0.999997 -0.00216213 0.00115604 0.00216198 0.999997 0.0837031 0.131971 -0.00306185
FixedParameters: 0 0 0

#Transform 165
Transform: AffineTransform_float_3_3
Parameters: 0.999999 -0.000468488 -0.00143034 0.000467316 0.999999 -0.00137391 0.00143045 0.00137338 0.999998 0.115387 0.0699684 -0.0639993
FixedParameters: 0 0 0

#Transform 166
Transform: AffineTransform_float_3_3
Parameters: 0.999999 -0.000240757 -0.000878053 0.0002382 0.999996 -0.00257851 0.000878328 0.00257886 0.999996 0.0912613 0.121956 0.0547873
FixedParameters: 0 0 0

#Transform 167
Transform: AffineTransform_float_3_3
Parameters: 0.999999 -0.000802906 -0.00173873 0.000798491 0.999995 -0.00288062 0.00174089 0.00287945 0.999994 0.127337 0.121555 0.0168729
FixedParameters: 0 0 0

#Transform 168
Transform: AffineTransform_float_3_3
Parameters: 0.999999 -0.000424209 -0.00154287 0.000421519 0.999998 -0.00190293 0.00154418 0.00190243 0.999997 0.0999209 0.109462 0.00704964
FixedParameters: 0 0 0

#Transform 169
Transform: AffineTransform_float_3_3
Parameters: 0.999999 -0.000558445 -0.00124368 0.000556084 0.999999 -0.00171026 0.00124477 0.00170895 0.999998 0.0910145 0.0924403 0.0285458
FixedParameters: 0 0 0

#Transform 170
Transform: AffineTransform_float_3_3
Parameters: 0.999999 -0.000632702 -0.00169702 0.000630741 0.999999 -0.00137314 0.00169761 0.00137251 0.999998 0.102955 0.0730688 0.0175003
FixedParameters: 0 0 0

#Transform 171
Transform: AffineTransform_float_3_3
Parameters: 0.999999 -0.000449413 -0.00128236 0.000448267 0.999999 -0.000784402 0.00128271 0.000783987 0.999999 0.0911956 0.116506 -0.0558966
FixedParameters: 0 0 0

#Transform 172
Transform: AffineTransform_float_3_3
Parameters: 0.999999 -0.00103241 -0.00142006 0.0010316 1 -0.000911687 0.00142124 0.000910236 0.999999 0.102178 0.0781158 -0.0404563
FixedParameters: 0 0 0

#Transform 173
Transform: AffineTransform_float_3_3
Parameters: 0.999999 -0.00102833 -0.00141704 0.00102694 0.999999 -0.000774443 0.00141834 0.000773678 0.999999 0.085104 0.102552 -0.0508899
FixedParameters: 0 0 0

#Transform 174
Transform: AffineTransform_float_3_3
Parameters: 0.999999 -0.000387416 -0.00126796 0.000386657 0.999999 -0.00100455 0.001268 0.00100434 0.999998 0.0894281 0.0685253 -0.0749922
FixedParameters: 0 0 0

#Transform 175
Transform: AffineTransform_float_3_3
Parameters: 0.999998 -0.000698411 -0.00146852 0.000697544 0.999999 -0.000590325 0.00146899 0.000589011 0.999998 0.0964382 0.0133661 -0.0394172
FixedParameters: 0 0 0

#Transform 176
Transform: AffineTransform_float_3_3
Parameters: 0.999998 -0.000826674 -0.00144721 0.000824892 0.999999 -0.00124976 0.00144848 0.00124814 0.999998 0.100616 0.0984417 -0.0854965
FixedParameters: 0 0 0

#Transform 177
Transform: AffineTransform_float_3_3
Parameters: 0.999999 -0.000756449 -0.00140804 0.000754381 0.999999 -0.00125154 0.00140821 0.0012502 0.999998 0.0953761 0.0278508 -0.0412817
FixedParameters: 0 0 0

#Transform 178
Transform: AffineTransform_float_3_3
Parameters: 0.999999 -0.000384203 -0.00140785 0.000382514 0.999999 -0.0012535 0.00140798 0.00125248 0.999999 0.0930502 0.0982731 -0.0758998
FixedParameters: 0 0 0

#Transform 179
Transform: AffineTransform_float_3_3
Parameters: 0.999998 -0.000894069 -0.00187235 0.000892261 0.999999 -0.00120413 0.00187335 0.00120229 0.999998 0.113972 0.100521 -0.0370792
FixedParameters: 0 0 0

#Transform 180
Transform: AffineTransform_float_3_3
Parameters: 0.999998 -0.00082822 -0.00145451 0.000826018 0.999999 -0.00138579 0.00145605 0.00138487 0.999997 0.0999133 0.143603 -0.0294166
FixedParameters: 0 0 0

#Transform 181
Transform: AffineTransform_float_3_3
Parameters: 0.999999 -0.000791406 -0.00166288 0.000789362 0.999999 -0.00115286 0.00166397 0.001151 0.999998 0.112018 0.0605579 -0.0260095
FixedParameters: 0 0 0

#Transform 182
Transform: AffineTransform_float_3_3
Parameters: 1 -0.000403782 -0.00116719 0.000402729 0.999999 -0.000821275 0.0011675 0.000821069 0.999999 0.0846304 0.07429 -0.0500236
FixedParameters: 0 0 0

#Transform 183
Transform: AffineTransform_float_3_3
Parameters: 0.999999 -0.000871499 -0.00165615 0.00086994 0.999999 -0.00128557 0.00165724 0.00128419 0.999998 0.119325 0.0975166 -0.0480233
FixedParameters: 0 0 0

#Transform 184
Transform: AffineTransform_float_3_3
Parameters: 0.999999 -0.000611495 -0.00139228 0.00060906 0.999998 -0.00188123 0.00139335 0.00188034 0.999997 0.0897052 0.157141 -0.00686337
FixedParameters: 0 0 0

#Transform 185
Transform: AffineTransform_float_3_3
Parameters: 0.999999 -0.000732083 -0.00170755 0.000729522 0.999998 -0.00182788 0.00170867 0.00182623 0.999997 0.113164 0.0823163 -0.0155157
FixedParameters: 0 0 0

#Transform 186
Transform: AffineTransform_float_3_3
Parameters: 0.999999 -0.000616333 -0.00164425 0.000614494 0.999999 -0.00121902 0.00164594 0.00121775 0.999998 0.100528 0.05928 0.0228162
FixedParameters: 0 0 0

#Transform 187
Transform: AffineTransform_float_3_3
Parameters: 0.999998 -0.000824264 -0.00170782 0.000822812 0.999999 -0.00121565 0.00170868 0.00121434 0.999998 0.106157 0.0670171 -0.000646946
FixedParameters: 0 0 0

#Transform 188
Transform: AffineTransform_float_3_3
Parameters: 0.999998 -0.000587647 -0.00156912 0.000585304 0.999999 -0.00133156 0.00156989 0.00133049 0.999998 0.0941603 0.0956319 0.0321439
FixedParameters: 0 0 0

#Transform 189
Transform: AffineTransform_float_3_3
Parameters: 0.999999 -0.000505282 -0.00138028 0.000504031 1 -0.00111788 0.00138062 0.00111726 0.999999 0.0924566 0.0496402 -0.052848
FixedParameters: 0 0 0

#Transform 190
Transform: AffineTransform_float_3_3
Parameters: 0.999998 -0.000636096 -0.0015389 0.000634741 1 -0.00103673 0.00153942 0.00103554 0.999998 0.0970801 0.0354368 0.0143636
FixedParameters: 0 0 0

#Transform 191
Transform: AffineTransform_float_3_3
Parameters: 1 -0.000430029 -0.00117322 0.000428073 0.999998 -0.00161495 0.00117382 0.00161471 0.999998 0.0789907 0.126089 -0.0223953
FixedParameters: 0 0 0

#Transform 192
Transform: AffineTransform_float_3_3
Parameters: 0.999999 -0.000432349 -0.00117498 0.000430205 0.999998 -0.0016929 0.00117565 0.00169265 0.999998 0.0784906 0.0594465 -0.0148774
FixedParameters: 0 0 0

#Transform 193
Transform: AffineTransform_float_3_3
Parameters: 0.999998 -0.000560681 -0.00150676 0.00055906 0.999999 -0.00127264 0.00150832 0.00127171 0.999998 0.0942062 0.113678 -0.0632964
FixedParameters: 0 0 0

#Transform 194
Transform: AffineTransform_float_3_3
