# transform file /out/sourcedata/freesurfer/sub-v1s4x0050700_ses-1/mri/transforms/cc_up.lta
# created by oesteban on Tue Mar 10 04:23:37 2026

type      = 0 # LINEAR_VOX_TO_VOX
nxforms   = 1
mean      = 130.0000 114.0000 112.0000
sigma     = 10000.0000
1 4 4
9.956290721893311e-01 7.190208882093430e-02 5.960746109485626e-02 -1.517785072326660e+01 
-7.177357375621796e-02 9.974117875099182e-01 -4.297022707760334e-03 4.608275985717773e+01 
-5.976214259862900e-02 4.656613428188905e-10 9.982127547264099e-01 3.701985549926758e+01 
0.000000000000000e+00 0.000000000000000e+00 0.000000000000000e+00 1.000000000000000e+00 
src volume info
valid = 1  # volume info valid
filename = /out/sourcedata/freesurfer/sub-v1s4x0050700_ses-1/mri/norm.mgz
volume = 256 256 256
voxelsize = 1.000000000000000e+00 1.000000000000000e+00 1.000000000000000e+00
xras   = -1.000000000000000e+00 4.656612873077393e-10 0.000000000000000e+00
yras   = 0.000000000000000e+00 2.980232238769531e-08 -9.999999403953552e-01
zras   = 2.793967723846436e-09 1.000000000000000e+00 0.000000000000000e+00
cras   = 6.188171386718750e+00 6.578525543212891e+00 -1.851502990722656e+01
dst volume info
valid = 1  # volume info valid
filename = /out/sourcedata/freesurfer/sub-v1s4x0050700_ses-1/mri/norm.mgz
volume = 256 256 256
voxelsize = 1.000000000000000e+00 1.000000000000000e+00 1.000000000000000e+00
xras   = -1.000000000000000e+00 4.656612873077393e-10 0.000000000000000e+00
yras   = 0.000000000000000e+00 2.980232238769531e-08 -9.999999403953552e-01
zras   = 2.793967723846436e-09 1.000000000000000e+00 0.000000000000000e+00
cras   = 6.188171386718750e+00 6.578525543212891e+00 -1.851502990722656e+01
