# transform file transforms/talairach.lta
# created by oesteban on Tue Mar 10 02:59:11 2026

type      = 0 # LINEAR_VOX_TO_VOX
nxforms   = 1
mean      = 130.0000 115.0000 112.0000
sigma     = 10000.0000
1 4 4
1.094440698623657e+00 3.890897333621979e-02 6.491117179393768e-02 -2.741470527648926e+01 
-9.338942170143127e-02 9.945842623710632e-01 4.410596489906311e-01 -2.375723648071289e+01 
-5.151478946208954e-02 -4.096378386020660e-01 9.289501309394836e-01 5.926224899291992e+01 
0.000000000000000e+00 0.000000000000000e+00 0.000000000000000e+00 1.000000000000000e+00 
src volume info
valid = 1  # volume info valid
filename = nu.mgz
volume = 256 256 256
voxelsize = 1.000000000000000e+00 1.000000000000000e+00 1.000000000000000e+00
xras   = -1.000000000000000e+00 4.656612873077393e-10 0.000000000000000e+00
yras   = 0.000000000000000e+00 2.980232238769531e-08 -9.999999403953552e-01
zras   = 2.793967723846436e-09 1.000000000000000e+00 0.000000000000000e+00
cras   = 6.188171386718750e+00 6.578525543212891e+00 -1.851502990722656e+01
dst volume info
valid = 1  # volume info valid
filename = /opt/freesurfer/average/RB_all_2020-01-02.gca
volume = 256 256 256
voxelsize = 1.000000000000000e+00 1.000000000000000e+00 1.000000000000000e+00
xras   = -1.000000000000000e+00 0.000000000000000e+00 0.000000000000000e+00
yras   = 0.000000000000000e+00 0.000000000000000e+00 -1.000000000000000e+00
zras   = 0.000000000000000e+00 1.000000000000000e+00 0.000000000000000e+00
cras   = 0.000000000000000e+00 0.000000000000000e+00 0.000000000000000e+00
