type      = 0 # LINEAR_VOX_TO_VOX
nxforms   = 1
mean      = 0.0000 0.0000 0.0000
sigma     = 1.0000
1 4 4
1.127130031585693e+00 5.210199579596519e-02 5.909699574112892e-02 -3.083580017089844e+01 
-8.429499715566635e-02 9.401879310607910e-01 3.970420062541962e-01 -1.335096740722656e+01 
-1.925100013613701e-02 -4.338649511337280e-01 9.271280169487000e-01 5.755653381347656e+01 
0.000000000000000e+00 0.000000000000000e+00 0.000000000000000e+00 1.000000000000000e+00 
src volume info
valid = 1  # volume info valid
filename = /out/sourcedata/freesurfer/sub-v1s4x0050700_ses-1/mri/orig.mgz
volume = 256 256 256
voxelsize = 1.000000000000000e+00 1.000000000000000e+00 1.000000000000000e+00
xras   = -1.000000000000000e+00 4.656612873077393e-10 0.000000000000000e+00
yras   = 0.000000000000000e+00 2.980232238769531e-08 -9.999999403953552e-01
zras   = 2.793967723846436e-09 1.000000000000000e+00 0.000000000000000e+00
cras   = 6.188171386718750e+00 6.578525543212891e+00 -1.851502990722656e+01
dst volume info
valid = 1  # volume info valid
filename = /opt/freesurfer/average/mni305.cor.mgz
volume = 256 256 256
voxelsize = 1.000000000000000e+00 1.000000000000000e+00 1.000000000000000e+00
xras   = -1.000000000000000e+00 0.000000000000000e+00 0.000000000000000e+00
yras   = 0.000000000000000e+00 0.000000000000000e+00 -1.000000000000000e+00
zras   = 0.000000000000000e+00 1.000000000000000e+00 0.000000000000000e+00
cras   = 0.000000000000000e+00 0.000000000000000e+00 0.000000000000000e+00
subject fsaverage
fscale 0.100000
