type      = 1 # LINEAR_RAS_TO_RAS
nxforms   = 1
mean      = 0.0000 0.0000 0.0000
sigma     = 1.0000
1 4 4
1.127130031585693e+00 -5.909699946641922e-02 5.210199952125549e-02 -5.291748046875000e+00 
1.925100013613701e-02 9.271280169487000e-01 4.338650107383728e-01 -7.955165863037109e+00 
-8.429499715566635e-02 -3.970420062541962e-01 9.401879906654358e-01 1.516494989395142e+00 
0.000000000000000e+00 0.000000000000000e+00 0.000000000000000e+00 1.000000000000000e+00 
src volume info
valid = 1  # volume info valid
filename = /out/sourcedata/freesurfer/sub-v1s4x0050700_ses-1/mri/orig_nu.mgz
volume = 256 256 256
voxelsize = 1.000000000000000e+00 1.000000000000000e+00 1.000000000000000e+00
xras   = -1.000000000000000e+00 4.656612873077393e-10 0.000000000000000e+00
yras   = 0.000000000000000e+00 2.980232238769531e-08 -9.999999403953552e-01
zras   = 2.793967723846436e-09 1.000000000000000e+00 0.000000000000000e+00
cras   = 6.188171386718750e+00 6.578525543212891e+00 -1.851502990722656e+01
dst volume info
valid = 1  # volume info valid
filename = /opt/freesurfer/average/mni305.cor.mgz
volume = 256 256 256
voxelsize = 1.000000000000000e+00 1.000000000000000e+00 1.000000000000000e+00
xras   = -1.000000000000000e+00 0.000000000000000e+00 0.000000000000000e+00
yras   = 0.000000000000000e+00 0.000000000000000e+00 -1.000000000000000e+00
zras   = 0.000000000000000e+00 1.000000000000000e+00 0.000000000000000e+00
cras   = 0.000000000000000e+00 0.000000000000000e+00 0.000000000000000e+00
subject fsaverage
fscale 0.100000
