#Insight Transform File V1.0
#Transform 0
Transform: AffineTransform_float_3_3
Parameters: 0.999998 -0.00111087 0.00131882 0.00111329 0.999998 -0.0015659 -0.00131686 0.00156787 0.999998 0.000746776 0.0367913 0.0120127
FixedParameters: 0 0 0

#Transform 1
Transform: AffineTransform_float_3_3
Parameters: 0.999999 -0.00116597 0.00117766 0.00116763 0.999998 -0.00157765 -0.00117643 0.00157933 0.999998 -0.0004092 0.0150099 -0.0194518
FixedParameters: 0 0 0

#Transform 2
Transform: AffineTransform_float_3_3
Parameters: 0.999998 -0.00102359 0.00133125 0.00102606 0.999998 -0.00156852 -0.00132956 0.00157028 0.999998 -0.000192907 0.0593683 0.0442048
FixedParameters: 0 0 0

#Transform 3
Transform: AffineTransform_float_3_3
Parameters: 1 -0.000828681 0.000716884 0.000829437 1 -0.000731773 -0.000716453 0.000732192 0.999999 0.00707629 0.0350511 0.027804
FixedParameters: 0 0 0

#Transform 4
Transform: AffineTransform_float_3_3
Parameters: 0.999999 -0.000761883 0.000842446 0.00076231 1 -0.00048563 -0.00084253 0.000485399 0.999999 0.0142959 -0.0175444 -0.0166951
FixedParameters: 0 0 0

#Transform 5
Transform: AffineTransform_float_3_3
Parameters: 0.999999 -0.000880268 0.00104642 0.000880442 1 -5.6762e-05 -0.00104617 5.79414e-05 0.999999 0.0110922 -0.0522237 -0.0208583
FixedParameters: 0 0 0

#Transform 6
Transform: AffineTransform_float_3_3
Parameters: 0.999999 -0.000658328 0.00102956 0.000658805 0.999999 -8.89011e-05 -0.00102932 8.95284e-05 0.999999 0.0237141 -0.0535098 -0.0279443
FixedParameters: 0 0 0

#Transform 7
Transform: AffineTransform_float_3_3
Parameters: 1 -0.000716546 0.000972819 0.000717407 1 -0.000542985 -0.000972779 0.000542873 0.999999 0.0137885 0.0196747 -0.0888446
FixedParameters: 0 0 0

#Transform 8
Transform: AffineTransform_float_3_3
Parameters: 1 -0.000808741 0.000580964 0.000808739 0.999999 0.000171482 -0.000581155 -0.000170534 1 0.0107306 -0.0227015 -0.0356233
FixedParameters: 0 0 0

#Transform 9
Transform: AffineTransform_float_3_3
Parameters: 1 -0.000402424 0.000901562 0.000402254 0.999999 -0.000250798 -0.000900868 0.00025079 0.999999 0.00667804 -0.0304055 -0.0120799
FixedParameters: 0 0 0

#Transform 10
Transform: AffineTransform_float_3_3
Parameters: 0.999999 -0.00071662 0.000415485 0.000716591 0.999999 3.5233e-05 -0.000415535 -3.46376e-05 1 0.00836415 -0.015447 0.0522548
FixedParameters: 0 0 0

#Transform 11
Transform: AffineTransform_float_3_3
Parameters: 0.999999 -0.000677892 0.000450653 0.00067753 0.999999 0.000401189 -0.000451196 -0.000400578 1 -0.0143167 0.00359686 0.0517418
FixedParameters: 0 0 0

#Transform 12
Transform: AffineTransform_float_3_3
Parameters: 1 -0.000530964 0.000211815 0.000530991 1 -6.5597e-05 -0.000211745 6.58219e-05 1 0.00456633 -0.0333167 -0.0136924
FixedParameters: 0 0 0

#Transform 13
Transform: AffineTransform_float_3_3
Parameters: 0.999999 -0.000731323 0.000507758 0.000731713 0.999999 -0.000383411 -0.000507197 0.000384153 1 -0.00802386 -0.0084069 -0.0468812
FixedParameters: 0 0 0

#Transform 14
Transform: AffineTransform_float_3_3
Parameters: 1 -0.000258775 6.7967e-05 0.000258721 1 0.00039412 -6.8171e-05 -0.000394085 1 0.00794508 -0.0106414 -0.0325506
FixedParameters: 0 0 0

#Transform 15
Transform: AffineTransform_float_3_3
Parameters: 1 -0.000433537 7.09581e-05 0.000433466 1 0.000501561 -7.13929e-05 -0.000501499 1 0.00888539 -0.0379269 -0.0186992
FixedParameters: 0 0 0

#Transform 16
Transform: AffineTransform_float_3_3
Parameters: 1 -0.000149205 -2.13696e-05 0.000149246 0.999999 0.00096088 2.10829e-05 -0.000960886 0.999999 0.014436 -0.0636982 -0.0228442
FixedParameters: 0 0 0

#Transform 17
Transform: AffineTransform_float_3_3
Parameters: 1 -0.00015802 -1.12393e-06 0.000158022 0.999999 0.000757073 8.84737e-07 -0.000757073 0.999999 0.0149004 -0.061572 -0.0386225
FixedParameters: 0 0 0

#Transform 18
Transform: AffineTransform_float_3_3
Parameters: 1 -0.000169875 2.61393e-05 0.00016985 1 0.000482679 -2.63032e-05 -0.000482671 1 0.0143283 -0.0671896 -0.0122863
FixedParameters: 0 0 0

#Transform 19
Transform: AffineTransform_float_3_3
Parameters: 1 -4.87229e-05 0.000237939 4.85486e-05 0.999999 0.00098262 -0.000237252 -0.000981827 1 0.00173999 -0.0394072 -0.0275686
FixedParameters: 0 0 0

#Transform 20
Transform: AffineTransform_float_3_3
Parameters: 1 -0.000196266 0.00012756 0.000196348 1 -0.000320838 -0.000127434 0.000320888 1 -0.00081414 -0.00712714 -0.020993
FixedParameters: 0 0 0

#Transform 21
Transform: AffineTransform_float_3_3
Parameters: 1 -0.000284313 -0.000315833 0.000284644 1 0.000679793 0.000315402 -0.000679235 0.999999 -0.00228627 -0.0341396 0.0197028
FixedParameters: 0 0 0

#Transform 22
Transform: AffineTransform_float_3_3
Parameters: 1 0.000104088 -0.00032843 -0.0001036 1 0.00104121 0.000328561 -0.00104115 1 -0.00353583 -0.0120616 0.0389812
FixedParameters: 0 0 0

#Transform 23
Transform: AffineTransform_float_3_3
Parameters: 1 0.000130914 -0.000199493 -0.000131161 1 0.000250166 0.000198636 -0.000250221 1 -0.00744088 0.00350967 0.0477213
FixedParameters: 0 0 0

#Transform 24
Transform: AffineTransform_float_3_3
Parameters: 1 0.000245436 -0.000420677 -0.000245432 1 4.09919e-06 0.000420679 -3.89271e-06 1 0.0037206 -0.00880184 0.0618959
FixedParameters: 0 0 0

#Transform 25
Transform: AffineTransform_float_3_3
Parameters: 1 0.000317201 -0.000384078 -0.000316555 0.999999 0.00071389 0.000384575 -0.000714383 1 -0.0190956 0.00958749 0.047238
FixedParameters: 0 0 0

#Transform 26
Transform: AffineTransform_float_3_3
Parameters: 0.999999 0.000848594 -0.000463889 -0.000848397 1 0.000364979 0.000464564 -0.000364862 1 0.00888649 -0.0151707 0.00517145
FixedParameters: 0 0 0

#Transform 27
Transform: AffineTransform_float_3_3
Parameters: 0.999999 0.000826637 -0.000572925 -0.000826431 1 0.00060662 0.00057306 -0.000606452 0.999999 -0.0211963 0.0160834 0.0748565
FixedParameters: 0 0 0

#Transform 28
Transform: AffineTransform_float_3_3
Parameters: 0.999999 0.000552603 -0.000461099 -0.000552106 0.999999 0.000539169 0.000461694 -0.00053866 0.999999 -0.024169 0.00100633 0.0591054
FixedParameters: 0 0 0

#Transform 29
Transform: AffineTransform_float_3_3
Parameters: 0.999999 0.0005361 -0.000784416 -0.000535162 0.999999 0.0005985 0.000785057 -0.000597659 0.999999 -0.0108975 -0.00143916 0.0602484
FixedParameters: 0 0 0

#Transform 30
Transform: AffineTransform_float_3_3
Parameters: 0.999999 0.000799645 -0.000740162 -0.000798969 0.999999 0.00105832 0.000739922 -0.00105736 0.999999 -0.0331215 0.0146919 0.0625668
FixedParameters: 0 0 0

#Transform 31
Transform: AffineTransform_float_3_3
Parameters: 0.999999 0.000527616 -0.000779337 -0.000526031 0.999999 0.0011425 0.000780455 -0.00114169 0.999999 -0.0148078 -0.0359786 0.0197928
FixedParameters: 0 0 0

#Transform 32
Transform: AffineTransform_float_3_3
Parameters: 1 0.000795874 -0.000630571 -0.000795539 1 0.000497663 0.000630581 -0.000497429 0.999999 -0.0109643 -0.0275366 0.0101148
FixedParameters: 0 0 0

#Transform 33
Transform: AffineTransform_float_3_3
Parameters: 0.999999 0.000806174 -0.000526787 -0.00080603 0.999999 0.000137661 0.000527008 -0.000136811 1 -0.0209407 0.0289593 0.0464557
FixedParameters: 0 0 0

#Transform 34
Transform: AffineTransform_float_3_3
Parameters: 0.999999 0.000814262 -0.000726013 -0.000813103 0.999999 0.00117176 0.000726911 -0.00117069 0.999999 -0.0157682 0.0167285 0.0453032
FixedParameters: 0 0 0

#Transform 35
Transform: AffineTransform_float_3_3
Parameters: 0.999999 0.000711105 -0.00109016 -0.000709063 0.999999 0.00160494 0.00109179 -0.00160351 0.999998 -0.0178715 0.0295387 0.0477141
FixedParameters: 0 0 0

#Transform 36
Transform: AffineTransform_float_3_3
Parameters: 0.999999 0.000722844 -0.00111602 -0.000720382 0.999997 0.00186755 0.00111719 -0.0018669 0.999998 0.0015393 -0.0385773 0.0718357
FixedParameters: 0 0 0

#Transform 37
Transform: AffineTransform_float_3_3
Parameters: 1 0.000691041 -0.00104539 -0.000688982 0.999999 0.00115058 0.00104605 -0.00114925 0.999999 0.00192986 -0.0174724 0.0160133
FixedParameters: 0 0 0

#Transform 38
Transform: AffineTransform_float_3_3
Parameters: 0.999999 0.000925914 -0.00119988 -0.00092312 0.999998 0.00193388 0.00120199 -0.0019333 0.999997 0.00754088 -0.0273044 -0.00342307
FixedParameters: 0 0 0

#Transform 39
Transform: AffineTransform_float_3_3
Parameters: 0.999999 0.000726372 -0.00112409 -0.000723935 0.999998 0.00194962 0.0011254 -0.00194888 0.999997 -0.00555365 -0.0259422 0.0225009
FixedParameters: 0 0 0

#Transform 40
Transform: AffineTransform_float_3_3
Parameters: 0.999999 0.00075133 -0.00117949 -0.0007475 0.999997 0.00251186 0.00118156 -0.00251108 0.999997 -0.020305 -0.0822382 0.0495933
FixedParameters: 0 0 0

#Transform 41
Transform: AffineTransform_float_3_3
Parameters: 0.999999 0.000955097 -0.00107256 -0.000952563 0.999997 0.00206719 0.0010749 -0.00206612 0.999998 -0.00453385 -0.0674239 -0.00104985
FixedParameters: 0 0 0

#Transform 42
Transform: AffineTransform_float_3_3
Parameters: 0.999998 0.00134771 -0.00133568 -0.00134656 0.999998 0.00159702 0.00133795 -0.00159517 0.999998 0.00660164 -0.0343701 -0.0100977
FixedParameters: 0 0 0

#Transform 43
Transform: AffineTransform_float_3_3
Parameters: 0.999998 0.0015468 -0.00099093 -0.00154527 0.999998 0.00119384 0.000992828 -0.00119166 0.999999 -0.00809308 0.00746839 -0.0422961
FixedParameters: 0 0 0

#Transform 44
Transform: AffineTransform_float_3_3
Parameters: 0.999998 0.00143548 -0.00136899 -0.00143302 0.999997 0.00159026 0.00137129 -0.0015888 0.999998 0.00496962 0.0122206 -0.0377437
FixedParameters: 0 0 0

#Transform 45
Transform: AffineTransform_float_3_3
Parameters: 0.999998 0.0014559 -0.00141397 -0.00145265 0.999997 0.00205052 0.00141662 -0.00204826 0.999997 -0.00325264 0.00717178 -0.0605186
FixedParameters: 0 0 0

#Transform 46
Transform: AffineTransform_float_3_3
Parameters: 0.999998 0.00143128 -0.00135993 -0.0014292 0.999998 0.00149766 0.0013619 -0.0014955 0.999998 -0.00142209 -0.000729958 -0.00142466
FixedParameters: 0 0 0

#Transform 47
Transform: AffineTransform_float_3_3
Parameters: 0.999998 0.00162454 -0.00142201 -0.00162133 0.999996 0.00214322 0.00142473 -0.00214056 0.999997 -0.00572127 0.0147985 -0.00125282
FixedParameters: 0 0 0

#Transform 48
Transform: AffineTransform_float_3_3
Parameters: 0.999997 0.0016592 -0.00154857 -0.00165487 0.999995 0.00274892 0.00155363 -0.00274576 0.999995 -0.012593 -0.0185152 0.0133141
FixedParameters: 0 0 0

#Transform 49
Transform: AffineTransform_float_3_3
Parameters: 0.999998 0.00155651 -0.00149412 -0.00155284 0.999995 0.00256443 0.00149813 -0.00256175 0.999995 -0.00307203 -0.00182137 -0.0408708
FixedParameters: 0 0 0

#Transform 50
Transform: AffineTransform_float_3_3
Parameters: 0.999998 0.00154302 -0.00134792 -0.00154052 0.999998 0.00172009 0.00135097 -0.00171834 0.999998 -0.0103192 -0.054962 -0.0559397
FixedParameters: 0 0 0

#Transform 51
Transform: AffineTransform_float_3_3
Parameters: 0.999997 0.00172296 -0.00135449 -0.00172101 0.999997 0.00145779 0.0013572 -0.00145486 0.999998 -7.05679e-05 0.00555514 -0.0510791
FixedParameters: 0 0 0

#Transform 52
Transform: AffineTransform_float_3_3
Parameters: 0.999997 0.00163568 -0.0016648 -0.00163301 0.999997 0.001793 0.00166789 -0.00179081 0.999997 0.013189 0.0172936 -0.00606362
FixedParameters: 0 0 0

#Transform 53
Transform: AffineTransform_float_3_3
Parameters: 0.999997 0.00141473 -0.00181374 -0.00141081 0.999996 0.00231296 0.00181765 -0.00231043 0.999996 0.0139937 -0.0013568 0.0197738
FixedParameters: 0 0 0

#Transform 54
Transform: AffineTransform_float_3_3
Parameters: 0.999998 0.00156481 -0.0015124 -0.00156067 0.999995 0.00275138 0.00151695 -0.00274862 0.999995 -0.00730234 -0.0135595 -0.00874167
FixedParameters: 0 0 0

#Transform 55
Transform: AffineTransform_float_3_3
Parameters: 0.999997 0.0015312 -0.00170779 -0.0015258 0.999994 0.00324438 0.00171312 -0.00324266 0.999993 -0.0101556 -0.0430736 0.0137485
FixedParameters: 0 0 0

#Transform 56
Transform: AffineTransform_float_3_3
Parameters: 0.999998 0.00156485 -0.0015125 -0.00156072 0.999995 0.00275237 0.00151705 -0.00274961 0.999995 0.0239065 -0.099964 -0.0221347
FixedParameters: 0 0 0

#Transform 57
Transform: AffineTransform_float_3_3
Parameters: 0.999998 0.0015326 -0.0014419 -0.00152929 0.999997 0.00202949 0.00144479 -0.00202692 0.999997 0.0140298 -0.0609908 -0.0697846
FixedParameters: 0 0 0

#Transform 58
Transform: AffineTransform_float_3_3
Parameters: 0.999997 0.0014535 -0.00179343 -0.00145105 0.999997 0.0015671 0.00179516 -0.00156447 0.999997 -0.000930346 0.0364459 0.0227169
FixedParameters: 0 0 0

#Transform 59
Transform: AffineTransform_float_3_3
Parameters: 0.999997 0.00196159 -0.00164997 -0.00195733 0.999994 0.00256126 0.0016553 -0.00255826 0.999995 -0.00111809 -0.00509883 0.00720885
FixedParameters: 0 0 0

#Transform 60
Transform: AffineTransform_float_3_3
Parameters: 0.999996 0.00184271 -0.00203275 -0.00183665 0.999994 0.00288094 0.002038 -0.00287705 0.999993 0.00743891 -0.0365291 0.0514779
FixedParameters: 0 0 0

#Transform 61
Transform: AffineTransform_float_3_3
Parameters: 0.999996 0.00150768 -0.00207273 -0.00150154 0.999994 0.00312454 0.00207692 -0.00312125 0.999993 -0.00336989 0.00567925 0.0301664
FixedParameters: 0 0 0

#Transform 62
Transform: AffineTransform_float_3_3
Parameters: 0.999996 0.001842 -0.00195782 -0.00183712 0.999994 0.00252534 0.00196282 -0.00252235 0.999995 0.00684891 -0.0291091 0.0130629
FixedParameters: 0 0 0

#Transform 63
Transform: AffineTransform_float_3_3
Parameters: 0.999997 0.0018828 -0.00175259 -0.00187953 0.999996 0.00207384 0.00175577 -0.00207071 0.999996 0.000105607 -0.0179064 -0.00498032
FixedParameters: 0 0 0

#Transform 64
Transform: AffineTransform_float_3_3
Parameters: 0.999997 0.00200751 -0.00139565 -0.00200487 0.999996 0.00194199 0.00139948 -0.00193966 0.999997 -0.00969253 0.010102 -0.0550709
FixedParameters: 0 0 0

#Transform 65
Transform: AffineTransform_float_3_3
Parameters: 0.999997 0.00180175 -0.00195298 -0.00179845 0.999996 0.00201344 0.00195689 -0.00200976 0.999996 0.0134791 0.01659 0.00442707
FixedParameters: 0 0 0

#Transform 66
Transform: AffineTransform_float_3_3
Parameters: 0.999995 0.0019146 -0.00222394 -0.00190801 0.999993 0.0030576 0.00222967 -0.00305354 0.999993 0.0122724 0.0114986 0.0038459
FixedParameters: 0 0 0

#Transform 67
Transform: AffineTransform_float_3_3
Parameters: 0.999996 0.00182249 -0.00222577 -0.00181547 0.999992 0.0035238 0.00223191 -0.00352027 0.999992 0.0170758 -0.0642796 0.0141663
FixedParameters: 0 0 0

#Transform 68
Transform: AffineTransform_float_3_3
Parameters: 0.999996 0.00179275 -0.00216197 -0.00178696 0.999994 0.00286873 0.00216711 -0.00286392 0.999994 0.0150906 -0.0158882 -0.0466165
FixedParameters: 0 0 0

#Transform 69
Transform: AffineTransform_float_3_3
Parameters: 0.999995 0.00240883 -0.0023604 -0.00240411 0.999994 0.00238073 0.00236635 -0.00237511 0.999994 0.0287163 -0.0248948 -0.0606888
FixedParameters: 0 0 0

#Transform 70
Transform: AffineTransform_float_3_3
Parameters: 0.999994 0.00242403 -0.00239274 -0.0024181 0.999994 0.00271487 0.00239937 -0.00270915 0.999993 0.0216761 0.000888033 -0.00793894
FixedParameters: 0 0 0

#Transform 71
Transform: AffineTransform_float_3_3
Parameters: 0.999994 0.00245985 -0.00246886 -0.00245181 0.999991 0.00350147 0.0024778 -0.00349545 0.999991 0.0232029 0.00637993 -0.00612465
FixedParameters: 0 0 0

#Transform 72
Transform: AffineTransform_float_3_3
Parameters: 0.999994 0.00223512 -0.00250578 -0.00222699 0.999992 0.00338893 0.00251347 -0.00338382 0.999992 0.0422149 -0.010085 -0.0470721
FixedParameters: 0 0 0

#Transform 73
Transform: AffineTransform_float_3_3
Parameters: 0.999993 0.00238818 -0.00269353 -0.00237892 0.99999 0.00366112 0.00270207 -0.00365456 0.99999 0.0431395 -0.030068 -0.0131677
FixedParameters: 0 0 0

#Transform 74
Transform: AffineTransform_float_3_3
Parameters: 0.999993 0.0025588 -0.00256956 -0.00254758 0.999988 0.0042942 0.00258021 -0.00428752 0.999987 0.0276776 -0.00543325 -0.0553801
FixedParameters: 0 0 0

#Transform 75
Transform: AffineTransform_float_3_3
Parameters: 0.999992 0.00296831 -0.00266424 -0.00295832 0.999989 0.00350288 0.0026748 -0.00349478 0.99999 0.0358929 -0.0123089 -0.0363406
FixedParameters: 0 0 0

#Transform 76
Transform: AffineTransform_float_3_3
Parameters: 0.999992 0.00300338 -0.00273787 -0.00299134 0.999987 0.00426829 0.00275065 -0.00426059 0.999987 0.0365365 -0.0128476 -0.0490642
FixedParameters: 0 0 0

#Transform 77
Transform: AffineTransform_float_3_3
Parameters: 0.999992 0.00286774 -0.00264122 -0.00285851 0.999989 0.00370022 0.00265147 -0.00369292 0.99999 0.0337403 -0.00350486 -0.0524905
FixedParameters: 0 0 0

#Transform 78
Transform: AffineTransform_float_3_3
Parameters: 0.999993 0.00256199 -0.0025833 -0.00255291 0.99999 0.00371852 0.00259213 -0.00371163 0.99999 0.001503 0.0147187 -0.0100149
FixedParameters: 0 0 0

#Transform 79
Transform: AffineTransform_float_3_3
Parameters: 0.999993 0.00252045 -0.00278692 -0.00250883 0.999989 0.00414616 0.00279698 -0.00413932 0.999987 0.0285624 -0.0445514 -0.0265769
FixedParameters: 0 0 0

#Transform 80
Transform: AffineTransform_float_3_3
Parameters: 0.999993 0.00281547 -0.00261982 -0.00280523 0.99999 0.00368335 0.00263016 -0.00367633 0.99999 0.0195199 -0.0370661 -0.0709305
FixedParameters: 0 0 0

#Transform 81
Transform: AffineTransform_float_3_3
Parameters: 0.999992 0.00304673 -0.00267328 -0.00303898 0.99999 0.00323395 0.00268326 -0.00322605 0.999991 0.0283132 -0.025107 -0.0845874
FixedParameters: 0 0 0

#Transform 82
Transform: AffineTransform_float_3_3
Parameters: 0.999991 0.00314869 -0.00269309 -0.00314059 0.99999 0.00298673 0.00270287 -0.00297877 0.999992 0.0275028 -0.00927776 -0.0682051
FixedParameters: 0 0 0

#Transform 83
Transform: AffineTransform_float_3_3
Parameters: 0.99999 0.00305528 -0.00320935 -0.0030424 0.999986 0.00422026 0.00322242 -0.00420958 0.999986 0.0342809 -0.0152839 -0.108446
FixedParameters: 0 0 0

#Transform 84
Transform: AffineTransform_float_3_3
Parameters: 0.999991 0.00331277 -0.00281265 -0.00330282 0.999988 0.00370816 0.00282468 -0.0036989 0.999989 0.0233086 -0.0261787 -0.0761798
FixedParameters: 0 0 0

#Transform 85
Transform: AffineTransform_float_3_3
Parameters: 0.99999 0.00343514 -0.00294798 -0.0034201 0.999982 0.0048397 0.00296366 -0.00483014 0.999984 0.0256085 -0.0425951 -0.130981
FixedParameters: 0 0 0

#Transform 86
Transform: AffineTransform_float_3_3
Parameters: 0.999988 0.00363204 -0.0033893 -0.00361796 0.999984 0.0043961 0.00340509 -0.00438357 0.999985 0.0439761 -0.0356884 -0.093998
FixedParameters: 0 0 0

#Transform 87
Transform: AffineTransform_float_3_3
Parameters: 0.999986 0.00365663 -0.0037237 -0.00363637 0.999979 0.00534617 0.00374325 -0.00533233 0.999979 0.0699863 -0.0883596 -0.114971
FixedParameters: 0 0 0

#Transform 88
Transform: AffineTransform_float_3_3
Parameters: 0.999987 0.00358684 -0.00373395 -0.00356965 0.999983 0.00455027 0.00374997 -0.00453718 0.999982 0.0810202 -0.0810349 -0.135547
FixedParameters: 0 0 0

#Transform 89
Transform: AffineTransform_float_3_3
Parameters: 0.999987 0.00360664 -0.00362168 -0.00359099 0.999985 0.00427868 0.00363658 -0.00426612 0.999985 0.0795678 -0.0834229 -0.123884
FixedParameters: 0 0 0

#Transform 90
Transform: AffineTransform_float_3_3
Parameters: 0.999985 0.00376235 -0.00372985 -0.00374362 0.99998 0.00490464 0.0037481 -0.0048905 0.999981 0.0742286 -0.0450997 -0.132621
FixedParameters: 0 0 0

#Transform 91
Transform: AffineTransform_float_3_3
Parameters: 0.999985 0.00392058 -0.00375331 -0.00390444 0.999983 0.00442517 0.00377059 -0.00441019 0.999983 0.0715348 -0.0741121 -0.112614
FixedParameters: 0 0 0

#Transform 92
Transform: AffineTransform_float_3_3
Parameters: 0.999985 0.0037654 -0.00375623 -0.00374562 0.999979 0.00522978 0.00377621 -0.00521554 0.999979 0.0555116 -0.0803488 -0.108691
FixedParameters: 0 0 0

#Transform 93
Transform: AffineTransform_float_3_3
Parameters: 0.999987 0.00363633 -0.00368238 -0.00361867 0.999982 0.00491404 0.0037007 -0.00490034 0.999981 0.06285 -0.0937345 -0.128525
FixedParameters: 0 0 0

#Transform 94
Transform: AffineTransform_float_3_3
Parameters: 0.999984 0.00382238 -0.00434624 -0.00379757 0.999977 0.00550044 0.0043673 -0.00548383 0.999976 0.0784583 -0.0947037 -0.06498
FixedParameters: 0 0 0

#Transform 95
Transform: AffineTransform_float_3_3
Parameters: 0.999986 0.00375178 -0.0037641 -0.00373118 0.999978 0.0053985 0.00378419 -0.00538443 0.999979 0.068402 -0.0795629 -0.122197
FixedParameters: 0 0 0

#Transform 96
Transform: AffineTransform_float_3_3
Parameters: 0.999981 0.00427683 -0.00433411 -0.00425238 0.999975 0.00568276 0.00435818 -0.00566472 0.999975 0.0799609 -0.0840449 -0.117313
FixedParameters: 0 0 0

#Transform 97
Transform: AffineTransform_float_3_3
Parameters: 0.999983 0.00390492 -0.00442284 -0.00387877 0.999974 0.00600129 0.00444552 -0.0059845 0.999972 0.0841057 -0.0543004 -0.118336
FixedParameters: 0 0 0

#Transform 98
Transform: AffineTransform_float_3_3
Parameters: 0.999983 0.00411861 -0.00423497 -0.00409929 0.999982 0.00442587 0.00425286 -0.00440854 0.999982 0.0755224 -0.0361194 -0.108636
FixedParameters: 0 0 0

#Transform 99
Transform: AffineTransform_float_3_3
Parameters: 0.999982 0.00422033 -0.00427668 -0.00420241 0.999982 0.00427979 0.00429567 -0.00426179 0.999982 0.0510266 -0.0522307 -0.0863351
FixedParameters: 0 0 0

#Transform 100
Transform: AffineTransform_float_3_3
Parameters: 0.999983 0.00425337 -0.0038827 -0.00423546 0.999981 0.00445142 0.00390125 -0.00443511 0.999983 0.0480339 -0.00833702 -0.0949544
FixedParameters: 0 0 0

#Transform 101
Transform: AffineTransform_float_3_3
Parameters: 0.999983 0.0042532 -0.00396823 -0.00423344 0.999979 0.00483843 0.0039884 -0.00482164 0.99998 0.0619945 -0.00516971 -0.102608
FixedParameters: 0 0 0

#Transform 102
Transform: AffineTransform_float_3_3
Parameters: 0.999981 0.00404715 -0.00467725 -0.00402089 0.999977 0.00556322 0.00469951 -0.00554513 0.999974 0.0613094 -0.0456534 -0.0884331
FixedParameters: 0 0 0

#Transform 103
Transform: AffineTransform_float_3_3
Parameters: 0.999981 0.00401399 -0.00478841 -0.00398648 0.999976 0.00566588 0.00481133 -0.00564655 0.999973 0.0643305 -0.0295772 -0.0983275
FixedParameters: 0 0 0

#Transform 104
Transform: AffineTransform_float_3_3
Parameters: 0.99998 0.00419054 -0.00486077 -0.00416316 0.999975 0.00573199 0.004885 -0.00571265 0.999972 0.0946828 -0.0805113 -0.120702
FixedParameters: 0 0 0

#Transform 105
Transform: AffineTransform_float_3_3
Parameters: 0.99998 0.00464807 -0.00446054 -0.00462579 0.999977 0.00489545 0.00448251 -0.00487418 0.999977 0.0752701 -0.0604652 -0.138715
FixedParameters: 0 0 0

#Transform 106
Transform: AffineTransform_float_3_3
Parameters: 0.999981 0.00474281 -0.00412186 -0.00472146 0.999976 0.00518666 0.00414608 -0.00516779 0.999978 0.0602851 -0.0132717 -0.140764
FixedParameters: 0 0 0

#Transform 107
Transform: AffineTransform_float_3_3
Parameters: 0.99998 0.00477575 -0.00419213 -0.00475136 0.999971 0.00594213 0.00422042 -0.00592212 0.999974 0.0683171 -0.0294006 -0.11152
FixedParameters: 0 0 0

#Transform 108
Transform: AffineTransform_float_3_3
Parameters: 0.999979 0.00476533 -0.00434623 -0.00473724 0.999968 0.00642435 0.00437727 -0.00640387 0.99997 0.0742497 -0.0411922 -0.125264
FixedParameters: 0 0 0

#Transform 109
Transform: AffineTransform_float_3_3
Parameters: 0.999979 0.00452315 -0.00453499 -0.00449318 0.999968 0.00658975 0.00456481 -0.00656913 0.999968 0.0766206 -0.0644567 -0.0865303
FixedParameters: 0 0 0

#Transform 110
Transform: AffineTransform_float_3_3
Parameters: 0.999979 0.00449128 -0.00468061 -0.00446048 0.999968 0.00657733 0.00470946 -0.00655654 0.999967 0.0865197 -0.0975227 -0.115009
FixedParameters: 0 0 0

#Transform 111
Transform: AffineTransform_float_3_3
Parameters: 0.999979 0.00490305 -0.00421803 -0.00487936 0.999972 0.00564479 0.00424571 -0.005624 0.999975 0.0597665 -0.0534295 -0.111387
FixedParameters: 0 0 0

#Transform 112
Transform: AffineTransform_float_3_3
Parameters: 0.999976 0.00490165 -0.00490432 -0.00487022 0.999968 0.00635265 0.00493499 -0.00632808 0.999967 0.0768824 -0.0563704 -0.0911797
FixedParameters: 0 0 0

#Transform 113
Transform: AffineTransform_float_3_3
Parameters: 0.999976 0.00486713 -0.00477354 -0.00483293 0.999964 0.00707501 0.00480736 -0.00705169 0.999963 0.0841172 -0.0554698 -0.108386
FixedParameters: 0 0 0

#Transform 114
Transform: AffineTransform_float_3_3
Parameters: 0.999978 0.00492144 -0.00440597 -0.00489356 0.999968 0.00633012 0.00443725 -0.00630779 0.99997 0.067643 -0.0572076 -0.126651
FixedParameters: 0 0 0

#Transform 115
Transform: AffineTransform_float_3_3
Parameters: 0.999977 0.00482937 -0.0047275 -0.00479724 0.999967 0.00665858 0.00475946 -0.00663571 0.999967 0.0794476 -0.0247435 -0.134262
FixedParameters: 0 0 0

#Transform 116
Transform: AffineTransform_float_3_3
Parameters: 0.999977 0.00480138 -0.00475715 -0.00476729 0.999963 0.00718802 0.00479134 -0.00716483 0.999963 0.0787116 -0.0340998 -0.126763
FixedParameters: 0 0 0

#Transform 117
Transform: AffineTransform_float_3_3
Parameters: 0.999978 0.00470807 -0.0047403 -0.00467229 0.999962 0.00743157 0.00477526 -0.00740945 0.999962 0.0776332 -0.0749405 -0.104728
FixedParameters: 0 0 0

#Transform 118
Transform: AffineTransform_float_3_3
Parameters: 0.999979 0.00447761 -0.00478484 -0.00444247 0.999964 0.00730598 0.00481742 -0.00728478 0.999962 0.0904852 -0.119873 -0.124803
FixedParameters: 0 0 0

#Transform 119
Transform: AffineTransform_float_3_3
Parameters: 0.999977 0.00487278 -0.00472943 -0.00484204 0.999968 0.00646768 0.00476029 -0.00644436 0.999968 0.0747279 -0.0951561 -0.12057
FixedParameters: 0 0 0

#Transform 120
Transform: AffineTransform_float_3_3
Parameters: 0.999976 0.00506416 -0.00480114 -0.00503293 0.999967 0.00645312 0.00483353 -0.00642803 0.999968 0.0714576 -0.0407259 -0.13065
FixedParameters: 0 0 0

#Transform 121
Transform: AffineTransform_float_3_3
Parameters: 0.999974 0.00493006 -0.00528912 -0.00489183 0.999962 0.00723746 0.00532548 -0.00721092 0.99996 0.100362 -0.0117583 -0.138171
FixedParameters: 0 0 0

#Transform 122
Transform: AffineTransform_float_3_3
Parameters: 0.999974 0.00515485 -0.00512422 -0.00511138 0.999951 0.0084372 0.00516796 -0.00841083 0.999951 0.0927475 -0.0781182 -0.156661
FixedParameters: 0 0 0

#Transform 123
Transform: AffineTransform_float_3_3
Parameters: 0.999974 0.00485282 -0.00530201 -0.00481359 0.999962 0.007383 0.00533756 -0.00735729 0.999959 0.107934 -0.0437689 -0.181432
FixedParameters: 0 0 0

#Transform 124
Transform: AffineTransform_float_3_3
Parameters: 0.999975 0.0049848 -0.00500665 -0.00495007 0.999965 0.00687331 0.00503991 -0.00684804 0.999963 0.0835785 -0.0364489 -0.17835
FixedParameters: 0 0 0

#Transform 125
Transform: AffineTransform_float_3_3
Parameters: 0.999975 0.00492859 -0.00502597 -0.00489377 0.999964 0.00690093 0.00506006 -0.00687667 0.999963 0.0779033 0.03194 -0.181945
FixedParameters: 0 0 0

#Transform 126
Transform: AffineTransform_float_3_3
Parameters: 0.999974 0.00506263 -0.00520514 -0.00502243 0.999958 0.00760287 0.00524384 -0.00757678 0.999957 0.111755 0.0198694 -0.194253
FixedParameters: 0 0 0

#Transform 127
Transform: AffineTransform_float_3_3
Parameters: 0.999973 0.00498734 -0.00541079 -0.004942 0.999954 0.00827255 0.00545174 -0.00824578 0.999952 0.122291 -0.0616419 -0.227726
FixedParameters: 0 0 0

#Transform 128
Transform: AffineTransform_float_3_3
Parameters: 0.999972 0.00515678 -0.00554294 -0.00510599 0.999945 0.00917299 0.00558992 -0.00914379 0.999942 0.0970828 -0.0767689 -0.260551
FixedParameters: 0 0 0

#Transform 129
Transform: AffineTransform_float_3_3
Parameters: 0.999968 0.00561332 -0.00565544 -0.00556595 0.999949 0.0083781 0.0057023 -0.00834593 0.999949 0.129288 -0.0776601 -0.264336
FixedParameters: 0 0 0

#Transform 130
Transform: AffineTransform_float_3_3
Parameters: 0.999969 0.00558014 -0.00558754 -0.00553747 0.999956 0.0076408 0.00563008 -0.00760916 0.999956 0.102836 -0.0342155 -0.271668
FixedParameters: 0 0 0

#Transform 131
Transform: AffineTransform_float_3_3
Parameters: 0.999969 0.0056229 -0.00548041 -0.00558024 0.999955 0.0077124 0.005524 -0.00768074 0.999955 0.100624 -0.0142236 -0.246927
FixedParameters: 0 0 0

#Transform 132
Transform: AffineTransform_float_3_3
Parameters: 0.999966 0.00587086 -0.00573061 -0.00582533 0.99995 0.00808185 0.00577803 -0.00804868 0.999951 0.0934609 0.00225449 -0.24043
FixedParameters: 0 0 0

#Transform 133
Transform: AffineTransform_float_3_3
Parameters: 0.999965 0.00588681 -0.00600033 -0.0058347 0.999945 0.0087559 0.00605093 -0.00872084 0.999943 0.123632 -0.0264518 -0.195777
FixedParameters: 0 0 0

#Transform 134
Transform: AffineTransform_float_3_3
Parameters: 0.999965 0.00574206 -0.0060866 -0.00568759 0.999943 0.00899239 0.00613775 -0.00895754 0.999941 0.108963 -0.00311739 -0.230125
FixedParameters: 0 0 0

#Transform 135
Transform: AffineTransform_float_3_3
Parameters: 0.999965 0.0057092 -0.00623002 -0.00564925 0.999938 0.00952761 0.00628404 -0.00949199 0.999935 0.119015 -0.0644683 -0.243992
FixedParameters: 0 0 0

#Transform 136
Transform: AffineTransform_float_3_3
Parameters: 0.999968 0.00551981 -0.0058876 -0.00547047 0.99995 0.00834345 0.00593324 -0.00831062 0.999948 0.0932568 -0.0589243 -0.240961
FixedParameters: 0 0 0

#Transform 137
Transform: AffineTransform_float_3_3
Parameters: 0.999965 0.00579287 -0.00603945 -0.0057383 0.999943 0.00899389 0.00609116 -0.00895895 0.999942 0.102477 -0.0618299 -0.267794
FixedParameters: 0 0 0

#Transform 138
Transform: AffineTransform_float_3_3
Parameters: 0.999963 0.00608042 -0.00616291 -0.00602371 0.999939 0.00919496 0.00621896 -0.0091568 0.999939 0.0949303 -0.00545658 -0.256005
FixedParameters: 0 0 0

#Transform 139
Transform: AffineTransform_float_3_3
Parameters: 0.99996 0.00607714 -0.006669 -0.00600938 0.999931 0.0101527 0.00673001 -0.0101126 0.999927 0.132538 -0.04449 -0.281557
FixedParameters: 0 0 0

#Transform 140
Transform: AffineTransform_float_3_3
Parameters: 0.999957 0.00637389 -0.00673696 -0.00630199 0.999924 0.0106631 0.00680505 -0.0106207 0.99992 0.127359 -0.0414429 -0.326173
FixedParameters: 0 0 0

#Transform 141
Transform: AffineTransform_float_3_3
Parameters: 0.999957 0.00636477 -0.00671991 -0.00629394 0.999925 0.0104794 0.00678617 -0.0104366 0.999922 0.128868 -0.078196 -0.321214
FixedParameters: 0 0 0

#Transform 142
Transform: AffineTransform_float_3_3
Parameters: 0.999955 0.00664415 -0.0067634 -0.00657803 0.999932 0.00964613 0.00682728 -0.00960063 0.999931 0.112373 -0.0964568 -0.286664
FixedParameters: 0 0 0

#Transform 143
Transform: AffineTransform_float_3_3
Parameters: 0.999951 0.00678065 -0.00726288 -0.00670159 0.999919 0.0108182 0.0073352 -0.0107686 0.999915 0.140309 -0.044016 -0.315348
FixedParameters: 0 0 0

#Transform 144
Transform: AffineTransform_float_3_3
Parameters: 0.999951 0.00667317 -0.00717353 -0.00660275 0.999932 0.00971369 0.00723768 -0.0096656 0.999927 0.121316 -0.0566616 -0.327876
FixedParameters: 0 0 0

#Transform 145
Transform: AffineTransform_float_3_3
Parameters: 0.999952 0.0067071 -0.00710018 -0.00663838 0.999932 0.00957748 0.00716392 -0.00952974 0.999929 0.121313 -0.00684213 -0.317952
FixedParameters: 0 0 0

#Transform 146
Transform: AffineTransform_float_3_3
Parameters: 0.999949 0.00670949 -0.00748646 -0.00663224 0.999925 0.0103472 0.00755503 -0.0102975 0.999919 0.12538 0.0157294 -0.330649
FixedParameters: 0 0 0

#Transform 147
Transform: AffineTransform_float_3_3
Parameters: 0.999949 0.00695784 -0.0072531 -0.00687629 0.999913 0.0112673 0.00733086 -0.0112171 0.99991 0.117643 -0.0512931 -0.30309
FixedParameters: 0 0 0

#Transform 148
Transform: AffineTransform_float_3_3
Parameters: 0.99995 0.00693397 -0.00719855 -0.00685777 0.99992 0.0106449 0.00727174 -0.0105952 0.999918 0.119962 -0.0620943 -0.327328
FixedParameters: 0 0 0

#Transform 149
Transform: AffineTransform_float_3_3
Parameters: 0.999948 0.00681771 -0.00767584 -0.00673404 0.999919 0.0107843 0.00774829 -0.0107317 0.999913 0.159152 -0.0407954 -0.295207
FixedParameters: 0 0 0

#Transform 150
Transform: AffineTransform_float_3_3
Parameters: 0.999946 0.00683633 -0.0078867 -0.00674922 0.999917 0.0110393 0.00796158 -0.0109853 0.999907 0.167153 -0.0385229 -0.289874
FixedParameters: 0 0 0

#Transform 151
Transform: AffineTransform_float_3_3
Parameters: 0.999946 0.0068307 -0.00777151 -0.00673668 0.999904 0.0120958 0.00785342 -0.0120429 0.999897 0.16125 -0.0999737 -0.337484
FixedParameters: 0 0 0

#Transform 152
Transform: AffineTransform_float_3_3
Parameters: 0.99995 0.00674115 -0.00736524 -0.00666226 0.999922 0.0105463 0.00743598 -0.0104956 0.999917 0.134977 -0.0793231 -0.337373
FixedParameters: 0 0 0

#Transform 153
Transform: AffineTransform_float_3_3
Parameters: 0.999948 0.00681997 -0.00761386 -0.00674401 0.999927 0.00999978 0.00768138 -0.00994724 0.999921 0.139095 -0.0435446 -0.353989
FixedParameters: 0 0 0

#Transform 154
Transform: AffineTransform_float_3_3
Parameters: 0.999946 0.00706762 -0.00762529 -0.00698886 0.999923 0.0102601 0.00769648 -0.0102062 0.999918 0.13476 -0.0179772 -0.311274
FixedParameters: 0 0 0

#Transform 155
Transform: AffineTransform_float_3_3
Parameters: 0.999944 0.00718559 -0.00781516 -0.00710043 0.999916 0.0108765 0.00789211 -0.010821 0.999911 0.140066 -0.0167425 -0.303828
FixedParameters: 0 0 0

#Transform 156
Transform: AffineTransform_float_3_3
Parameters: 0.999945 0.007101 -0.00777542 -0.00701772 0.999918 0.0107658 0.00785075 -0.0107106 0.999912 0.140169 -0.017188 -0.334925
FixedParameters: 0 0 0

#Transform 157
Transform: AffineTransform_float_3_3
Parameters: 0.999944 0.00706689 -0.00782325 -0.00698285 0.999919 0.0105843 0.00789785 -0.0105286 0.999914 0.149794 -0.058246 -0.28939
FixedParameters: 0 0 0

#Transform 158
Transform: AffineTransform_float_3_3
Parameters: 0.999944 0.0072017 -0.00785763 -0.00711207 0.99991 0.0113766 0.00793856 -0.0113208 0.999905 0.142085 -0.033991 -0.315145
FixedParameters: 0 0 0

#Transform 159
Transform: AffineTransform_float_3_3
Parameters: 0.999944 0.00713896 -0.00788146 -0.00704432 0.999903 0.0120252 0.00796664 -0.0119692 0.999896 0.145478 -0.0722667 -0.346796
FixedParameters: 0 0 0

#Transform 160
Transform: AffineTransform_float_3_3
Parameters: 0.999941 0.00707715 -0.00829062 -0.00697426 0.999898 0.0124639 0.00837785 -0.0124053 0.999888 0.164835 -0.112977 -0.356894
FixedParameters: 0 0 0

#Transform 161
Transform: AffineTransform_float_3_3
Parameters: 0.999943 0.00696434 -0.00816378 -0.006876 0.999918 0.0108191 0.00823874 -0.0107623 0.999908 0.160342 -0.0608017 -0.344453
FixedParameters: 0 0 0

#Transform 162
Transform: AffineTransform_float_3_3
Parameters: 0.999944 0.00702144 -0.00794709 -0.00693816 0.99992 0.0105494 0.00802054 -0.0104936 0.999913 0.150174 -0.0419536 -0.33136
FixedParameters: 0 0 0

#Transform 163
Transform: AffineTransform_float_3_3
Parameters: 0.999941 0.0073098 -0.00812339 -0.00722068 0.999914 0.0109856 0.00820332 -0.0109256 0.999907 0.170498 0.0093188 -0.300219
FixedParameters: 0 0 0

#Transform 164
Transform: AffineTransform_float_3_3
Parameters: 0.999934 0.00741246 -0.00881553 -0.00730895 0.999905 0.0117201 0.00890157 -0.0116553 0.999893 0.202491 -0.0171323 -0.30065
FixedParameters: 0 0 0

#Transform 165
Transform: AffineTransform_float_3_3
Parameters: 0.999932 0.00773861 -0.00863075 -0.00762703 0.999888 0.0128682 0.00872958 -0.012801 0.99988 0.198451 -0.0721441 -0.366413
FixedParameters: 0 0 0

#Transform 166
Transform: AffineTransform_float_3_3
Parameters: 0.999937 0.00761996 -0.00819813 -0.00752106 0.999899 0.0120543 0.00829012 -0.0119922 0.999894 0.177758 -0.098006 -0.362363
FixedParameters: 0 0 0

#Transform 167
Transform: AffineTransform_float_3_3
Parameters: 0.999935 0.0074161 -0.00867748 -0.00731009 0.999898 0.0122182 0.0087664 -0.0121537 0.999888 0.199988 -0.0320224 -0.370529
FixedParameters: 0 0 0

#Transform 168
Transform: AffineTransform_float_3_3
Parameters: 0.999931 0.00772916 -0.00890107 -0.00761074 0.999884 0.0132548 0.00900249 -0.0131864 0.999872 0.207743 -0.0471215 -0.382981
FixedParameters: 0 0 0

#Transform 169
Transform: AffineTransform_float_3_3
Parameters: 0.999925 0.00804705 -0.00918258 -0.00792222 0.999877 0.0135328 0.00928971 -0.0134595 0.999866 0.216139 -0.0841602 -0.398337
FixedParameters: 0 0 0

#Transform 170
Transform: AffineTransform_float_3_3
Parameters: 0.999927 0.0079802 -0.00906596 -0.00786844 0.999894 0.0122533 0.00916255 -0.0121814 0.999883 0.193086 -0.0233042 -0.37349
FixedParameters: 0 0 0

#Transform 171
Transform: AffineTransform_float_3_3
Parameters: 0.999929 0.00809186 -0.0087063 -0.0079873 0.999896 0.012013 0.00880299 -0.0119429 0.99989 0.177312 0.00451561 -0.38176
FixedParameters: 0 0 0

#Transform 172
Transform: AffineTransform_float_3_3
Parameters: 0.999931 0.00817634 -0.00842416 -0.00807695 0.999898 0.0117868 0.00851948 -0.0117179 0.999895 0.160454 -0.0125935 -0.355183
FixedParameters: 0 0 0

#Transform 173
Transform: AffineTransform_float_3_3
Parameters: 0.999927 0.00798773 -0.00907912 -0.00787501 0.999893 0.0123975 0.00917651 -0.0123255 0.999881 0.189861 -0.00943083 -0.335206
FixedParameters: 0 0 0

#Transform 174
Transform: AffineTransform_float_3_3
Parameters: 0.999924 0.00815803 -0.00919314 -0.00803795 0.999882 0.0131036 0.00929855 -0.0130291 0.999872 0.214698 -0.0447992 -0.380048
FixedParameters: 0 0 0

#Transform 175
Transform: AffineTransform_float_3_3
Parameters: 0.999926 0.0080378 -0.00916649 -0.00791545 0.999879 0.013356 0.00927254 -0.0132822 0.999869 0.215847 -0.0702831 -0.371671
FixedParameters: 0 0 0

#Transform 176
Transform: AffineTransform_float_3_3
Parameters: 0.999926 0.00811727 -0.00900746 -0.00799452 0.999876 0.013605 0.00911684 -0.0135323 0.999866 0.212619 -0.0742024 -0.407794
FixedParameters: 0 0 0

#Transform 177
Transform: AffineTransform_float_3_3
Parameters: 0.999922 0.00853825 -0.00912799 -0.0084204 0.999882 0.0128754 0.00923705 -0.0127984 0.999875 0.197697 -0.0507016 -0.378249
FixedParameters: 0 0 0

#Transform 178
Transform: AffineTransform_float_3_3
Parameters: 0.999919 0.0085413 -0.0093891 -0.00841088 0.999868 0.0138535 0.00950572 -0.0137736 0.99986 0.210698 -0.0747875 -0.386156
FixedParameters: 0 0 0

#Transform 179
Transform: AffineTransform_float_3_3
Parameters: 0.999921 0.00838237 -0.00933646 -0.00825158 0.999869 0.0139425 0.00945167 -0.0138649 0.999859 0.220926 -0.0780892 -0.385358
FixedParameters: 0 0 0

#Transform 180
Transform: AffineTransform_float_3_3
Parameters: 0.999922 0.00851774 -0.00913427 -0.00840051 0.999883 0.0127998 0.00924234 -0.0127217 0.999877 0.199893 -0.0768349 -0.366082
FixedParameters: 0 0 0

#Transform 181
Transform: AffineTransform_float_3_3
Parameters: 0.999925 0.00834699 -0.00898946 -0.00823334 0.999887 0.0125919 0.00909371 -0.0125166 0.99988 0.190965 -0.017581 -0.365351
FixedParameters: 0 0 0

#Transform 182
Transform: AffineTransform_float_3_3
Parameters: 0.99992 0.00852627 -0.00930331 -0.00840787 0.999883 0.0127258 0.00941044 -0.0126469 0.999875 0.196109 0.0331049 -0.345979
FixedParameters: 0 0 0

#Transform 183
Transform: AffineTransform_float_3_3
Parameters: 0.999921 0.00843932 -0.00934803 -0.00831015 0.99987 0.0138088 0.00946285 -0.0137298 0.999861 0.206414 0.0287643 -0.34304
FixedParameters: 0 0 0

#Transform 184
Transform: AffineTransform_float_3_3
Parameters: 0.999924 0.00810017 -0.00927491 -0.00796476 0.999862 0.0145462 0.00939081 -0.0144717 0.999851 0.213248 -0.095873 -0.356851
FixedParameters: 0 0 0

#Transform 185
Transform: AffineTransform_float_3_3
Parameters: 0.999922 0.0083495 -0.00935844 -0.00820655 0.999851 0.015186 0.00948389 -0.0151078 0.999841 0.203732 -0.128583 -0.357381
FixedParameters: 0 0 0

#Transform 186
Transform: AffineTransform_float_3_3
Parameters: 0.99992 0.00840873 -0.00948141 -0.00827024 0.99986 0.0145941 0.00960254 -0.0145137 0.999849 0.230381 -0.0897413 -0.415168
FixedParameters: 0 0 0

#Transform 187
Transform: AffineTransform_float_3_3
Parameters: 0.999923 0.00807598 -0.00946455 -0.00794812 0.999878 0.0134673 0.00957218 -0.0133912 0.999864 0.219301 -0.0587478 -0.406204
FixedParameters: 0 0 0

#Transform 188
Transform: AffineTransform_float_3_3
