#Insight Transform File V1.0
#Transform 0
Transform: AffineTransform_float_3_3
Parameters: 1 -0.000119132 -0.000272495 0.000119442 1 0.000567643 0.000272359 -0.000567707 1 0.0075482 0.0133895 -0.0714495
FixedParameters: 0 0 0

#Transform 1
Transform: AffineTransform_float_3_3
Parameters: 1 -7.59132e-06 0.000142178 7.32339e-06 0.999999 0.000942344 -0.000142192 -0.00094234 0.999999 -0.0013883 -0.004746 0.0183857
FixedParameters: 0 0 0

#Transform 2
Transform: AffineTransform_float_3_3
Parameters: 1 -4.80108e-05 2.0183e-05 4.79718e-05 0.999999 0.000967873 -2.02758e-05 -0.00096787 0.999999 -0.00387862 0.0095634 -0.0615252
FixedParameters: 0 0 0

#Transform 3
Transform: AffineTransform_float_3_3
Parameters: 1 -0.000312174 0.000111807 0.000312041 1 0.000596479 -0.000112179 -0.000596408 1 -0.00376834 -0.00311103 -0.0497704
FixedParameters: 0 0 0

#Transform 4
Transform: AffineTransform_float_3_3
Parameters: 1 7.15349e-06 0.000118115 -7.28213e-06 1 0.000544491 -0.000118107 -0.000544492 1 0.00108555 0.00810501 -0.060816
FixedParameters: 0 0 0

#Transform 5
Transform: AffineTransform_float_3_3
Parameters: 1 -0.000313463 0.000128035 0.000313206 1 -0.000184809 -0.000128865 0.000184905 1 0.000971618 -0.0066847 -0.0968589
FixedParameters: 0 0 0

#Transform 6
Transform: AffineTransform_float_3_3
Parameters: 1 -0.000128714 6.38276e-05 0.000128705 1 7.19306e-05 -6.3846e-05 -7.19141e-05 1 0.00514812 0.0152648 -0.0603286
FixedParameters: 0 0 0

#Transform 7
Transform: AffineTransform_float_3_3
Parameters: 1 -0.00025229 -3.53027e-05 0.000252273 1 -0.000240775 3.54244e-05 0.000240757 1 0.00484595 -0.00576028 -0.10723
FixedParameters: 0 0 0

#Transform 8
Transform: AffineTransform_float_3_3
Parameters: 1 1.8886e-06 2.17498e-05 -1.89254e-06 1 9.02906e-05 -2.17494e-05 -9.02905e-05 1 0.0011263 0.00234887 -0.0653402
FixedParameters: 0 0 0

#Transform 9
Transform: AffineTransform_float_3_3
Parameters: 1 -0.000119121 -2.42933e-06 0.00011912 1 -0.000233141 2.48498e-06 0.00023314 1 0.00330212 -0.0098965 -0.100755
FixedParameters: 0 0 0

#Transform 10
Transform: AffineTransform_float_3_3
Parameters: 1 -4.25893e-05 -0.000172936 4.25102e-05 1 -0.000229091 0.000172956 0.000229076 1 -0.00167913 0.0295449 -0.0811223
FixedParameters: 0 0 0

#Transform 11
Transform: AffineTransform_float_3_3
Parameters: 1 -9.01393e-05 -0.000428011 8.94177e-05 0.999999 -0.000843233 0.000428162 0.000843155 0.999999 0.002354 -0.013013 -0.087913
FixedParameters: 0 0 0

#Transform 12
Transform: AffineTransform_float_3_3
Parameters: 1 -0.000146498 -0.000356547 0.00014609 1 -0.000571893 0.000356715 0.000571788 1 -0.000315836 0.00600632 -0.11713
FixedParameters: 0 0 0

#Transform 13
Transform: AffineTransform_float_3_3
Parameters: 1 -0.000207324 -0.000462971 0.000207348 1 0.00105607 0.000462949 -0.00105621 1 0.00833349 -0.00905505 0.00922719
FixedParameters: 0 0 0

#Transform 14
Transform: AffineTransform_float_3_3
Parameters: 1 -6.28525e-05 -0.000257479 6.26717e-05 1 -0.00035159 0.000257523 0.000351558 1 -0.00192638 -0.0205914 -0.11207
FixedParameters: 0 0 0

#Transform 15
Transform: AffineTransform_float_3_3
Parameters: 1 -7.04675e-05 -0.000281286 7.02697e-05 1 -0.000352068 0.000281335 0.000352028 1 0.00633934 -0.036204 -0.0435294
FixedParameters: 0 0 0

#Transform 16
Transform: AffineTransform_float_3_3
Parameters: 1 4.95076e-05 8.44834e-05 -4.94405e-05 1 -0.000397692 -8.45228e-05 0.000397683 1 -0.00681785 -0.034764 -0.0962219
FixedParameters: 0 0 0

#Transform 17
Transform: AffineTransform_float_3_3
Parameters: 1 -1.32472e-06 -6.51151e-05 1.27943e-06 1 -0.000347748 6.5116e-05 0.000347747 1 -0.00330678 -0.0334314 -0.0789703
FixedParameters: 0 0 0

#Transform 18
Transform: AffineTransform_float_3_3
Parameters: 1 -2.44272e-05 -7.24228e-05 2.44304e-05 1 2.15214e-05 7.24217e-05 -2.15249e-05 1 -0.00172951 -0.0315156 -0.0532846
FixedParameters: 0 0 0

#Transform 19
Transform: AffineTransform_float_3_3
Parameters: 1 -9.8024e-05 0.000130782 9.81162e-05 1 -0.000352896 -0.000130713 0.000352921 1 -0.00311863 -0.00132671 -0.110255
FixedParameters: 0 0 0

#Transform 20
Transform: AffineTransform_float_3_3
Parameters: 1 2.35351e-05 8.37141e-05 -2.3545e-05 1 5.85732e-05 -8.37113e-05 -5.8577e-05 1 -0.00254066 -0.0087285 -0.0203738
FixedParameters: 0 0 0

#Transform 21
Transform: AffineTransform_float_3_3
Parameters: 1 -9.23265e-05 9.30971e-06 9.23264e-05 1 1.17966e-05 -9.3118e-06 -1.17949e-05 1 -0.00500146 -0.0307166 -0.0915547
FixedParameters: 0 0 0

#Transform 22
Transform: AffineTransform_float_3_3
Parameters: 1 4.30286e-05 8.42937e-05 -4.29809e-05 1 -0.000283875 -8.43181e-05 0.000283868 1 -0.0168535 0.00946019 -0.0470974
FixedParameters: 0 0 0

#Transform 23
Transform: AffineTransform_float_3_3
Parameters: 1 0.000352102 -2.30583e-05 -0.000352095 1 0.000152195 2.31651e-05 -0.000152178 1 -0.0057019 -0.0131507 -0.0872105
FixedParameters: 0 0 0

#Transform 24
Transform: AffineTransform_float_3_3
Parameters: 1 -8.06353e-07 -0.000109384 7.30308e-07 1 -0.000347794 0.000109384 0.000347793 1 -0.0171022 -0.0582509 -0.0785543
FixedParameters: 0 0 0

#Transform 25
Transform: AffineTransform_float_3_3
Parameters: 1 0.000227025 -0.000172098 -0.000227046 1 -6.24755e-05 0.00017207 6.25535e-05 1 -0.0100455 -0.00332065 -0.0381197
FixedParameters: 0 0 0

#Transform 26
Transform: AffineTransform_float_3_3
Parameters: 1 9.82433e-06 -0.000289206 -1.00251e-05 1 -0.000347495 0.000289199 0.0003475 1 -0.00752144 -0.00208611 -0.0799061
FixedParameters: 0 0 0

#Transform 27
Transform: AffineTransform_float_3_3
Parameters: 1 0.000229767 -0.000171064 -0.000229849 1 -0.000106293 0.000171049 0.000105558 1 -0.0125866 0.0206281 0.00592699
FixedParameters: 0 0 0

#Transform 28
Transform: AffineTransform_float_3_3
Parameters: 1 0.000214012 -0.000398536 -0.000213907 1 0.00013175 0.000398592 -0.00013158 1 -0.0240868 0.0180297 -0.0822636
FixedParameters: 0 0 0

#Transform 29
Transform: AffineTransform_float_3_3
Parameters: 1 0.000348966 -0.0003684 -0.000348899 1 9.144e-05 0.000368464 -9.11829e-05 1 -0.0219476 -0.0333503 0.00135594
FixedParameters: 0 0 0

#Transform 30
Transform: AffineTransform_float_3_3
Parameters: 1 0.000305236 -0.000610376 -0.000305404 1 -0.000137765 0.000610291 0.000138138 1 -0.0188969 0.00454063 -0.0542963
FixedParameters: 0 0 0

#Transform 31
Transform: AffineTransform_float_3_3
Parameters: 1 0.000281356 -0.000540768 -0.000281507 1 -0.000139037 0.000540689 0.000139341 1 -0.0258314 -0.0225325 -0.0664538
FixedParameters: 0 0 0

#Transform 32
Transform: AffineTransform_float_3_3
Parameters: 0.999999 0.000271626 -0.000891128 -0.000271522 1 5.82057e-05 0.000891158 -5.77217e-05 0.999999 -0.0285535 -0.0332894 -0.0882661
FixedParameters: 0 0 0

#Transform 33
Transform: AffineTransform_float_3_3
Parameters: 0.999999 0.000263692 -0.00124584 -0.00026325 1 -0.000200843 0.00124545 0.000201211 1 -0.0268192 -0.0534268 -0.0947077
FixedParameters: 0 0 0

#Transform 34
Transform: AffineTransform_float_3_3
Parameters: 0.999999 0.000505648 -0.00123555 -0.000505701 1 0.000105746 0.00123473 -0.000104714 1 -0.0305314 -0.0155683 -0.0816582
FixedParameters: 0 0 0

#Transform 35
Transform: AffineTransform_float_3_3
Parameters: 0.999999 0.000494706 -0.00131996 -0.000495208 1 -0.00018646 0.0013198 0.000187532 0.999999 -0.0312445 -0.034735 -0.103683
FixedParameters: 0 0 0

#Transform 36
Transform: AffineTransform_float_3_3
Parameters: 0.999998 0.000601609 -0.00180563 -0.000601225 1 0.00020252 0.00180484 -0.000201146 0.999998 -0.0216283 -0.0515173 -0.0622761
FixedParameters: 0 0 0

#Transform 37
Transform: AffineTransform_float_3_3
Parameters: 0.999997 0.000895994 -0.00223204 -0.000895609 0.999999 -0.000104653 0.00223152 0.000106738 0.999998 -0.0404935 -0.0507959 -0.150902
FixedParameters: 0 0 0

#Transform 38
Transform: AffineTransform_float_3_3
Parameters: 0.999996 0.000971491 -0.00239275 -0.000971767 0.999999 -0.000100277 0.00239347 0.000103052 0.999997 -0.0345975 -0.055298 -0.104158
FixedParameters: 0 0 0

#Transform 39
Transform: AffineTransform_float_3_3
Parameters: 0.999996 0.00113561 -0.00238824 -0.00113686 0.999999 -0.000289039 0.00238855 0.000291199 0.999997 -0.0389086 -0.0496122 -0.142
FixedParameters: 0 0 0

#Transform 40
Transform: AffineTransform_float_3_3
Parameters: 0.999994 0.00130735 -0.00299671 -0.00130887 0.999999 -0.000639378 0.00299625 0.00064359 0.999995 -0.0483431 -0.0536183 -0.173942
FixedParameters: 0 0 0

#Transform 41
Transform: AffineTransform_float_3_3
Parameters: 0.999993 0.00140984 -0.00352677 -0.00141147 0.999999 -0.000369762 0.00352625 0.00037453 0.999993 -0.0514925 -0.0401323 -0.15026
FixedParameters: 0 0 0

#Transform 42
Transform: AffineTransform_float_3_3
Parameters: 0.999992 0.00133884 -0.00361183 -0.0013425 0.999998 -0.0009928 0.00361108 0.00099774 0.999993 -0.0458702 -0.0449204 -0.191933
FixedParameters: 0 0 0

#Transform 43
Transform: AffineTransform_float_3_3
Parameters: 0.999993 0.00182414 -0.0033507 -0.00182603 0.999998 -0.000608512 0.00334965 0.000614909 0.999994 -0.0225197 -0.0582216 -0.145807
FixedParameters: 0 0 0

#Transform 44
Transform: AffineTransform_float_3_3
Parameters: 0.999991 0.00116917 -0.00403968 -0.00117291 0.999999 -0.000863388 0.00403863 0.000868466 0.999992 -0.0101048 -0.0470763 -0.162001
FixedParameters: 0 0 0

#Transform 45
Transform: AffineTransform_float_3_3
Parameters: 0.999993 0.00121834 -0.00352935 -0.00122108 0.999999 -0.000978055 0.00352763 0.00098188 0.999993 -0.00646033 -0.0883464 -0.142069
FixedParameters: 0 0 0

#Transform 46
Transform: AffineTransform_float_3_3
Parameters: 0.999994 0.00113787 -0.0034888 -0.00114299 0.999998 -0.00151442 0.00348675 0.0015181 0.999993 -0.0203707 -0.0408779 -0.189753
FixedParameters: 0 0 0

#Transform 47
Transform: AffineTransform_float_3_3
Parameters: 0.999991 0.00127811 -0.00400883 -0.00128356 0.999998 -0.00150603 0.00400698 0.00151033 0.999991 0.011106 -0.0980173 -0.206889
FixedParameters: 0 0 0

#Transform 48
Transform: AffineTransform_float_3_3
Parameters: 0.999991 0.0013922 -0.00398834 -0.00139851 0.999998 -0.00146806 0.00398557 0.0014741 0.999991 0.0117149 -0.0532885 -0.182972
FixedParameters: 0 0 0

#Transform 49
Transform: AffineTransform_float_3_3
Parameters: 0.99999 0.0016253 -0.00405346 -0.00163398 0.999997 -0.00203702 0.00404959 0.00204361 0.99999 0.00631375 -0.052053 -0.291583
FixedParameters: 0 0 0

#Transform 50
Transform: AffineTransform_float_3_3
Parameters: 0.999991 0.00188811 -0.00386237 -0.00189641 0.999996 -0.0019993 0.00385872 0.00200675 0.99999 0.00678519 -0.0651291 -0.211394
FixedParameters: 0 0 0

#Transform 51
Transform: AffineTransform_float_3_3
Parameters: 0.999993 0.00198607 -0.00301621 -0.00199117 0.999997 -0.00183424 0.00301223 0.00184042 0.999994 0.000721232 -0.0424066 -0.239075
FixedParameters: 0 0 0

#Transform 52
Transform: AffineTransform_float_3_3
Parameters: 0.99999 0.00203305 -0.00398914 -0.00204202 0.999995 -0.00217067 0.00398489 0.00217888 0.99999 -0.00797116 -0.0782359 -0.272076
FixedParameters: 0 0 0

#Transform 53
Transform: AffineTransform_float_3_3
Parameters: 0.999989 0.00204124 -0.00421488 -0.00205011 0.999995 -0.00215201 0.00421028 0.00216033 0.999988 -0.0256558 -0.0490494 -0.266956
FixedParameters: 0 0 0

#Transform 54
Transform: AffineTransform_float_3_3
Parameters: 0.999985 0.00221045 -0.00518406 -0.00222532 0.999993 -0.00276612 0.00517776 0.00277701 0.999983 -0.0307156 -0.0821838 -0.342757
FixedParameters: 0 0 0

#Transform 55
Transform: AffineTransform_float_3_3
Parameters: 0.999982 0.00282177 -0.00525771 -0.00283356 0.999994 -0.00232832 0.00525065 0.00234346 0.999984 -0.0280299 -0.0692359 -0.273248
FixedParameters: 0 0 0

#Transform 56
Transform: AffineTransform_float_3_3
Parameters: 0.999984 0.00241775 -0.00513431 -0.00242728 0.999995 -0.00190637 0.00512886 0.0019196 0.999985 -0.00937515 -0.0730784 -0.294905
FixedParameters: 0 0 0

#Transform 57
Transform: AffineTransform_float_3_3
Parameters: 0.999978 0.00218902 -0.00618827 -0.00220434 0.999995 -0.0024222 0.00618328 0.00243572 0.999978 0.00276208 -0.164653 -0.303433
FixedParameters: 0 0 0

#Transform 58
Transform: AffineTransform_float_3_3
Parameters: 0.999979 0.00310031 -0.00569246 -0.00311377 0.999992 -0.0023101 0.0056849 0.00232841 0.999981 -0.0358723 -0.193386 -0.315309
FixedParameters: 0 0 0

#Transform 59
Transform: AffineTransform_float_3_3
Parameters: 0.999978 0.00264221 -0.00605272 -0.00266541 0.999989 -0.00384358 0.00604298 0.00385957 0.999975 0.0224508 -0.102438 -0.342093
FixedParameters: 0 0 0

#Transform 60
Transform: AffineTransform_float_3_3
Parameters: 0.99998 0.00268563 -0.00590242 -0.00270735 0.999989 -0.00373723 0.00589298 0.00375321 0.999975 0.0225086 -0.049992 -0.293138
FixedParameters: 0 0 0

#Transform 61
Transform: AffineTransform_float_3_3
Parameters: 0.999979 0.00267569 -0.0058457 -0.0026946 0.999991 -0.00318499 0.00583632 0.00320075 0.999978 0.0216159 -0.057496 -0.289315
FixedParameters: 0 0 0

#Transform 62
Transform: AffineTransform_float_3_3
Parameters: 0.99998 0.00246506 -0.00583528 -0.00248555 0.999991 -0.00346643 0.0058275 0.003481 0.999977 0.0188061 -0.0728021 -0.3578
FixedParameters: 0 0 0

#Transform 63
Transform: AffineTransform_float_3_3
Parameters: 0.99998 0.00235615 -0.00580689 -0.00237386 0.999992 -0.00303129 0.00580064 0.00304517 0.999979 0.0284146 -0.0812323 -0.35703
FixedParameters: 0 0 0

#Transform 64
Transform: AffineTransform_float_3_3
Parameters: 0.99998 0.0024504 -0.00581729 -0.0024757 0.999987 -0.0042994 0.00580768 0.00431405 0.999974 0.00936416 -0.0728903 -0.347489
FixedParameters: 0 0 0

#Transform 65
Transform: AffineTransform_float_3_3
Parameters: 0.999981 0.00264644 -0.00560146 -0.00267076 0.999987 -0.00428828 0.0055903 0.00430319 0.999975 0.0142345 -0.0868738 -0.365682
FixedParameters: 0 0 0

#Transform 66
Transform: AffineTransform_float_3_3
Parameters: 0.999979 0.0025245 -0.00601286 -0.00255055 0.999988 -0.0042948 0.00600215 0.00430986 0.999972 0.0176044 -0.108302 -0.434325
FixedParameters: 0 0 0

#Transform 67
Transform: AffineTransform_float_3_3
Parameters: 0.999978 0.00292326 -0.00579657 -0.00294789 0.999986 -0.0042706 0.00578384 0.00428805 0.999974 -0.0076404 -0.0537565 -0.397777
FixedParameters: 0 0 0

#Transform 68
Transform: AffineTransform_float_3_3
Parameters: 0.999975 0.00262167 -0.00656452 -0.00265848 0.999981 -0.0055383 0.00655007 0.00555563 0.999963 0.0316011 -0.105989 -0.469995
FixedParameters: 0 0 0

#Transform 69
Transform: AffineTransform_float_3_3
Parameters: 0.999977 0.00258378 -0.00620833 -0.00261452 0.999985 -0.00499167 0.00619526 0.00500793 0.999968 0.0304068 -0.0892274 -0.439489
FixedParameters: 0 0 0

#Transform 70
Transform: AffineTransform_float_3_3
Parameters: 0.999979 0.00302784 -0.00582945 -0.00305808 0.999982 -0.00509921 0.00581496 0.00511704 0.99997 0.00920274 -0.0809753 -0.332741
FixedParameters: 0 0 0

#Transform 71
Transform: AffineTransform_float_3_3
Parameters: 0.999977 0.00296631 -0.00612598 -0.00300267 0.999978 -0.00578837 0.00610882 0.00580675 0.999964 0.0176372 -0.100283 -0.442865
FixedParameters: 0 0 0

#Transform 72
Transform: AffineTransform_float_3_3
Parameters: 0.999978 0.00287129 -0.00607584 -0.00290219 0.999983 -0.00505228 0.00606073 0.0050694 0.999969 0.00966034 -0.113768 -0.36855
FixedParameters: 0 0 0

#Transform 73
Transform: AffineTransform_float_3_3
Parameters: 0.999976 0.00291446 -0.00628761 -0.00295105 0.999978 -0.00580814 0.00627035 0.00582648 0.999963 0.0134859 -0.105072 -0.405107
FixedParameters: 0 0 0

#Transform 74
Transform: AffineTransform_float_3_3
Parameters: 0.999976 0.00271503 -0.00646897 -0.00275199 0.999979 -0.00572573 0.00645324 0.00574287 0.999963 0.0257659 -0.113263 -0.404479
FixedParameters: 0 0 0

#Transform 75
Transform: AffineTransform_float_3_3
Parameters: 0.999976 0.00281992 -0.00639279 -0.00284983 0.999985 -0.00462407 0.00637968 0.00464221 0.999968 0.0264304 -0.115552 -0.360987
FixedParameters: 0 0 0

#Transform 76
Transform: AffineTransform_float_3_3
Parameters: 0.999977 0.00265243 -0.00628614 -0.00267879 0.999988 -0.00412676 0.00627515 0.00414377 0.999972 0.0255545 -0.0961204 -0.35226
FixedParameters: 0 0 0

#Transform 77
Transform: AffineTransform_float_3_3
Parameters: 0.999975 0.00278585 -0.00647246 -0.0028154 0.999986 -0.00446448 0.00646088 0.00448245 0.999969 0.0203904 -0.132525 -0.396098
FixedParameters: 0 0 0

#Transform 78
Transform: AffineTransform_float_3_3
Parameters: 0.999978 0.00249918 -0.00617514 -0.00251754 0.999993 -0.00286958 0.00616772 0.00288536 0.999977 0.0252079 -0.0578032 -0.331692
FixedParameters: 0 0 0

#Transform 79
Transform: AffineTransform_float_3_3
Parameters: 0.999978 0.0027352 -0.00606045 -0.00274867 0.999994 -0.00222945 0.00605389 0.00224652 0.999979 0.0169572 -0.124694 -0.286224
FixedParameters: 0 0 0

#Transform 80
Transform: AffineTransform_float_3_3
Parameters: 0.999975 0.00271783 -0.00657257 -0.00274309 0.999989 -0.00376328 0.00656222 0.0037817 0.999971 0.029248 -0.0757525 -0.366749
FixedParameters: 0 0 0

#Transform 81
Transform: AffineTransform_float_3_3
Parameters: 0.999977 0.00287118 -0.00608733 -0.0028937 0.999989 -0.00368109 0.00607688 0.0036987 0.999975 0.0172129 -0.123076 -0.24875
FixedParameters: 0 0 0

#Transform 82
Transform: AffineTransform_float_3_3
Parameters: 0.999976 0.00285865 -0.00616081 -0.0028835 0.999988 -0.00390311 0.00614898 0.00392094 0.999973 0.00783745 -0.0856293 -0.363316
FixedParameters: 0 0 0

#Transform 83
Transform: AffineTransform_float_3_3
Parameters: 0.999978 0.003005 -0.00591938 -0.00302925 0.999987 -0.00395458 0.00590736 0.00397222 0.999975 0.0112283 -0.0909417 -0.270646
FixedParameters: 0 0 0

#Transform 84
Transform: AffineTransform_float_3_3
Parameters: 0.999979 0.00298626 -0.00569593 -0.00300742 0.999988 -0.00373422 0.00568458 0.0037514 0.999977 0.0161387 -0.062227 -0.249884
FixedParameters: 0 0 0

#Transform 85
Transform: AffineTransform_float_3_3
Parameters: 0.999979 0.00302395 -0.00569032 -0.0030511 0.999983 -0.00489978 0.00567507 0.00491696 0.999972 0.0156878 -0.0833824 -0.338336
FixedParameters: 0 0 0

#Transform 86
Transform: AffineTransform_float_3_3
Parameters: 0.999981 0.00280166 -0.00542061 -0.00282532 0.999987 -0.00427907 0.00540848 0.00429416 0.999976 0.0170611 -0.0493961 -0.241292
FixedParameters: 0 0 0

#Transform 87
Transform: AffineTransform_float_3_3
Parameters: 0.999981 0.00276675 -0.00560846 -0.00279397 0.999985 -0.00478748 0.00559608 0.00480281 0.999973 0.00862738 -0.0752222 -0.291553
FixedParameters: 0 0 0

#Transform 88
Transform: AffineTransform_float_3_3
Parameters: 0.999984 0.00258181 -0.00510701 -0.00260131 0.99999 -0.0037795 0.00509724 0.00379322 0.999979 0.0119505 -0.0744291 -0.253283
FixedParameters: 0 0 0

#Transform 89
Transform: AffineTransform_float_3_3
Parameters: 0.999983 0.00249122 -0.00524559 -0.00251552 0.999986 -0.0045869 0.00523455 0.00459991 0.999975 0.00477039 -0.0771101 -0.305356
FixedParameters: 0 0 0

#Transform 90
Transform: AffineTransform_float_3_3
Parameters: 0.999985 0.00251583 -0.00491312 -0.00253552 0.99999 -0.00385182 0.0049039 0.00386394 0.999981 0.00816894 -0.0803544 -0.221145
FixedParameters: 0 0 0

#Transform 91
Transform: AffineTransform_float_3_3
Parameters: 0.999985 0.00205517 -0.00515498 -0.00207775 0.999988 -0.00430201 0.0051456 0.00431216 0.999977 0.0115116 -0.0817297 -0.308465
FixedParameters: 0 0 0

#Transform 92
Transform: AffineTransform_float_3_3
Parameters: 0.999983 0.00289303 -0.0051023 -0.00291411 0.999987 -0.00420618 0.00509007 0.0042215 0.999978 0.0111443 -0.0673405 -0.251454
FixedParameters: 0 0 0

#Transform 93
Transform: AffineTransform_float_3_3
Parameters: 0.999982 0.00257945 -0.00538177 -0.0026035 0.999986 -0.00450311 0.00536902 0.0045169 0.999975 0.00130011 -0.0855229 -0.356099
FixedParameters: 0 0 0

#Transform 94
Transform: AffineTransform_float_3_3
Parameters: 0.999983 0.00291206 -0.00497682 -0.00293103 0.999989 -0.00374967 0.00496591 0.00376406 0.99998 -0.0221435 -0.0936273 -0.308268
FixedParameters: 0 0 0

#Transform 95
Transform: AffineTransform_float_3_3
Parameters: 0.99998 0.00275672 -0.00566018 -0.00277883 0.999988 -0.00395877 0.00565012 0.00397446 0.999976 -0.0199936 -0.0991244 -0.336021
FixedParameters: 0 0 0

#Transform 96
Transform: AffineTransform_float_3_3
Parameters: 0.999979 0.00269479 -0.00586748 -0.00272406 0.999984 -0.00488646 0.00585372 0.00490207 0.999971 -0.0102925 -0.113626 -0.305747
FixedParameters: 0 0 0

#Transform 97
Transform: AffineTransform_float_3_3
Parameters: 0.99998 0.00285406 -0.00560938 -0.00287662 0.999987 -0.00411731 0.00559735 0.00413317 0.999975 -0.0196058 -0.0874063 -0.278271
FixedParameters: 0 0 0

#Transform 98
Transform: AffineTransform_float_3_3
Parameters: 0.999978 0.00276684 -0.00599244 -0.00279561 0.999984 -0.00484643 0.00597886 0.00486327 0.999971 -0.0213138 -0.0906925 -0.438857
FixedParameters: 0 0 0

#Transform 99
Transform: AffineTransform_float_3_3
Parameters: 0.999978 0.00294131 -0.00595058 -0.00296816 0.999986 -0.00455265 0.00593745 0.00457028 0.999972 -0.00799727 -0.047246 -0.327357
FixedParameters: 0 0 0

#Transform 100
Transform: AffineTransform_float_3_3
Parameters: 0.999979 0.00303614 -0.00566922 -0.00305866 0.999987 -0.00406399 0.00565594 0.00408087 0.999976 -0.00533089 -0.0481345 -0.32935
FixedParameters: 0 0 0

#Transform 101
Transform: AffineTransform_float_3_3
Parameters: 0.999973 0.00308989 -0.00668854 -0.00312651 0.99998 -0.00547372 0.00667202 0.00549431 0.999963 -0.0103409 -0.121289 -0.421826
FixedParameters: 0 0 0

#Transform 102
Transform: AffineTransform_float_3_3
Parameters: 0.999979 0.00298149 -0.00584942 -0.00300861 0.999985 -0.00473486 0.00583455 0.00475172 0.999972 -0.0154663 -0.0956377 -0.26476
FixedParameters: 0 0 0

#Transform 103
Transform: AffineTransform_float_3_3
Parameters: 0.999981 0.00361674 -0.00505351 -0.00363652 0.999985 -0.00396811 0.00503906 0.00398657 0.999979 -0.0347988 -0.0284639 -0.0957315
FixedParameters: 0 0 0

#Transform 104
Transform: AffineTransform_float_3_3
Parameters: 0.99998 0.00346136 -0.00522799 -0.00348336 0.999985 -0.00425748 0.00521335 0.00427524 0.999977 -0.038331 -0.0826266 -0.159101
FixedParameters: 0 0 0

#Transform 105
Transform: AffineTransform_float_3_3
Parameters: 0.999983 0.00318089 -0.00489486 -0.00320653 0.999982 -0.00509662 0.0048794 0.00511227 0.999975 -0.0316259 -0.111749 -0.267996
FixedParameters: 0 0 0

#Transform 106
Transform: AffineTransform_float_3_3
Parameters: 0.999981 0.00350514 -0.00501599 -0.00352552 0.999986 -0.0040582 0.00500191 0.00407527 0.999979 -0.0352727 -0.078908 -0.0892104
FixedParameters: 0 0 0

#Transform 107
Transform: AffineTransform_float_3_3
Parameters: 0.999981 0.00367906 -0.00493245 -0.00370003 0.999984 -0.0043455 0.00491651 0.00436384 0.999978 -0.0323629 -0.0775523 -0.262887
FixedParameters: 0 0 0

#Transform 108
Transform: AffineTransform_float_3_3
Parameters: 0.999983 0.00327742 -0.00492535 -0.00330309 0.999981 -0.00515895 0.00490813 0.00517429 0.999974 -0.0326471 -0.11021 -0.29268
FixedParameters: 0 0 0

#Transform 109
Transform: AffineTransform_float_3_3
Parameters: 0.999983 0.00343527 -0.00469519 -0.00345695 0.999983 -0.00465021 0.00467957 0.00466591 0.999978 -0.01867 0.00903853 -0.299467
FixedParameters: 0 0 0

#Transform 110
Transform: AffineTransform_float_3_3
Parameters: 0.999985 0.0032944 -0.00431038 -0.00331202 0.999986 -0.00413793 0.00429628 0.00415242 0.999982 -0.0102389 -0.0581706 -0.235232
FixedParameters: 0 0 0

#Transform 111
Transform: AffineTransform_float_3_3
Parameters: 0.999985 0.00332023 -0.0044833 -0.00333813 0.999987 -0.00389756 0.0044708 0.00391267 0.999982 -0.0213179 -0.109541 -0.193453
FixedParameters: 0 0 0

#Transform 112
Transform: AffineTransform_float_3_3
Parameters: 0.999983 0.0033365 -0.00488446 -0.00335965 0.999984 -0.00468562 0.00486829 0.0047014 0.999978 -0.0327783 -0.0963355 -0.275868
FixedParameters: 0 0 0

#Transform 113
Transform: AffineTransform_float_3_3
Parameters: 0.999982 0.0033658 -0.00490991 -0.0033877 0.999984 -0.00453766 0.00489432 0.00455471 0.999977 -0.0322876 -0.104856 -0.272763
FixedParameters: 0 0 0

#Transform 114
Transform: AffineTransform_float_3_3
Parameters: 0.99998 0.00363514 -0.00504973 -0.00365864 0.999983 -0.00461799 0.00503307 0.00463646 0.999977 -0.0311583 -0.0744263 -0.278302
FixedParameters: 0 0 0

#Transform 115
Transform: AffineTransform_float_3_3
Parameters: 0.99998 0.00358439 -0.00525093 -0.00360926 0.999981 -0.00490088 0.00523381 0.00491987 0.999974 -0.0280932 -0.101689 -0.284135
FixedParameters: 0 0 0

#Transform 116
Transform: AffineTransform_float_3_3
Parameters: 0.999982 0.00348308 -0.00500388 -0.00350535 0.999984 -0.0043858 0.00498854 0.00440308 0.999978 -0.0387926 -0.095023 -0.312085
FixedParameters: 0 0 0

#Transform 117
Transform: AffineTransform_float_3_3
Parameters: 0.999981 0.00361446 -0.00504904 -0.00363548 0.999984 -0.00421866 0.00503355 0.004237 0.999978 -0.0346616 -0.117079 -0.346527
FixedParameters: 0 0 0

#Transform 118
Transform: AffineTransform_float_3_3
Parameters: 0.999981 0.00355406 -0.00501793 -0.00357868 0.999981 -0.00498339 0.00499996 0.00500127 0.999976 -0.0535912 -0.129483 -0.361308
FixedParameters: 0 0 0

#Transform 119
Transform: AffineTransform_float_3_3
Parameters: 0.999982 0.00325354 -0.00516213 -0.00327859 0.999984 -0.00470792 0.0051463 0.00472443 0.999976 -0.0316272 -0.0874108 -0.345369
FixedParameters: 0 0 0

#Transform 120
Transform: AffineTransform_float_3_3
Parameters: 0.999983 0.00316911 -0.00491036 -0.00318792 0.999987 -0.00384236 0.00489883 0.00385827 0.99998 -0.0339939 -0.104316 -0.314446
FixedParameters: 0 0 0

#Transform 121
Transform: AffineTransform_float_3_3
Parameters: 0.999981 0.00321998 -0.00519785 -0.00324348 0.999985 -0.00440819 0.00518351 0.00442522 0.999977 -0.0300145 -0.106541 -0.32552
FixedParameters: 0 0 0

#Transform 122
Transform: AffineTransform_float_3_3
Parameters: 0.999983 0.00318591 -0.0049199 -0.0032035 0.999989 -0.00357918 0.00490907 0.0035948 0.999981 -0.0327284 -0.110166 -0.29333
FixedParameters: 0 0 0

#Transform 123
Transform: AffineTransform_float_3_3
Parameters: 0.999984 0.00298036 -0.00484873 -0.00299935 0.999988 -0.00387812 0.0048375 0.00389183 0.999981 -0.00842305 -0.105374 -0.330156
FixedParameters: 0 0 0

#Transform 124
Transform: AffineTransform_float_3_3
Parameters: 0.999985 0.00270558 -0.00476679 -0.00272237 0.99999 -0.00343091 0.00475784 0.00344363 0.999983 0.0066145 -0.143393 -0.278784
FixedParameters: 0 0 0

#Transform 125
Transform: AffineTransform_float_3_3
Parameters: 0.999986 0.00303924 -0.00424333 -0.00305195 0.999991 -0.00300557 0.00423435 0.00301914 0.999986 -0.00155048 -0.0767087 -0.302547
FixedParameters: 0 0 0

#Transform 126
Transform: AffineTransform_float_3_3
Parameters: 0.999981 0.00371387 -0.00488214 -0.00372913 0.999988 -0.003255 0.00486997 0.00327302 0.999982 -0.00134504 -0.112898 -0.259184
FixedParameters: 0 0 0

#Transform 127
Transform: AffineTransform_float_3_3
Parameters: 0.999981 0.00338986 -0.005143 -0.00340604 0.999989 -0.00312531 0.00513204 0.00314291 0.999982 0.00653927 -0.134413 -0.260886
FixedParameters: 0 0 0

#Transform 128
Transform: AffineTransform_float_3_3
Parameters: 0.999983 0.00342332 -0.00471274 -0.00343712 0.999989 -0.00303234 0.00470152 0.00304843 0.999984 0.00896791 -0.103361 -0.22049
FixedParameters: 0 0 0

#Transform 129
Transform: AffineTransform_float_3_3
Parameters: 0.999979 0.00353696 -0.00540084 -0.003554 0.999989 -0.0030464 0.00538946 0.00306571 0.999981 -0.00131653 -0.14695 -0.240845
FixedParameters: 0 0 0

#Transform 130
Transform: AffineTransform_float_3_3
Parameters: 0.999978 0.00362429 -0.00564551 -0.00364011 0.999989 -0.00290918 0.00563508 0.00292951 0.99998 -0.00975876 -0.145889 -0.222358
FixedParameters: 0 0 0

#Transform 131
Transform: AffineTransform_float_3_3
Parameters: 0.999978 0.00363722 -0.0056296 -0.00365429 0.999989 -0.00305871 0.00561903 0.00307987 0.99998 -0.0243503 -0.10112 -0.211579
FixedParameters: 0 0 0

#Transform 132
Transform: AffineTransform_float_3_3
Parameters: 0.999977 0.00357885 -0.00570159 -0.00359181 0.999991 -0.00238207 0.00569287 0.00240244 0.999981 -0.0178428 -0.123857 -0.241051
FixedParameters: 0 0 0

#Transform 133
Transform: AffineTransform_float_3_3
Parameters: 0.999973 0.00361903 -0.00634407 -0.00363781 0.999989 -0.00288612 0.00633352 0.00290933 0.999975 -0.00481203 -0.151101 -0.257329
FixedParameters: 0 0 0

#Transform 134
Transform: AffineTransform_float_3_3
Parameters: 0.999975 0.00344272 -0.00619533 -0.00346029 0.99999 -0.00284026 0.00618525 0.00286161 0.999977 -0.00596552 -0.0904505 -0.237468
FixedParameters: 0 0 0

#Transform 135
Transform: AffineTransform_float_3_3
Parameters: 0.999975 0.00345429 -0.0061697 -0.00347221 0.999989 -0.00290468 0.00616017 0.00292598 0.999977 0.000170424 -0.136997 -0.264775
FixedParameters: 0 0 0

#Transform 136
Transform: AffineTransform_float_3_3
Parameters: 0.999973 0.00377375 -0.00626701 -0.00379112 0.999989 -0.00272786 0.00625698 0.00275134 0.999976 0.00721395 -0.113967 -0.179666
FixedParameters: 0 0 0

#Transform 137
Transform: AffineTransform_float_3_3
Parameters: 0.99997 0.003919 -0.00654419 -0.00393855 0.999987 -0.00293887 0.00653212 0.00296436 0.999975 -0.0145525 -0.105925 -0.221264
FixedParameters: 0 0 0

#Transform 138
Transform: AffineTransform_float_3_3
Parameters: 0.999972 0.00414214 -0.0062086 -0.00415652 0.999989 -0.00240081 0.00619845 0.0024265 0.999978 -0.0274208 -0.10162 -0.193519
FixedParameters: 0 0 0

#Transform 139
Transform: AffineTransform_float_3_3
Parameters: 0.999971 0.00399868 -0.00643461 -0.00401478 0.999989 -0.00254716 0.00642464 0.00257259 0.999976 -0.0189857 -0.106813 -0.254038
FixedParameters: 0 0 0

#Transform 140
Transform: AffineTransform_float_3_3
Parameters: 0.999971 0.00399828 -0.00648761 -0.0040141 0.999989 -0.00250401 0.00647799 0.00252985 0.999976 -0.0111973 -0.145302 -0.195378
FixedParameters: 0 0 0

#Transform 141
Transform: AffineTransform_float_3_3
Parameters: 0.999974 0.00374788 -0.0061074 -0.00376268 0.99999 -0.00228416 0.00609876 0.00230713 0.999979 -0.00122735 -0.122164 -0.193976
FixedParameters: 0 0 0

#Transform 142
Transform: AffineTransform_float_3_3
Parameters: 0.999971 0.00376722 -0.00669407 -0.00378816 0.999988 -0.00314423 0.00668179 0.00316934 0.999973 0.0017548 -0.138909 -0.290352
FixedParameters: 0 0 0

#Transform 143
Transform: AffineTransform_float_3_3
Parameters: 0.999974 0.00367777 -0.00623375 -0.00369299 0.99999 -0.00245136 0.00622453 0.00247485 0.999977 0.00389459 -0.12072 -0.269707
FixedParameters: 0 0 0

#Transform 144
Transform: AffineTransform_float_3_3
Parameters: 0.999973 0.00356027 -0.00639328 -0.00357843 0.999989 -0.00289251 0.00638282 0.00291585 0.999976 0.0155363 -0.14268 -0.270887
FixedParameters: 0 0 0

#Transform 145
Transform: AffineTransform_float_3_3
Parameters: 0.999975 0.00343904 -0.00615577 -0.00345397 0.999991 -0.00251846 0.00614621 0.0025398 0.999977 0.00921793 -0.0817112 -0.243941
FixedParameters: 0 0 0

#Transform 146
Transform: AffineTransform_float_3_3
Parameters: 0.999976 0.00353719 -0.00599657 -0.00355781 0.999988 -0.00342599 0.00598422 0.00344719 0.999977 -0.00192436 -0.156311 -0.248664
FixedParameters: 0 0 0

#Transform 147
Transform: AffineTransform_float_3_3
Parameters: 0.999974 0.00370007 -0.00616218 -0.00371628 0.99999 -0.00266144 0.00615217 0.00268462 0.999978 -0.0100723 -0.114422 -0.223035
FixedParameters: 0 0 0

#Transform 148
Transform: AffineTransform_float_3_3
Parameters: 0.999971 0.00368364 -0.00668297 -0.0037047 0.999988 -0.00306538 0.00667104 0.00308936 0.999973 -0.00692218 -0.090456 -0.269307
FixedParameters: 0 0 0

#Transform 149
Transform: AffineTransform_float_3_3
Parameters: 0.999968 0.00459494 -0.00651416 -0.00461932 0.999982 -0.00359254 0.00649698 0.00362269 0.999972 -0.0139777 -0.182671 -0.253686
FixedParameters: 0 0 0

#Transform 150
Transform: AffineTransform_float_3_3
Parameters: 0.999969 0.00391118 -0.00680858 -0.00393034 0.999989 -0.00279147 0.00679763 0.00281812 0.999973 0.007745 -0.0966268 -0.204278
FixedParameters: 0 0 0

#Transform 151
Transform: AffineTransform_float_3_3
Parameters: 0.999971 0.00365025 -0.00666883 -0.00367099 0.999989 -0.00314651 0.00665734 0.00317126 0.999973 0.00568684 -0.0984937 -0.232061
FixedParameters: 0 0 0

#Transform 152
Transform: AffineTransform_float_3_3
Parameters: 0.999973 0.0037242 -0.00634007 -0.00374068 0.99999 -0.00252922 0.00633102 0.00255327 0.999977 -0.00349879 -0.10454 -0.217754
FixedParameters: 0 0 0

#Transform 153
Transform: AffineTransform_float_3_3
Parameters: 0.99997 0.00379073 -0.00671684 -0.00381036 0.999988 -0.00296441 0.00670596 0.00299006 0.999973 0.0153463 -0.110689 -0.260174
FixedParameters: 0 0 0

#Transform 154
Transform: AffineTransform_float_3_3
Parameters: 0.999972 0.0038242 -0.00644935 -0.00383717 0.999991 -0.00198594 0.00644158 0.00201003 0.999977 0.0202333 -0.107987 -0.101881
FixedParameters: 0 0 0

#Transform 155
Transform: AffineTransform_float_3_3
Parameters: 0.999971 0.0038959 -0.00668485 -0.00390696 0.999991 -0.00174509 0.00667767 0.0017709 0.999977 0.0111624 -0.128837 -0.109279
FixedParameters: 0 0 0

#Transform 156
Transform: AffineTransform_float_3_3
Parameters: 0.999969 0.00396693 -0.00677429 -0.00398644 0.999988 -0.00292424 0.00676261 0.00295131 0.999973 0.0117126 -0.130593 -0.125144
FixedParameters: 0 0 0

#Transform 157
Transform: AffineTransform_float_3_3
Parameters: 0.999971 0.00369571 -0.00670067 -0.00370814 0.999991 -0.00194387 0.00669344 0.00196845 0.999975 0.0227038 -0.0629875 -0.0537979
FixedParameters: 0 0 0

#Transform 158
Transform: AffineTransform_float_3_3
Parameters: 0.99997 0.0038611 -0.00674978 -0.00387618 0.99999 -0.002238 0.00674121 0.00226452 0.999975 0.000169503 -0.101257 -0.170594
FixedParameters: 0 0 0

#Transform 159
Transform: AffineTransform_float_3_3
Parameters: 0.999972 0.00364014 -0.00657767 -0.00365567 0.99999 -0.00224311 0.00656949 0.00226687 0.999975 -0.000552371 -0.113047 -0.136558
FixedParameters: 0 0 0

#Transform 160
Transform: AffineTransform_float_3_3
Parameters: 0.999968 0.00370793 -0.007037 -0.00372344 0.999991 -0.00206404 0.00702886 0.00209026 0.999973 0.013948 -0.136839 -0.177777
FixedParameters: 0 0 0

#Transform 161
Transform: AffineTransform_float_3_3
Parameters: 0.99997 0.0037508 -0.00671254 -0.00376698 0.99999 -0.00235795 0.00670462 0.00238328 0.999974 0.0117696 -0.128685 -0.117429
FixedParameters: 0 0 0

#Transform 162
Transform: AffineTransform_float_3_3
Parameters: 0.999971 0.00374086 -0.00666807 -0.00375182 0.999992 -0.00148653 0.00666236 0.00151116 0.999977 0.0263422 -0.163317 -0.059533
FixedParameters: 0 0 0

#Transform 163
Transform: AffineTransform_float_3_3
Parameters: 0.999971 0.00371232 -0.0067083 -0.0037248 0.999991 -0.00178047 0.00670187 0.00180546 0.999976 0.0120493 -0.0827818 -0.111905
FixedParameters: 0 0 0

#Transform 164
Transform: AffineTransform_float_3_3
Parameters: 0.99997 0.00373722 -0.00671925 -0.00374826 0.999992 -0.00157383 0.00671354 0.00159872 0.999976 0.0142293 -0.116885 -0.068422
FixedParameters: 0 0 0

#Transform 165
Transform: AffineTransform_float_3_3
Parameters: 0.999969 0.00391608 -0.0067686 -0.00393115 0.99999 -0.00215621 0.00676076 0.00218287 0.999975 0.0061917 -0.0953314 -0.11787
FixedParameters: 0 0 0

#Transform 166
Transform: AffineTransform_float_3_3
Parameters: 0.999967 0.00390491 -0.00715583 -0.00392195 0.999989 -0.00239091 0.00714621 0.00241842 0.999971 0.0217045 -0.128956 -0.136778
FixedParameters: 0 0 0

#Transform 167
Transform: AffineTransform_float_3_3
Parameters: 0.999969 0.00403362 -0.00681061 -0.00404613 0.99999 -0.00185741 0.00680386 0.00188466 0.999975 0.0137341 -0.108092 -0.090426
FixedParameters: 0 0 0

#Transform 168
Transform: AffineTransform_float_3_3
Parameters: 0.999966 0.00401071 -0.00723924 -0.00402825 0.999989 -0.00239386 0.00722912 0.00242274 0.999971 -0.00293588 -0.132433 -0.194375
FixedParameters: 0 0 0

#Transform 169
Transform: AffineTransform_float_3_3
Parameters: 0.999963 0.00413594 -0.00741644 -0.00415269 0.999989 -0.00229749 0.00740739 0.00232824 0.999969 0.00187841 -0.150923 -0.188477
FixedParameters: 0 0 0

#Transform 170
Transform: AffineTransform_float_3_3
Parameters: 0.999964 0.00410744 -0.00741504 -0.00411971 0.99999 -0.00172104 0.0074079 0.00175132 0.999971 -0.00589936 -0.0806007 -0.170646
FixedParameters: 0 0 0

#Transform 171
Transform: AffineTransform_float_3_3
Parameters: 0.999968 0.00390541 -0.00696736 -0.00391585 0.999991 -0.00144524 0.00696101 0.00147271 0.999974 -0.00749469 -0.107036 -0.152641
FixedParameters: 0 0 0

#Transform 172
Transform: AffineTransform_float_3_3
Parameters: 0.999967 0.00372368 -0.00722014 -0.00373475 0.999992 -0.00150264 0.00721375 0.00152895 0.999973 0.00646566 -0.116806 -0.126107
FixedParameters: 0 0 0

#Transform 173
Transform: AffineTransform_float_3_3
Parameters: 0.999967 0.00375404 -0.00721173 -0.00376925 0.999991 -0.00205258 0.00720315 0.00207908 0.999972 0.0210922 -0.190772 -0.121677
FixedParameters: 0 0 0

#Transform 174
Transform: AffineTransform_float_3_3
Parameters: 0.999969 0.00387704 -0.00691786 -0.00389554 0.999989 -0.0026077 0.00690779 0.00263458 0.999973 0.0100071 -0.172762 -0.15332
FixedParameters: 0 0 0

#Transform 175
Transform: AffineTransform_float_3_3
Parameters: 0.999968 0.00376168 -0.00709825 -0.00377261 0.999991 -0.0014765 0.00709315 0.00150329 0.999973 0.00434944 -0.140607 -0.162047
FixedParameters: 0 0 0

#Transform 176
Transform: AffineTransform_float_3_3
Parameters: 0.999971 0.00377511 -0.00671883 -0.00377765 0.999993 -0.000451705 0.00671709 0.000477427 0.999977 0.0045481 -0.125441 -0.0307431
FixedParameters: 0 0 0

#Transform 177
Transform: AffineTransform_float_3_3
Parameters: 0.999969 0.00381138 -0.00679159 -0.00381576 0.999992 -0.000508159 0.00678972 0.000534176 0.999976 -0.00772305 -0.100993 -0.104017
FixedParameters: 0 0 0

#Transform 178
Transform: AffineTransform_float_3_3
Parameters: 0.99997 0.00379684 -0.00684986 -0.00380111 0.999992 -0.000589846 0.00684802 0.000616618 0.999976 0.00724928 -0.17913 -0.1103
FixedParameters: 0 0 0

#Transform 179
Transform: AffineTransform_float_3_3
Parameters: 0.999969 0.00280901 -0.00730196 -0.00279124 0.999993 0.0024658 0.00730844 -0.00244566 0.99997 0.0338747 -0.108169 0.0864539
FixedParameters: 0 0 0

#Transform 180
Transform: AffineTransform_float_3_3
Parameters: 0.999968 0.00324331 -0.00734714 -0.00322367 0.999991 0.00267732 0.00735635 -0.00265384 0.99997 0.0341118 -0.171249 0.103843
FixedParameters: 0 0 0

#Transform 181
Transform: AffineTransform_float_3_3
Parameters: 0.999965 0.00350524 -0.00765029 -0.00349338 0.999993 0.00145484 0.00765522 -0.0014275 0.99997 0.0133535 -0.169485 0.0259907
FixedParameters: 0 0 0

#Transform 182
Transform: AffineTransform_float_3_3
Parameters: 0.999965 0.00370307 -0.00745609 -0.00369291 0.999992 0.0013011 0.00746101 -0.00127396 0.999971 0.00236301 -0.16839 0.022892
FixedParameters: 0 0 0

#Transform 183
Transform: AffineTransform_float_3_3
Parameters: 0.999962 0.00404571 -0.00771858 -0.00403723 0.999991 0.00116152 0.00772313 -0.00113017 0.999969 0.00529672 -0.192402 -0.0558896
FixedParameters: 0 0 0

#Transform 184
Transform: AffineTransform_float_3_3
Parameters: 0.999961 0.00379263 -0.00806032 -0.0037879 0.999993 0.000564887 0.00806235 -0.000534183 0.999967 -0.00138906 -0.176892 -0.0398685
FixedParameters: 0 0 0

#Transform 185
Transform: AffineTransform_float_3_3
Parameters: 0.999961 0.00418397 -0.00776367 -0.00417454 0.999991 0.00124146 0.00776819 -0.00120897 0.999969 -0.0141992 -0.16441 -0.0606354
FixedParameters: 0 0 0

#Transform 186
Transform: AffineTransform_float_3_3
Parameters: 0.99996 0.00385578 -0.00807477 -0.00385002 0.999992 0.000767462 0.00807812 -0.00073632 0.999967 -0.0213265 -0.234173 -0.227927
FixedParameters: 0 0 0

#Transform 187
Transform: AffineTransform_float_3_3
Parameters: 0.99996 0.00387423 -0.00810646 -0.00386668 0.999992 0.000892164 0.00810984 -0.000859898 0.999967 -0.0144955 -0.211965 -0.198019
FixedParameters: 0 0 0

#Transform 188
Transform: AffineTransform_float_3_3
Parameters: 0.999961 0.00398508 -0.00794977 -0.0039788 0.999992 0.000895209 0.0079536 -0.000864065 0.999968 -0.00981185 -0.121454 -0.0501846
