# transform file /out/sourcedata/freesurfer/sub-v1s4x0050707_ses-1/mri/transforms/cc_up.lta
# created by oesteban on Tue Mar 10 04:41:55 2026

type      = 0 # LINEAR_VOX_TO_VOX
nxforms   = 1
mean      = 128.0000 115.0000 119.0000
sigma     = 10000.0000
1 4 4
9.969106316566467e-01 7.760877907276154e-02 -1.208864897489548e-02 -5.521678924560547e+00 
-7.760307192802429e-02 9.969839453697205e-01 9.410235215909779e-04 4.410943603515625e+01 
1.212522014975548e-02 -5.820766091346741e-11 9.999265074729919e-01 1.245635604858398e+01 
0.000000000000000e+00 0.000000000000000e+00 0.000000000000000e+00 1.000000000000000e+00 
src volume info
valid = 1  # volume info valid
filename = /out/sourcedata/freesurfer/sub-v1s4x0050707_ses-1/mri/norm.mgz
volume = 256 256 256
voxelsize = 1.000000000000000e+00 1.000000000000000e+00 1.000000000000000e+00
xras   = -1.000000000000000e+00 -5.820766091346741e-10 0.000000000000000e+00
yras   = -1.862645149230957e-09 -3.725290298461914e-09 -9.999999403953552e-01
zras   = 5.820766091346741e-10 9.999999403953552e-01 -3.725290298461914e-09
cras   = 9.167785644531250e-01 3.501892089843750e-02 -1.985173034667969e+01
dst volume info
valid = 1  # volume info valid
filename = /out/sourcedata/freesurfer/sub-v1s4x0050707_ses-1/mri/norm.mgz
volume = 256 256 256
voxelsize = 1.000000000000000e+00 1.000000000000000e+00 1.000000000000000e+00
xras   = -1.000000000000000e+00 -5.820766091346741e-10 0.000000000000000e+00
yras   = -1.862645149230957e-09 -3.725290298461914e-09 -9.999999403953552e-01
zras   = 5.820766091346741e-10 9.999999403953552e-01 -3.725290298461914e-09
cras   = 9.167785644531250e-01 3.501892089843750e-02 -1.985173034667969e+01
