type      = 0 # LINEAR_VOX_TO_VOX
nxforms   = 1
mean      = 0.0000 0.0000 0.0000
sigma     = 1.0000
1 4 4
1.111085057258606e+00 5.822300165891647e-02 -8.541000075638294e-03 -1.955950927734375e+01 
-5.305099859833717e-02 1.229895830154419e+00 2.882969677448273e-01 -3.699206542968750e+01 
-2.421900071203709e-02 -2.182599902153015e-01 1.176512837409973e+00 1.700782775878906e+00 
0.000000000000000e+00 0.000000000000000e+00 0.000000000000000e+00 1.000000000000000e+00 
src volume info
valid = 1  # volume info valid
filename = /out/sourcedata/freesurfer/sub-v1s4x0050707_ses-1/mri/orig.mgz
volume = 256 256 256
voxelsize = 1.000000000000000e+00 1.000000000000000e+00 1.000000000000000e+00
xras   = -1.000000000000000e+00 -5.820766091346741e-10 0.000000000000000e+00
yras   = -1.862645149230957e-09 -3.725290298461914e-09 -9.999999403953552e-01
zras   = 5.820766091346741e-10 9.999999403953552e-01 -3.725290298461914e-09
cras   = 9.167785644531250e-01 3.501892089843750e-02 -1.985173034667969e+01
dst volume info
valid = 1  # volume info valid
filename = /opt/freesurfer/average/mni305.cor.mgz
volume = 256 256 256
voxelsize = 1.000000000000000e+00 1.000000000000000e+00 1.000000000000000e+00
xras   = -1.000000000000000e+00 0.000000000000000e+00 0.000000000000000e+00
yras   = 0.000000000000000e+00 0.000000000000000e+00 -1.000000000000000e+00
zras   = 0.000000000000000e+00 1.000000000000000e+00 0.000000000000000e+00
cras   = 0.000000000000000e+00 0.000000000000000e+00 0.000000000000000e+00
subject fsaverage
fscale 0.100000
