# transform file transforms/talairach.lta
# created by oesteban on Tue Mar 10 03:14:04 2026

type      = 0 # LINEAR_VOX_TO_VOX
nxforms   = 1
mean      = 128.0000 115.0000 119.0000
sigma     = 10000.0000
1 4 4
1.037070155143738e+00 1.813037134706974e-02 -1.141901500523090e-02 -6.763130187988281e+00 
-3.150729928165674e-03 1.162731647491455e+00 1.588384360074997e-01 -2.395292091369629e+01 
1.438258588314056e-02 -1.479356288909912e-01 1.033061742782593e+00 5.598069190979004e+00 
0.000000000000000e+00 0.000000000000000e+00 0.000000000000000e+00 1.000000000000000e+00 
src volume info
valid = 1  # volume info valid
filename = nu.mgz
volume = 256 256 256
voxelsize = 1.000000000000000e+00 1.000000000000000e+00 1.000000000000000e+00
xras   = -1.000000000000000e+00 -5.820766091346741e-10 0.000000000000000e+00
yras   = -1.862645149230957e-09 -3.725290298461914e-09 -9.999999403953552e-01
zras   = 5.820766091346741e-10 9.999999403953552e-01 -3.725290298461914e-09
cras   = 9.167785644531250e-01 3.501892089843750e-02 -1.985173034667969e+01
dst volume info
valid = 1  # volume info valid
filename = /opt/freesurfer/average/RB_all_2020-01-02.gca
volume = 256 256 256
voxelsize = 1.000000000000000e+00 1.000000000000000e+00 1.000000000000000e+00
xras   = -1.000000000000000e+00 0.000000000000000e+00 0.000000000000000e+00
yras   = 0.000000000000000e+00 0.000000000000000e+00 -1.000000000000000e+00
zras   = 0.000000000000000e+00 1.000000000000000e+00 0.000000000000000e+00
cras   = 0.000000000000000e+00 0.000000000000000e+00 0.000000000000000e+00
