#Insight Transform File V1.0
#Transform 0
Transform: AffineTransform_float_3_3
Parameters: 0.999999 -0.000145088 -0.00143096 0.000144965 1 -7.83891e-05 0.00143105 7.8042e-05 0.999999 0.0182346 0.0533451 -0.00106355
FixedParameters: 0 0 0

#Transform 1
Transform: AffineTransform_float_3_3
Parameters: 1 0.000289145 -0.000470591 -0.000288741 1 -0.000517314 0.000469921 0.000517398 1 -0.0050663 0.0216609 0.0144504
FixedParameters: 0 0 0

#Transform 2
Transform: AffineTransform_float_3_3
Parameters: 1 -0.000160224 -0.000533843 0.000159715 1 -0.000476852 0.000533994 0.000476679 0.999999 -0.00218839 0.0350814 -0.04764
FixedParameters: 0 0 0

#Transform 3
Transform: AffineTransform_float_3_3
Parameters: 1 0.000194997 -0.000254197 -0.000194983 1 2.86355e-05 0.000254207 -2.85366e-05 1 0.0015341 0.0188248 0.0125846
FixedParameters: 0 0 0

#Transform 4
Transform: AffineTransform_float_3_3
Parameters: 1 0.000171512 -0.000346851 -0.00017175 0.999999 -0.000930964 0.000347381 0.000931033 0.999999 -0.00802516 0.0682996 -0.00628173
FixedParameters: 0 0 0

#Transform 5
Transform: AffineTransform_float_3_3
Parameters: 0.999999 6.6054e-05 -0.000730084 -6.52113e-05 0.999999 0.000644269 0.000730329 -0.000644826 0.999999 0.00352163 0.0169358 0.0203524
FixedParameters: 0 0 0

#Transform 6
Transform: AffineTransform_float_3_3
Parameters: 1 0.00018887 -0.000161003 -0.00018893 1 -0.000187326 0.000160931 0.000187386 1 0.00129289 0.0295805 0.0321526
FixedParameters: 0 0 0

#Transform 7
Transform: AffineTransform_float_3_3
Parameters: 1 6.01327e-05 -0.000513412 -6.06247e-05 1 -0.000479371 0.000513353 0.000479431 1 0.00144231 0.0708628 0.00127069
FixedParameters: 0 0 0

#Transform 8
Transform: AffineTransform_float_3_3
Parameters: 1 0.000182762 -0.000373434 -0.000182781 1 0.000521435 0.000372774 -0.000521251 1 0.00620001 -0.0300998 0.0368261
FixedParameters: 0 0 0

#Transform 9
Transform: AffineTransform_float_3_3
Parameters: 1 -6.48063e-05 -0.000254917 6.46568e-05 1 -0.000293627 0.000254954 0.000293593 1 0.00592172 -0.00627898 0.0429796
FixedParameters: 0 0 0

#Transform 10
Transform: AffineTransform_float_3_3
Parameters: 1 0.000121997 -0.000320542 -0.000122265 1 -0.000417813 0.000320439 0.00041789 1 0.0127083 0.0386162 0.00306964
FixedParameters: 0 0 0

#Transform 11
Transform: AffineTransform_float_3_3
Parameters: 1 -0.000238083 -0.000328033 0.000238412 1 0.000499763 0.000327795 -0.000499918 1 0.00369445 -0.0162298 0.0308432
FixedParameters: 0 0 0

#Transform 12
Transform: AffineTransform_float_3_3
Parameters: 1 -0.00018007 -0.000600313 0.000179426 1 -0.000537056 0.000600505 0.000536838 0.999999 0.00637308 0.063303 -0.000357854
FixedParameters: 0 0 0

#Transform 13
Transform: AffineTransform_float_3_3
Parameters: 1 0.000244413 -0.000497854 -0.000245358 1 0.000354884 0.000497545 -0.000354407 1 -0.00148351 0.0190566 0.0232804
FixedParameters: 0 0 0

#Transform 14
Transform: AffineTransform_float_3_3
Parameters: 1 1.17477e-05 -0.000154238 -1.1958e-05 1 -0.000680847 0.000154221 0.000680848 1 -0.0127393 0.0193306 -0.0365132
FixedParameters: 0 0 0

#Transform 15
Transform: AffineTransform_float_3_3
Parameters: 1 0.000416434 -0.000470613 -0.000415971 1 0.000491756 0.000471022 -0.000491363 1 0.00190846 0.00565723 -0.00194939
FixedParameters: 0 0 0

#Transform 16
Transform: AffineTransform_float_3_3
Parameters: 1 0.000419344 0.000113683 -0.000420092 0.999999 -0.00062831 -0.000113842 0.000628398 1 -0.0226785 -0.000616852 0.0269934
FixedParameters: 0 0 0

#Transform 17
Transform: AffineTransform_float_3_3
Parameters: 1 0.000184311 -0.000572393 -0.000184445 1 -0.000117116 0.000572349 0.000117326 1 -0.00239952 -0.00770966 -0.0174471
FixedParameters: 0 0 0

#Transform 18
Transform: AffineTransform_float_3_3
Parameters: 1 0.000261849 7.02924e-05 -0.000261852 1 1.73043e-05 -7.02835e-05 -1.73412e-05 1 0.00146656 -0.0263388 0.0249926
FixedParameters: 0 0 0

#Transform 19
Transform: AffineTransform_float_3_3
Parameters: 1 -3.42371e-05 -0.000155765 3.40182e-05 1 -0.000702005 0.000155813 0.000701992 0.999999 -0.00675085 0.0257901 -0.0150147
FixedParameters: 0 0 0

#Transform 20
Transform: AffineTransform_float_3_3
Parameters: 1 -0.000232807 9.92375e-05 0.000232736 1 0.000358123 -9.94035e-05 -0.000358075 1 0.0134063 -0.0207136 0.00524858
FixedParameters: 0 0 0

#Transform 21
Transform: AffineTransform_float_3_3
Parameters: 1 -1.00021e-05 0.000104251 1.0187e-05 0.999999 -0.000889911 -0.000104234 0.00088991 0.999999 -0.0038392 0.0445751 -0.0106938
FixedParameters: 0 0 0

#Transform 22
Transform: AffineTransform_float_3_3
Parameters: 1 0.000117054 -0.000122628 -0.000117171 1 -0.000475985 0.000122516 0.000476012 1 -0.00116558 0.0541046 -0.0246313
FixedParameters: 0 0 0

#Transform 23
Transform: AffineTransform_float_3_3
Parameters: 1 5.13362e-05 -9.39074e-05 -5.12027e-05 0.999999 0.00070868 9.39805e-05 -0.000708669 0.999999 0.000700854 -0.00173707 0.0279961
FixedParameters: 0 0 0

#Transform 24
Transform: AffineTransform_float_3_3
Parameters: 1 0.000263929 0.000503273 -0.000263372 1 -0.000555087 -0.000503566 0.00055482 0.999999 -0.0170266 0.0267976 -0.00208847
FixedParameters: 0 0 0

#Transform 25
Transform: AffineTransform_float_3_3
Parameters: 1 -0.00022239 0.000153103 0.000222256 1 0.000438488 -0.000153297 -0.000438418 1 0.00756097 0.016899 0.015026
FixedParameters: 0 0 0

#Transform 26
Transform: AffineTransform_float_3_3
Parameters: 1 -8.75736e-05 0.000339721 8.7466e-05 1 0.00015825 -0.000339748 -0.000158189 1 -0.00303106 -0.025814 0.0202983
FixedParameters: 0 0 0

#Transform 27
Transform: AffineTransform_float_3_3
Parameters: 1 0.000294445 0.00042407 -0.000294952 1 -0.000453987 -0.000423968 0.000453923 1 -0.00889939 0.0439615 -0.0282452
FixedParameters: 0 0 0

#Transform 28
Transform: AffineTransform_float_3_3
Parameters: 1 -9.57128e-05 -0.000201398 9.57189e-05 1 1.41216e-05 0.000201395 -1.41602e-05 1 0.00443538 0.00127447 0.00557576
FixedParameters: 0 0 0

#Transform 29
Transform: AffineTransform_float_3_3
Parameters: 1 -0.000132898 -3.39167e-05 0.00013286 1 -0.000552661 3.40632e-05 0.000552651 1 -0.007918 0.0294271 -0.037377
FixedParameters: 0 0 0

#Transform 30
Transform: AffineTransform_float_3_3
Parameters: 1 0.00015846 0.000110043 -0.00015898 1 0.000503289 -0.000110734 -0.000503276 1 -0.00418389 -0.0125144 0.00956971
FixedParameters: 0 0 0

#Transform 31
Transform: AffineTransform_float_3_3
Parameters: 1 -4.34571e-05 0.000191969 4.36384e-05 1 -0.000473398 -0.000191928 0.000473414 1 -0.0160557 0.0154167 -0.01093
FixedParameters: 0 0 0

#Transform 32
Transform: AffineTransform_float_3_3
Parameters: 1 0.000140673 -0.000141262 -0.000140611 1 0.000218806 0.000141324 -0.000218765 1 0.00394468 0.00617288 -0.0404961
FixedParameters: 0 0 0

#Transform 33
Transform: AffineTransform_float_3_3
Parameters: 1 2.92319e-06 -0.000346797 -3.71219e-06 1 0.000145359 0.000347167 -0.000145171 1 0.00383323 -0.0153399 -0.00269459
FixedParameters: 0 0 0

#Transform 34
Transform: AffineTransform_float_3_3
Parameters: 1 0.000220468 -0.000136659 -0.000220473 1 -1.93672e-05 0.00013665 1.94272e-05 1 -0.00348402 0.0123855 -0.0342053
FixedParameters: 0 0 0

#Transform 35
Transform: AffineTransform_float_3_3
Parameters: 1 0.000291257 -0.000127097 -0.000291589 1 0.000304486 0.000126423 -0.000304365 1 0.00285313 -0.0209431 0.00463177
FixedParameters: 0 0 0

#Transform 36
Transform: AffineTransform_float_3_3
Parameters: 1 0.000209861 -0.000432632 -0.000209719 1 0.00016379 0.0004327 -0.000163609 1 -0.0075613 0.0234 -0.0435344
FixedParameters: 0 0 0

#Transform 37
Transform: AffineTransform_float_3_3
Parameters: 1 0.000408401 -0.000186886 -0.000408233 1 0.000451266 0.000187254 -0.000451113 1 0.00791747 -0.0010679 -0.0137633
FixedParameters: 0 0 0

#Transform 38
Transform: AffineTransform_float_3_3
Parameters: 1 0.000287006 -0.000332018 -0.000287199 1 -0.000290559 0.00033185 0.000290748 1 0.000505143 0.0603625 -0.078033
FixedParameters: 0 0 0

#Transform 39
Transform: AffineTransform_float_3_3
Parameters: 1 0.000133848 7.98811e-05 -0.000133949 1 0.000633953 -7.97108e-05 -0.000633972 1 0.00680379 -0.00608474 -0.00137635
FixedParameters: 0 0 0

#Transform 40
Transform: AffineTransform_float_3_3
Parameters: 1 0.000221767 -5.98828e-05 -0.000221852 0.999999 -0.000704251 5.95694e-05 0.000704275 0.999999 0.00453509 0.0283514 -0.0399745
FixedParameters: 0 0 0

#Transform 41
Transform: AffineTransform_float_3_3
Parameters: 1 0.000155107 -0.000168671 -0.000154954 1 0.000450917 0.000168811 -0.000450863 1 0.00622837 -0.0149879 -0.0378909
FixedParameters: 0 0 0

#Transform 42
Transform: AffineTransform_float_3_3
Parameters: 1 0.000169211 -2.3562e-06 -0.000169211 1 -5.61084e-05 2.33695e-06 5.61089e-05 1 0.00812138 -0.0206133 -0.0163297
FixedParameters: 0 0 0

#Transform 43
Transform: AffineTransform_float_3_3
Parameters: 1 8.66728e-05 3.15702e-05 -8.66935e-05 1 0.000328641 -3.1513e-05 -0.000328645 1 0.0132294 0.000302263 -0.0545438
FixedParameters: 0 0 0

#Transform 44
Transform: AffineTransform_float_3_3
Parameters: 1 -0.000262189 0.000102794 0.000262085 1 0.000508505 -0.000103059 -0.000508449 1 0.0271846 -0.0409676 -0.0194861
FixedParameters: 0 0 0

#Transform 45
Transform: AffineTransform_float_3_3
Parameters: 1 -0.00029022 -1.53411e-05 0.000290227 1 0.000222704 1.52124e-05 -0.000222712 1 0.0188863 0.0185615 -0.0795693
FixedParameters: 0 0 0

#Transform 46
Transform: AffineTransform_float_3_3
Parameters: 1 -0.000136487 -0.000117786 0.00013661 1 0.00051874 0.000117645 -0.000518771 1 0.0278103 -0.02516 -0.00937571
FixedParameters: 0 0 0

#Transform 47
Transform: AffineTransform_float_3_3
Parameters: 1 -0.000178776 -6.96824e-05 0.000178814 1 0.000270789 6.95859e-05 -0.000270813 1 0.0122312 0.0215257 -0.0673289
FixedParameters: 0 0 0

#Transform 48
Transform: AffineTransform_float_3_3
Parameters: 1 -0.000155776 -0.000121362 0.000155927 1 0.000618832 0.000121169 -0.000618867 1 0.0174919 0.0119665 -0.0634686
FixedParameters: 0 0 0

#Transform 49
Transform: AffineTransform_float_3_3
Parameters: 1 -4.98718e-05 -0.000110156 4.98826e-05 1 4.76114e-05 0.000110152 -4.76223e-05 1 0.0118815 0.0294477 -0.0580386
FixedParameters: 0 0 0

#Transform 50
Transform: AffineTransform_float_3_3
Parameters: 1 -0.000108474 0.000240392 0.000108678 0.999999 0.00128478 -0.000240667 -0.00128489 0.999999 0.00380951 -0.00364861 -0.0192098
FixedParameters: 0 0 0

#Transform 51
Transform: AffineTransform_float_3_3
Parameters: 1 7.96068e-05 -0.000400444 -7.94681e-05 1 0.000682943 0.000399702 -0.000682831 1 0.00281076 0.0202391 -0.00414691
FixedParameters: 0 0 0

#Transform 52
Transform: AffineTransform_float_3_3
Parameters: 1 5.43583e-05 -0.000433742 -5.37703e-05 1 0.000676803 0.000433815 -0.000676754 0.999999 0.0107501 0.0380504 -0.0400119
FixedParameters: 0 0 0

#Transform 53
Transform: AffineTransform_float_3_3
Parameters: 1 6.01592e-05 -0.000456477 -5.97269e-05 1 0.000995115 0.000456117 -0.000994998 1 0.011454 -0.00539178 0.028467
FixedParameters: 0 0 0

#Transform 54
Transform: AffineTransform_float_3_3
Parameters: 1 0.000192232 -0.000350528 -0.000192155 1 0.000110296 0.000350569 -0.000110162 1 0.00271995 0.0194744 -0.0280568
FixedParameters: 0 0 0

#Transform 55
Transform: AffineTransform_float_3_3
Parameters: 1 1.39143e-05 -0.000383207 -1.31868e-05 1 0.0010366 0.000383606 -0.00103658 1 0.00701008 -0.0141624 0.0119673
FixedParameters: 0 0 0

#Transform 56
Transform: AffineTransform_float_3_3
Parameters: 1 0.000428249 -0.000469994 -0.000428015 1 0.000249517 0.000470206 -0.000249114 1 -0.00737666 0.0444901 -0.0377106
FixedParameters: 0 0 0

#Transform 57
Transform: AffineTransform_float_3_3
Parameters: 0.999999 0.000325976 -0.000557458 -0.000324934 0.999999 0.00136082 0.000557864 -0.00136039 0.999999 0.00307067 -0.0146566 -0.0110458
FixedParameters: 0 0 0

#Transform 58
Transform: AffineTransform_float_3_3
Parameters: 1 0.000425633 -0.000512963 -0.000424996 0.999999 0.000620431 0.00051349 -0.000619993 0.999999 0.000664719 -0.0100411 0.0103798
FixedParameters: 0 0 0

#Transform 59
Transform: AffineTransform_float_3_3
Parameters: 0.999999 0.000605168 -0.000671037 -0.000603905 0.999999 0.00129567 0.000672123 -0.00129479 0.999999 -0.00369573 0.010878 -0.0299218
FixedParameters: 0 0 0

#Transform 60
Transform: AffineTransform_float_3_3
Parameters: 1 0.000517059 -0.000589785 -0.000517047 1 0.000931741 0.000591204 -0.000931666 0.999999 -0.00123726 -0.0283121 -0.0011266
FixedParameters: 0 0 0

#Transform 61
Transform: AffineTransform_float_3_3
Parameters: 1 0.000627224 -0.000757046 -0.000626427 0.999999 0.000947273 0.000757257 -0.000947668 0.999999 -0.00154054 0.0197108 -0.045873
FixedParameters: 0 0 0

#Transform 62
Transform: AffineTransform_float_3_3
Parameters: 1 0.000631191 -0.00074793 -0.00063041 0.999999 0.00094836 0.000748151 -0.000948761 0.999999 0.0162286 -0.0272803 -0.00472324
FixedParameters: 0 0 0

#Transform 63
Transform: AffineTransform_float_3_3
Parameters: 0.999999 0.000371626 -0.0005429 -0.000371119 1 0.000905528 0.000543093 -0.000905063 1 0.00506169 -0.0192262 -0.00641526
FixedParameters: 0 0 0

#Transform 64
Transform: AffineTransform_float_3_3
Parameters: 1 0.000339442 -0.000500122 -0.000338458 0.999998 0.00155822 0.000500859 -0.00155847 0.999999 0.00410815 -0.0154598 -0.00704641
FixedParameters: 0 0 0

#Transform 65
Transform: AffineTransform_float_3_3
Parameters: 1 0.000426826 -0.00051605 -0.000426344 1 0.000466695 0.000516447 -0.000466254 1 -0.00695934 0.0175404 0.000840045
FixedParameters: 0 0 0

#Transform 66
Transform: AffineTransform_float_3_3
Parameters: 0.999999 0.000133402 -0.000729274 -0.000133026 1 0.00119436 0.000729482 -0.00119391 0.999999 0.00584732 -0.0138332 0.00470825
FixedParameters: 0 0 0

#Transform 67
Transform: AffineTransform_float_3_3
Parameters: 1 0.00033087 -0.000370994 -0.000330734 1 0.00100017 0.000370892 -0.0010006 0.999999 -0.000357041 -0.0219203 0.0188858
FixedParameters: 0 0 0

#Transform 68
Transform: AffineTransform_float_3_3
Parameters: 1 -7.82469e-05 -0.000327067 7.87229e-05 0.999999 0.000726313 0.000326953 -0.000726362 0.999999 0.0210961 0.021474 -0.0279862
FixedParameters: 0 0 0

#Transform 69
Transform: AffineTransform_float_3_3
Parameters: 1 -0.000241841 -0.00051671 0.000242419 0.999998 0.00194761 0.00051603 -0.00194759 0.999998 0.0322646 -0.0563456 -0.000129415
FixedParameters: 0 0 0

#Transform 70
Transform: AffineTransform_float_3_3
Parameters: 1 0.000124044 -0.0006396 -0.000123804 1 0.000935837 0.000640573 -0.000935476 1 0.0209463 -0.00766598 -0.0144686
FixedParameters: 0 0 0

#Transform 71
Transform: AffineTransform_float_3_3
Parameters: 0.999999 0.00016369 -0.000760097 -0.000162237 0.999999 0.00133363 0.000760213 -0.00133398 0.999999 0.0268162 0.0258439 -0.0319702
FixedParameters: 0 0 0

#Transform 72
Transform: AffineTransform_float_3_3
Parameters: 0.999999 0.000220841 -0.000718926 -0.000219083 0.999999 0.00169103 0.000719278 -0.00169137 0.999998 0.0149702 -0.0281386 0.0385803
FixedParameters: 0 0 0

#Transform 73
Transform: AffineTransform_float_3_3
Parameters: 1 -0.000175186 -0.00038762 0.000175987 1 0.00111913 0.000387599 -0.00111925 1 0.0257001 0.0123783 -0.0171493
FixedParameters: 0 0 0

#Transform 74
Transform: AffineTransform_float_3_3
Parameters: 1 -2.79408e-05 -0.000200402 2.83782e-05 0.999999 0.00175208 0.000200763 -0.00175279 0.999998 0.0202633 0.0104704 -0.0143425
FixedParameters: 0 0 0

#Transform 75
Transform: AffineTransform_float_3_3
Parameters: 1 -7.36178e-05 -0.00037983 7.40466e-05 1 0.000563308 0.000379747 -0.000563362 1 0.0203529 0.000886688 0.00715929
FixedParameters: 0 0 0

#Transform 76
Transform: AffineTransform_float_3_3
Parameters: 1 0.000104024 -0.00034669 -0.000104655 0.999999 0.000961806 0.000346409 -0.000961498 0.999999 0.0233394 0.00390207 -0.0130416
FixedParameters: 0 0 0

#Transform 77
Transform: AffineTransform_float_3_3
Parameters: 1 0.000347009 -0.000173848 -0.000346166 0.999998 0.00180184 0.000174336 -0.00180257 0.999998 0.0105878 -0.0192654 0.0365384
FixedParameters: 0 0 0

#Transform 78
Transform: AffineTransform_float_3_3
Parameters: 1 0.00012289 -0.000343149 -0.000123281 0.999999 0.00072502 0.000343697 -0.000724748 0.999999 0.0122048 0.021183 -0.00318168
FixedParameters: 0 0 0

#Transform 79
Transform: AffineTransform_float_3_3
Parameters: 1 0.000259056 -0.000339285 -0.000258327 0.999998 0.00187428 0.000340147 -0.00187403 0.999998 0.00871749 -0.023991 0.0147286
FixedParameters: 0 0 0

#Transform 80
Transform: AffineTransform_float_3_3
Parameters: 1 0.000385613 -0.000406901 -0.00038542 1 0.000981964 0.000406893 -0.000982326 0.999999 0.013734 -0.0180574 0.0116592
FixedParameters: 0 0 0

#Transform 81
Transform: AffineTransform_float_3_3
Parameters: 0.999999 8.84382e-05 -0.000693963 -8.76447e-05 1 0.000914695 0.000693645 -0.000914511 1 0.0182228 0.0251838 -0.022092
FixedParameters: 0 0 0

#Transform 82
Transform: AffineTransform_float_3_3
Parameters: 1 0.000386612 -0.000166624 -0.000385665 0.999998 0.00159711 0.000167009 -0.00159711 0.999999 0.00838995 -0.000128364 -0.00758321
FixedParameters: 0 0 0

#Transform 83
Transform: AffineTransform_float_3_3
Parameters: 1 0.000334604 -0.000591589 -0.000333863 1 0.000793312 0.000592205 -0.000793639 0.999999 0.00204824 0.0119633 -0.0133052
FixedParameters: 0 0 0

#Transform 84
Transform: AffineTransform_float_3_3
Parameters: 1 0.000361751 -0.000171134 -0.000360945 0.999999 0.0017253 0.00017162 -0.00172602 0.999998 0.00303493 -0.0108075 0.0205156
FixedParameters: 0 0 0

#Transform 85
Transform: AffineTransform_float_3_3
Parameters: 1 0.00049903 -0.000146189 -0.000499341 1 0.00101304 0.000146436 -0.00101357 0.999999 0.00410855 -0.0408125 0.011039
FixedParameters: 0 0 0

#Transform 86
Transform: AffineTransform_float_3_3
Parameters: 1 5.14297e-05 -0.000563824 -5.00183e-05 0.999999 0.00131049 0.000564329 -0.00131042 0.999999 0.0212444 0.00860352 -0.0222271
FixedParameters: 0 0 0

#Transform 87
Transform: AffineTransform_float_3_3
Parameters: 1 0.000303367 -0.000379108 -0.00030269 0.999999 0.0015207 0.00037955 -0.00152041 0.999999 0.0160783 -0.0463919 0.0371254
FixedParameters: 0 0 0

#Transform 88
Transform: AffineTransform_float_3_3
Parameters: 0.999999 0.00014967 -0.000949125 -0.000148404 1 0.000917485 0.000948918 -0.000917141 0.999999 0.0115619 0.0142224 -0.0159888
FixedParameters: 0 0 0

#Transform 89
Transform: AffineTransform_float_3_3
Parameters: 0.999999 0.00013795 -0.000600686 -0.000136636 0.999998 0.00188647 0.000600245 -0.00188619 0.999998 0.00864451 -0.0135753 0.0209518
FixedParameters: 0 0 0

#Transform 90
Transform: AffineTransform_float_3_3
Parameters: 0.999999 0.000299441 -0.000710477 -0.000298466 0.999999 0.000685862 0.000710886 -0.000685436 0.999999 0.0122064 0.00180078 0.0193607
FixedParameters: 0 0 0

#Transform 91
Transform: AffineTransform_float_3_3
Parameters: 0.999999 0.000573167 -0.000266622 -0.000573313 0.999998 0.00175686 0.000267393 -0.00175717 0.999998 -0.00191756 0.0153321 0.00195097
FixedParameters: 0 0 0

#Transform 92
Transform: AffineTransform_float_3_3
Parameters: 1 0.000391864 -0.000493552 -0.000390719 0.999999 0.00122799 0.000494884 -0.00122759 0.999999 0.00236096 0.0107011 0.0101979
FixedParameters: 0 0 0

#Transform 93
Transform: AffineTransform_float_3_3
Parameters: 0.999999 0.000324018 -0.000638992 -0.000323431 0.999999 0.00152788 0.000639871 -0.00152722 0.999998 0.00285466 0.0111938 -0.00411645
FixedParameters: 0 0 0

#Transform 94
Transform: AffineTransform_float_3_3
Parameters: 1 0.000521003 -0.000214319 -0.000520832 0.999998 0.00150741 0.00021541 -0.00150712 0.999999 -0.00979677 0.00480917 0.0155592
FixedParameters: 0 0 0

#Transform 95
Transform: AffineTransform_float_3_3
Parameters: 0.999999 0.000394035 -0.000557298 -0.000393015 0.999999 0.00134137 0.000557874 -0.00134087 0.999999 0.00925692 0.0148477 -0.0243315
FixedParameters: 0 0 0

#Transform 96
Transform: AffineTransform_float_3_3
Parameters: 0.999999 0.00030125 -0.00053727 -0.00030014 0.999998 0.00191928 0.000537466 -0.00191884 0.999998 0.00612501 -0.0202497 0.0245491
FixedParameters: 0 0 0

#Transform 97
Transform: AffineTransform_float_3_3
Parameters: 1 0.000266553 -0.000538536 -0.00026561 0.999999 0.00131739 0.000538757 -0.00131704 0.999999 0.00869335 -0.00466558 -0.00759225
FixedParameters: 0 0 0

#Transform 98
Transform: AffineTransform_float_3_3
Parameters: 1 0.000227099 -0.000863977 -0.000225177 0.999998 0.00190156 0.000864727 -0.00190091 0.999998 0.005533 -0.00339942 -0.0206402
FixedParameters: 0 0 0

#Transform 99
Transform: AffineTransform_float_3_3
Parameters: 0.999999 0.000355525 -0.000691809 -0.000355314 0.999999 0.00121134 0.00069272 -0.00121126 0.999999 0.00626811 -0.00143516 0.00178771
FixedParameters: 0 0 0

#Transform 100
Transform: AffineTransform_float_3_3
Parameters: 1 0.000221354 -0.00102707 -0.00021948 0.999999 0.00162484 0.00102784 -0.00162479 0.999999 0.0130324 0.0142688 -0.00311449
FixedParameters: 0 0 0

#Transform 101
Transform: AffineTransform_float_3_3
Parameters: 1 0.000455533 -0.000891734 -0.000454561 0.999998 0.00166861 0.000892167 -0.00166889 0.999998 0.0124511 0.0270923 0.0275895
FixedParameters: 0 0 0

#Transform 102
Transform: AffineTransform_float_3_3
Parameters: 1 0.000375301 -0.000977119 -0.000374013 0.999999 0.00132308 0.000977628 -0.00132211 0.999998 0.0125272 0.035086 0.00839039
FixedParameters: 0 0 0

#Transform 103
Transform: AffineTransform_float_3_3
Parameters: 1 0.000334116 -0.00100926 -0.00033186 0.999998 0.00214322 0.00100997 -0.00214363 0.999997 0.0195431 -0.020275 0.0416349
FixedParameters: 0 0 0

#Transform 104
Transform: AffineTransform_float_3_3
Parameters: 1 0.000145481 -0.00103942 -0.000144264 0.999998 0.00186752 0.00103937 -0.00186674 0.999998 0.0163202 0.00173739 0.00978768
FixedParameters: 0 0 0

#Transform 105
Transform: AffineTransform_float_3_3
Parameters: 1 0.00014849 -0.00108889 -0.000145618 0.999996 0.00279254 0.00108901 -0.00279166 0.999995 0.022754 -0.0441825 0.0438185
FixedParameters: 0 0 0

#Transform 106
Transform: AffineTransform_float_3_3
Parameters: 1 0.000706434 -0.000858225 -0.00070536 0.999998 0.00173448 0.000859426 -0.00173371 0.999998 -0.00329793 -0.0045861 0.045033
FixedParameters: 0 0 0

#Transform 107
Transform: AffineTransform_float_3_3
Parameters: 0.999999 0.000417866 -0.00128713 -0.000415262 0.999998 0.00173937 0.00128778 -0.00173866 0.999998 0.00234483 0.0304556 0.019394
FixedParameters: 0 0 0

#Transform 108
Transform: AffineTransform_float_3_3
Parameters: 1 0.000476101 -0.000827344 -0.000474102 0.999997 0.00231997 0.000828958 -0.00231888 0.999997 3.85246e-05 -0.0222977 0.03396
FixedParameters: 0 0 0

#Transform 109
Transform: AffineTransform_float_3_3
Parameters: 1 0.000631298 -0.00079917 -0.000630377 0.999999 0.00151103 0.000800681 -0.00151051 0.999998 -0.00477346 0.0284712 0.017994
FixedParameters: 0 0 0

#Transform 110
Transform: AffineTransform_float_3_3
Parameters: 1 0.000396188 -0.000941875 -0.000393969 0.999997 0.00247745 0.000942478 -0.00247707 0.999996 0.0117812 -0.0230339 0.0113291
FixedParameters: 0 0 0

#Transform 111
Transform: AffineTransform_float_3_3
Parameters: 1 0.000638436 -0.000854402 -0.00063697 0.999997 0.00195327 0.000856092 -0.00195254 0.999998 -0.00231988 -0.00407299 0.0254936
FixedParameters: 0 0 0

#Transform 112
Transform: AffineTransform_float_3_3
Parameters: 0.999999 0.000449002 -0.00130574 -0.000446388 0.999998 0.00187523 0.00130577 -0.00187438 0.999998 0.00372823 0.0149808 -0.00681355
FixedParameters: 0 0 0

#Transform 113
Transform: AffineTransform_float_3_3
Parameters: 1 0.00038548 -0.000980831 -0.000382947 0.999997 0.00243868 0.000981264 -0.00243756 0.999996 0.00854596 -0.0295579 0.0548242
FixedParameters: 0 0 0

#Transform 114
Transform: AffineTransform_float_3_3
Parameters: 1 0.000687399 -0.000788894 -0.000686873 0.999999 0.00121916 0.000790247 -0.00121849 0.999999 0.00186226 0.0195427 0.0129977
FixedParameters: 0 0 0

#Transform 115
Transform: AffineTransform_float_3_3
Parameters: 0.999999 0.000342223 -0.00119276 -0.000340089 0.999998 0.00213539 0.00119387 -0.00213547 0.999997 0.00402118 0.0306556 0.00847098
FixedParameters: 0 0 0

#Transform 116
Transform: AffineTransform_float_3_3
Parameters: 1 0.000406698 -0.00105247 -0.000404282 0.999998 0.0021313 0.00105348 -0.00213153 0.999997 0.00676008 0.0079332 0.0591952
FixedParameters: 0 0 0

#Transform 117
Transform: AffineTransform_float_3_3
Parameters: 1 0.000412649 -0.00116984 -0.000410702 0.999999 0.00179539 0.00117158 -0.00179399 0.999997 0.00618474 0.0413079 0.0231151
FixedParameters: 0 0 0

#Transform 118
Transform: AffineTransform_float_3_3
Parameters: 0.999999 0.000576774 -0.000952477 -0.000574767 0.999997 0.00230318 0.000953403 -0.00230246 0.999996 0.00832217 -0.00200504 0.0713989
FixedParameters: 0 0 0

#Transform 119
Transform: AffineTransform_float_3_3
Parameters: 0.999999 0.000583197 -0.0010364 -0.000580343 0.999998 0.00180335 0.00103716 -0.00180203 0.999998 0.0043925 0.0137068 0.036205
FixedParameters: 0 0 0

#Transform 120
Transform: AffineTransform_float_3_3
Parameters: 0.999999 0.00052402 -0.000987292 -0.000521744 0.999997 0.00229208 0.000988247 -0.00229069 0.999997 0.0127111 0.00670631 0.0497132
FixedParameters: 0 0 0

#Transform 121
Transform: AffineTransform_float_3_3
Parameters: 1 0.000544411 -0.000937772 -0.000542482 0.999997 0.00229743 0.000938543 -0.00229679 0.999996 0.0110904 -0.0235647 0.0560021
FixedParameters: 0 0 0

#Transform 122
Transform: AffineTransform_float_3_3
Parameters: 1 0.000310683 -0.000831586 -0.000308903 0.999998 0.00225587 0.000832109 -0.00225578 0.999997 0.00296454 0.00199194 0.0425271
FixedParameters: 0 0 0

#Transform 123
Transform: AffineTransform_float_3_3
Parameters: 1 0.000277598 -0.000931238 -0.000275006 0.999997 0.0024329 0.000932154 -0.00243273 0.999997 0.0192204 -0.0208079 0.0503284
FixedParameters: 0 0 0

#Transform 124
Transform: AffineTransform_float_3_3
Parameters: 0.999999 0.000513949 -0.00106178 -0.000511942 0.999998 0.00182709 0.00106285 -0.00182636 0.999998 0.0148516 -0.0172006 0.0486248
FixedParameters: 0 0 0

#Transform 125
Transform: AffineTransform_float_3_3
Parameters: 0.999999 0.000356649 -0.00124425 -0.000354189 0.999998 0.0022507 0.00124478 -0.00224927 0.999997 0.028991 0.00294585 0.0371856
FixedParameters: 0 0 0

#Transform 126
Transform: AffineTransform_float_3_3
Parameters: 0.999999 0.000415978 -0.00110745 -0.000412797 0.999998 0.00226681 0.00110874 -0.00226558 0.999997 0.0090949 -0.00691267 0.0454327
FixedParameters: 0 0 0

#Transform 127
Transform: AffineTransform_float_3_3
Parameters: 0.999999 0.000341624 -0.00127894 -0.000338609 0.999998 0.00224647 0.00128025 -0.00224511 0.999996 0.0135405 0.00765691 0.0195048
FixedParameters: 0 0 0

#Transform 128
Transform: AffineTransform_float_3_3
Parameters: 0.999999 0.00035094 -0.00110517 -0.000347548 0.999997 0.00264219 0.00110566 -0.00264178 0.999995 0.00991299 -0.0187858 0.049662
FixedParameters: 0 0 0

#Transform 129
Transform: AffineTransform_float_3_3
Parameters: 1 0.000542221 -0.000996253 -0.000540335 0.999998 0.00183673 0.000997278 -0.00183536 0.999998 0.00522473 0.0204684 0.0445558
FixedParameters: 0 0 0

#Transform 130
Transform: AffineTransform_float_3_3
Parameters: 1 0.000408712 -0.000970201 -0.000406094 0.999996 0.00266143 0.000971176 -0.00266166 0.999996 0.0165003 -0.0178768 0.0425301
FixedParameters: 0 0 0

#Transform 131
Transform: AffineTransform_float_3_3
Parameters: 1 0.000572122 -0.000973069 -0.000570031 0.999998 0.0020865 0.000974576 -0.00208581 0.999997 0.0131476 -0.0155333 0.0495958
FixedParameters: 0 0 0

#Transform 132
Transform: AffineTransform_float_3_3
Parameters: 0.999999 0.000420426 -0.00115697 -0.000418019 0.999998 0.00211199 0.00115717 -0.00211206 0.999997 0.00553984 0.00668036 0.0212036
FixedParameters: 0 0 0

#Transform 133
Transform: AffineTransform_float_3_3
Parameters: 0.999999 0.000325802 -0.00106508 -0.000322675 0.999996 0.00288761 0.00106528 -0.00288788 0.999996 0.0206857 -0.0429057 0.0424886
FixedParameters: 0 0 0

#Transform 134
Transform: AffineTransform_float_3_3
Parameters: 0.999999 0.000737269 -0.00102016 -0.000734415 0.999998 0.00187981 0.00102176 -0.00187885 0.999998 -0.00293858 0.0273933 0.0129585
FixedParameters: 0 0 0

#Transform 135
Transform: AffineTransform_float_3_3
Parameters: 0.999999 0.000497059 -0.00113491 -0.000495026 0.999997 0.00232275 0.0011363 -0.00232173 0.999997 0.00581075 0.0176218 -0.00617116
FixedParameters: 0 0 0

#Transform 136
Transform: AffineTransform_float_3_3
Parameters: 1 0.000250836 -0.000933789 -0.000247975 0.999996 0.0029317 0.00093443 -0.00293224 0.999995 0.0203047 -0.0353317 0.0430454
FixedParameters: 0 0 0

#Transform 137
Transform: AffineTransform_float_3_3
Parameters: 0.999999 0.00029065 -0.00124747 -0.000288318 0.999999 0.00168553 0.00124765 -0.00168517 0.999998 0.0138913 0.0461343 0.0121076
FixedParameters: 0 0 0

#Transform 138
Transform: AffineTransform_float_3_3
Parameters: 0.999999 0.0003874 -0.00127597 -0.000384248 0.999997 0.00258139 0.00127713 -0.00258124 0.999996 0.0175244 0.0167909 0.0149802
FixedParameters: 0 0 0

#Transform 139
Transform: AffineTransform_float_3_3
Parameters: 0.999999 0.00057833 -0.00105122 -0.000576445 0.999998 0.00207604 0.00105205 -0.00207586 0.999998 0.00672613 0.0015481 0.0480393
FixedParameters: 0 0 0

#Transform 140
Transform: AffineTransform_float_3_3
Parameters: 0.999999 0.00053053 -0.0010011 -0.000528116 0.999997 0.00247711 0.00100253 -0.00247707 0.999997 0.00499311 0.0406471 0.00239147
FixedParameters: 0 0 0

#Transform 141
Transform: AffineTransform_float_3_3
Parameters: 1 0.000678532 -0.000614633 -0.000676849 0.999996 0.00263418 0.00061648 -0.0026339 0.999996 -0.00456512 -0.01931 0.0537467
FixedParameters: 0 0 0

#Transform 142
Transform: AffineTransform_float_3_3
Parameters: 1 0.000434373 -0.000963503 -0.000433129 0.999998 0.00168541 0.000963879 -0.00168567 0.999998 -0.000857104 0.0605611 0.0149503
FixedParameters: 0 0 0

#Transform 143
Transform: AffineTransform_float_3_3
Parameters: 1 0.000320186 -0.00100512 -0.000318332 0.999996 0.002632 0.00100598 -0.0026322 0.999996 0.00421118 0.0151764 0.0360933
FixedParameters: 0 0 0

#Transform 144
Transform: AffineTransform_float_3_3
Parameters: 1 0.000584629 -0.000947703 -0.000582322 0.999997 0.00230804 0.000949682 -0.00230801 0.999997 0.00462022 0.000873082 0.0422454
FixedParameters: 0 0 0

#Transform 145
Transform: AffineTransform_float_3_3
Parameters: 1 0.000279727 -0.000914683 -0.000277468 0.999996 0.00262722 0.000914955 -0.00262773 0.999996 0.00142083 0.0252696 0.0319384
FixedParameters: 0 0 0

#Transform 146
Transform: AffineTransform_float_3_3
Parameters: 1 0.000412382 -0.0010235 -0.000409834 0.999995 0.00309182 0.00102503 -0.00309101 0.999995 0.0156369 -0.0303998 0.0754734
FixedParameters: 0 0 0

#Transform 147
Transform: AffineTransform_float_3_3
Parameters: 0.999999 0.000279479 -0.000835455 -0.000277908 0.999997 0.00221932 0.000836351 -0.00221992 0.999997 0.00244017 0.00378466 0.0373726
FixedParameters: 0 0 0

#Transform 148
Transform: AffineTransform_float_3_3
Parameters: 1 0.000267639 -0.00104473 -0.000263789 0.999995 0.00303118 0.0010458 -0.0030309 0.999995 0.0161468 -0.0289817 0.0548193
FixedParameters: 0 0 0

#Transform 149
Transform: AffineTransform_float_3_3
Parameters: 1 0.00063701 -0.000844027 -0.000635642 0.999997 0.00227811 0.000845362 -0.00227806 0.999997 0.00221066 0.00250641 0.0565882
FixedParameters: 0 0 0

#Transform 150
Transform: AffineTransform_float_3_3
Parameters: 0.999999 0.000476731 -0.00108575 -0.000474597 0.999997 0.00256472 0.00108736 -0.00256452 0.999996 0.00434434 0.0218284 0.0366591
FixedParameters: 0 0 0

#Transform 151
Transform: AffineTransform_float_3_3
Parameters: 0.999999 0.000141262 -0.00142273 -0.000136223 0.999993 0.0036049 0.00142297 -0.00360428 0.999993 0.0192414 -0.0194374 0.0620413
FixedParameters: 0 0 0

#Transform 152
Transform: AffineTransform_float_3_3
Parameters: 0.999999 0.000546217 -0.00106303 -0.000544848 0.999997 0.00222851 0.00106427 -0.0022282 0.999997 0.00326367 0.0219601 0.0324859
FixedParameters: 0 0 0

#Transform 153
Transform: AffineTransform_float_3_3
Parameters: 0.999999 0.000406706 -0.0010658 -0.000404192 0.999995 0.00301448 0.00106694 -0.00301439 0.999995 0.00218958 -0.00353415 0.0262943
FixedParameters: 0 0 0

#Transform 154
Transform: AffineTransform_float_3_3
Parameters: 1 0.000472613 -0.000991474 -0.000470911 0.999996 0.00283123 0.000992842 -0.00283107 0.999996 0.00525824 -0.0089867 0.0513968
FixedParameters: 0 0 0

#Transform 155
Transform: AffineTransform_float_3_3
Parameters: 0.999999 0.000504251 -0.0011619 -0.000500695 0.999996 0.00283113 0.00116307 -0.00283092 0.999996 0.00607759 -0.031324 0.0328454
FixedParameters: 0 0 0

#Transform 156
Transform: AffineTransform_float_3_3
Parameters: 0.999999 0.000590315 -0.00106996 -0.000587235 0.999996 0.00285107 0.00107165 -0.00285077 0.999996 0.00890419 -0.015386 0.0671595
FixedParameters: 0 0 0

#Transform 157
Transform: AffineTransform_float_3_3
Parameters: 0.999999 0.000471336 -0.00113607 -0.000468828 0.999996 0.00282584 0.00113742 -0.00282555 0.999996 0.00622878 0.0241077 0.0507031
FixedParameters: 0 0 0

#Transform 158
Transform: AffineTransform_float_3_3
Parameters: 0.999998 0.00049391 -0.00140972 -0.000489079 0.999994 0.00326985 0.00141115 -0.00326917 0.999993 0.0118605 -0.0149651 0.0918195
FixedParameters: 0 0 0

#Transform 159
Transform: AffineTransform_float_3_3
Parameters: 0.999999 0.000899303 -0.00147367 -0.000896391 0.999997 0.00220803 0.00147631 -0.00220762 0.999996 -0.00331407 0.0609154 0.0360017
FixedParameters: 0 0 0

#Transform 160
Transform: AffineTransform_float_3_3
Parameters: 0.999999 0.000615198 -0.00141587 -0.000608866 0.999992 0.00397582 0.00141884 -0.00397472 0.999991 0.0147834 -0.0124408 0.0687582
FixedParameters: 0 0 0

#Transform 161
Transform: AffineTransform_float_3_3
Parameters: 0.999999 0.000825206 -0.00147369 -0.000821426 0.999997 0.00263057 0.00147606 -0.00262966 0.999995 0.0159929 -0.000983465 0.061675
FixedParameters: 0 0 0

#Transform 162
Transform: AffineTransform_float_3_3
Parameters: 0.999998 0.000659735 -0.00170218 -0.000654285 0.999996 0.002937 0.00170376 -0.00293688 0.999994 0.0182158 0.0201331 0.0206126
FixedParameters: 0 0 0

#Transform 163
Transform: AffineTransform_float_3_3
Parameters: 0.999999 0.000778947 -0.00155833 -0.000773932 0.999995 0.00303636 0.00156061 -0.0030354 0.999994 0.0187443 0.00500661 0.0700434
FixedParameters: 0 0 0

#Transform 164
Transform: AffineTransform_float_3_3
Parameters: 0.999999 0.000875948 -0.00119351 -0.000872958 0.999997 0.00234436 0.00119576 -0.00234404 0.999996 0.00704531 0.0516762 0.0567619
FixedParameters: 0 0 0

#Transform 165
Transform: AffineTransform_float_3_3
Parameters: 0.999999 0.000753598 -0.0014989 -0.000748629 0.999994 0.00333331 0.00150114 -0.00333312 0.999993 0.0164646 0.00967594 0.0692537
FixedParameters: 0 0 0

#Transform 166
Transform: AffineTransform_float_3_3
Parameters: 0.999999 0.000829533 -0.00151633 -0.00082512 0.999995 0.00285751 0.00151853 -0.00285574 0.999995 0.017657 0.000292432 0.0688328
FixedParameters: 0 0 0

#Transform 167
Transform: AffineTransform_float_3_3
Parameters: 0.999999 0.000805642 -0.00130375 -0.000801097 0.999993 0.00354282 0.00130665 -0.00354074 0.999993 0.00719088 0.00462751 0.0502771
FixedParameters: 0 0 0

#Transform 168
Transform: AffineTransform_float_3_3
Parameters: 0.999999 0.000622704 -0.0014961 -0.000617833 0.999994 0.00339077 0.00149889 -0.00338944 0.999993 0.0203747 -0.0213156 0.0773552
FixedParameters: 0 0 0

#Transform 169
Transform: AffineTransform_float_3_3
Parameters: 0.999999 0.00088639 -0.00128921 -0.000881803 0.999995 0.00312032 0.00129176 -0.00311904 0.999994 0.00552706 0.0179479 0.0439237
FixedParameters: 0 0 0

#Transform 170
Transform: AffineTransform_float_3_3
Parameters: 0.999998 0.000662325 -0.00167771 -0.000656726 0.999994 0.00339229 0.00168008 -0.00339121 0.999993 0.0234013 0.0163377 0.0802916
FixedParameters: 0 0 0

#Transform 171
Transform: AffineTransform_float_3_3
Parameters: 0.999998 0.000650817 -0.00168917 -0.000644918 0.999994 0.00342919 0.00169134 -0.00342748 0.999993 0.0233466 0.0173883 0.0785941
FixedParameters: 0 0 0

#Transform 172
Transform: AffineTransform_float_3_3
Parameters: 0.999998 0.000595058 -0.00163967 -0.000588713 0.999993 0.00387419 0.0016416 -0.00387339 0.999991 0.019323 -0.0216459 0.060531
FixedParameters: 0 0 0

#Transform 173
Transform: AffineTransform_float_3_3
Parameters: 0.999999 0.00074241 -0.00127692 -0.000738145 0.999993 0.00354698 0.00127954 -0.00354575 0.999993 0.0144697 -0.0192289 0.08353
FixedParameters: 0 0 0

#Transform 174
Transform: AffineTransform_float_3_3
Parameters: 0.999999 0.000575283 -0.00157826 -0.000570507 0.999995 0.00316369 0.0015801 -0.00316242 0.999994 0.0277299 -0.00695729 0.0515143
FixedParameters: 0 0 0

#Transform 175
Transform: AffineTransform_float_3_3
Parameters: 0.999999 0.00042523 -0.00164568 -0.000417979 0.999992 0.00397165 0.00164751 -0.00397071 0.999991 0.026113 -0.0642189 0.0790643
FixedParameters: 0 0 0

#Transform 176
Transform: AffineTransform_float_3_3
Parameters: 0.999998 0.000767776 -0.00166459 -0.000762211 0.999996 0.00282595 0.00166723 -0.00282419 0.999994 0.0237126 -0.00488399 0.0507698
FixedParameters: 0 0 0

#Transform 177
Transform: AffineTransform_float_3_3
Parameters: 0.999999 0.000810945 -0.00130269 -0.00080658 0.999993 0.00351454 0.00130574 -0.00351309 0.999993 0.00822879 -0.00431871 0.0541395
FixedParameters: 0 0 0

#Transform 178
Transform: AffineTransform_float_3_3
Parameters: 0.999999 0.000533892 -0.00152318 -0.000528586 0.999994 0.00319226 0.00152458 -0.00319202 0.999994 0.0250216 -0.0316931 0.088375
FixedParameters: 0 0 0

#Transform 179
Transform: AffineTransform_float_3_3
Parameters: 0.999998 0.000677289 -0.00168178 -0.000672118 0.999994 0.00329589 0.00168384 -0.00329549 0.999993 0.0221966 0.0203459 0.0399152
FixedParameters: 0 0 0

#Transform 180
Transform: AffineTransform_float_3_3
Parameters: 0.999999 0.000775346 -0.0013092 -0.000770647 0.999993 0.0036996 0.00131238 -0.00369896 0.999992 0.0118146 -0.0310049 0.0772668
FixedParameters: 0 0 0

#Transform 181
Transform: AffineTransform_float_3_3
Parameters: 0.999999 0.00048499 -0.00168071 -0.00048013 0.999996 0.00302554 0.001682 -0.00302512 0.999994 0.0271645 0.0216463 0.0380501
FixedParameters: 0 0 0

#Transform 182
Transform: AffineTransform_float_3_3
Parameters: 0.999999 0.000521988 -0.00165048 -0.000514779 0.999992 0.00394647 0.00165304 -0.00394521 0.999991 0.0288756 -0.023235 0.0596032
FixedParameters: 0 0 0

#Transform 183
Transform: AffineTransform_float_3_3
Parameters: 0.999999 0.000602188 -0.00127651 -0.000598114 0.999994 0.00331393 0.00127871 -0.00331311 0.999993 0.0213555 -0.0248464 0.0610303
FixedParameters: 0 0 0

#Transform 184
Transform: AffineTransform_float_3_3
Parameters: 0.999998 0.000545198 -0.00171725 -0.000538917 0.999994 0.0035705 0.0017191 -0.00357049 0.999992 0.0276276 0.00653945 0.0455884
FixedParameters: 0 0 0

#Transform 185
Transform: AffineTransform_float_3_3
Parameters: 0.999998 0.000723184 -0.0015729 -0.000716746 0.999993 0.00372233 0.00157515 -0.00372067 0.999992 0.0124325 -0.0430993 0.0713746
FixedParameters: 0 0 0

#Transform 186
Transform: AffineTransform_float_3_3
Parameters: 0.999998 0.000760534 -0.00165657 -0.000755319 0.999995 0.00288723 0.00165858 -0.00288612 0.999994 0.0150578 0.0312032 0.0570672
FixedParameters: 0 0 0

#Transform 187
Transform: AffineTransform_float_3_3
Parameters: 0.999998 0.000824231 -0.00194019 -0.00081749 0.999993 0.00374368 0.00194314 -0.00374273 0.999992 0.0230976 -0.00867959 0.0743235
FixedParameters: 0 0 0

#Transform 188
Transform: AffineTransform_float_3_3
Parameters: 0.999998 0.000750823 -0.00171692 -0.000745384 0.999994 0.00330588 0.00171947 -0.00330518 0.999993 0.00794852 0.000330802 0.0715568
FixedParameters: 0 0 0

#Transform 189
Transform: AffineTransform_float_3_3
Parameters: 0.999998 0.000831164 -0.00194539 -0.000823966 0.999993 0.00350012 0.00194811 -0.00349937 0.999992 0.0160688 0.0201799 0.0590688
FixedParameters: 0 0 0

#Transform 190
