# transform file /out/sourcedata/freesurfer/sub-v1s4x0050701_ses-1/mri/transforms/cc_up.lta
# created by oesteban on Tue Mar 10 04:34:09 2026

type      = 0 # LINEAR_VOX_TO_VOX
nxforms   = 1
mean      = 129.0000 114.0000 116.0000
sigma     = 10000.0000
1 4 4
9.965049624443054e-01 4.621664807200432e-02 6.958238035440445e-02 -1.457223796844482e+01 
-4.610439017415047e-02 9.989312887191772e-01 -3.219304839149117e-03 4.245158386230469e+01 
-6.965681910514832e-02 2.328306158982940e-10 9.975709915161133e-01 2.833343696594238e+01 
0.000000000000000e+00 0.000000000000000e+00 0.000000000000000e+00 1.000000000000000e+00 
src volume info
valid = 1  # volume info valid
filename = /out/sourcedata/freesurfer/sub-v1s4x0050701_ses-1/mri/norm.mgz
volume = 256 256 256
voxelsize = 1.000000000000000e+00 1.000000000000000e+00 1.000000000000000e+00
xras   = -9.999999403953552e-01 7.450580596923828e-09 0.000000000000000e+00
yras   = 7.450580596923828e-09 1.490116119384766e-08 -1.000000000000000e+00
zras   = 0.000000000000000e+00 9.999999403953552e-01 2.980232238769531e-08
cras   = 1.774009704589844e+00 3.292640686035156e+00 -2.469963073730469e+01
dst volume info
valid = 1  # volume info valid
filename = /out/sourcedata/freesurfer/sub-v1s4x0050701_ses-1/mri/norm.mgz
volume = 256 256 256
voxelsize = 1.000000000000000e+00 1.000000000000000e+00 1.000000000000000e+00
xras   = -9.999999403953552e-01 7.450580596923828e-09 0.000000000000000e+00
yras   = 7.450580596923828e-09 1.490116119384766e-08 -1.000000000000000e+00
zras   = 0.000000000000000e+00 9.999999403953552e-01 2.980232238769531e-08
cras   = 1.774009704589844e+00 3.292640686035156e+00 -2.469963073730469e+01
