# transform file transforms/talairach.lta
# created by oesteban on Tue Mar 10 03:00:10 2026

type      = 0 # LINEAR_VOX_TO_VOX
nxforms   = 1
mean      = 129.0000 114.0000 116.0000
sigma     = 10000.0000
1 4 4
1.082738995552063e+00 5.152466148138046e-02 8.335115015506744e-02 -2.879230880737305e+01 
-8.858855813741684e-02 1.125790953636169e+00 3.423913121223450e-01 -2.845902061462402e+01 
-5.938741192221642e-02 -3.085615634918213e-01 9.847145676612854e-01 3.893207931518555e+01 
0.000000000000000e+00 0.000000000000000e+00 0.000000000000000e+00 1.000000000000000e+00 
src volume info
valid = 1  # volume info valid
filename = nu.mgz
volume = 256 256 256
voxelsize = 1.000000000000000e+00 1.000000000000000e+00 1.000000000000000e+00
xras   = -9.999999403953552e-01 7.450580596923828e-09 0.000000000000000e+00
yras   = 7.450580596923828e-09 1.490116119384766e-08 -1.000000000000000e+00
zras   = 0.000000000000000e+00 9.999999403953552e-01 2.980232238769531e-08
cras   = 1.774009704589844e+00 3.292640686035156e+00 -2.469963073730469e+01
dst volume info
valid = 1  # volume info valid
filename = /opt/freesurfer/average/RB_all_2020-01-02.gca
volume = 256 256 256
voxelsize = 1.000000000000000e+00 1.000000000000000e+00 1.000000000000000e+00
xras   = -1.000000000000000e+00 0.000000000000000e+00 0.000000000000000e+00
yras   = 0.000000000000000e+00 0.000000000000000e+00 -1.000000000000000e+00
zras   = 0.000000000000000e+00 1.000000000000000e+00 0.000000000000000e+00
cras   = 0.000000000000000e+00 0.000000000000000e+00 0.000000000000000e+00
