type      = 0 # LINEAR_VOX_TO_VOX
nxforms   = 1
mean      = 0.0000 0.0000 0.0000
sigma     = 1.0000
1 4 4
1.080928921699524e+00 4.574899375438690e-02 7.171699404716492e-02 -2.479769897460938e+01 
-8.765099197626114e-02 1.067610025405884e+00 2.920209467411041e-01 -1.666799926757812e+01 
-5.277398973703384e-02 -3.098539710044861e-01 9.902799129486084e-01 3.787689208984375e+01 
0.000000000000000e+00 0.000000000000000e+00 0.000000000000000e+00 1.000000000000000e+00 
src volume info
valid = 1  # volume info valid
filename = /out/sourcedata/freesurfer/sub-v1s4x0050701_ses-1/mri/orig.mgz
volume = 256 256 256
voxelsize = 1.000000000000000e+00 1.000000000000000e+00 1.000000000000000e+00
xras   = -9.999999403953552e-01 7.450580596923828e-09 0.000000000000000e+00
yras   = 7.450580596923828e-09 1.490116119384766e-08 -1.000000000000000e+00
zras   = 0.000000000000000e+00 9.999999403953552e-01 2.980232238769531e-08
cras   = 1.774009704589844e+00 3.292640686035156e+00 -2.469963073730469e+01
dst volume info
valid = 1  # volume info valid
filename = /opt/freesurfer/average/mni305.cor.mgz
volume = 256 256 256
voxelsize = 1.000000000000000e+00 1.000000000000000e+00 1.000000000000000e+00
xras   = -1.000000000000000e+00 0.000000000000000e+00 0.000000000000000e+00
yras   = 0.000000000000000e+00 0.000000000000000e+00 -1.000000000000000e+00
zras   = 0.000000000000000e+00 1.000000000000000e+00 0.000000000000000e+00
cras   = 0.000000000000000e+00 0.000000000000000e+00 0.000000000000000e+00
subject fsaverage
fscale 0.100000
