type      = 1 # LINEAR_RAS_TO_RAS
nxforms   = 1
mean      = 0.0000 0.0000 0.0000
sigma     = 1.0000
1 4 4
1.080929040908813e+00 -7.171700149774551e-02 4.574900120496750e-02 -1.148314952850342e+00 
5.277400091290474e-02 9.902799725532532e-01 3.098540008068085e-01 -5.484642028808594e+00 
-8.765099942684174e-02 -2.920210063457489e-01 1.067610025405884e+00 9.341140747070312e+00 
0.000000000000000e+00 0.000000000000000e+00 0.000000000000000e+00 1.000000000000000e+00 
src volume info
valid = 1  # volume info valid
filename = /out/sourcedata/freesurfer/sub-v1s4x0050701_ses-1/mri/orig_nu.mgz
volume = 256 256 256
voxelsize = 1.000000000000000e+00 1.000000000000000e+00 1.000000000000000e+00
xras   = -9.999999403953552e-01 7.450580596923828e-09 0.000000000000000e+00
yras   = 7.450580596923828e-09 1.490116119384766e-08 -1.000000000000000e+00
zras   = 0.000000000000000e+00 9.999999403953552e-01 2.980232238769531e-08
cras   = 1.774009704589844e+00 3.292640686035156e+00 -2.469963073730469e+01
dst volume info
valid = 1  # volume info valid
filename = /opt/freesurfer/average/mni305.cor.mgz
volume = 256 256 256
voxelsize = 1.000000000000000e+00 1.000000000000000e+00 1.000000000000000e+00
xras   = -1.000000000000000e+00 0.000000000000000e+00 0.000000000000000e+00
yras   = 0.000000000000000e+00 0.000000000000000e+00 -1.000000000000000e+00
zras   = 0.000000000000000e+00 1.000000000000000e+00 0.000000000000000e+00
cras   = 0.000000000000000e+00 0.000000000000000e+00 0.000000000000000e+00
subject fsaverage
fscale 0.100000
