#Insight Transform File V1.0
#Transform 0
Transform: AffineTransform_float_3_3
Parameters: 0.999999 0.000414923 -0.000820459 -0.000413952 1 0.000875393 0.0008203 -0.000874742 1 0.0541164 -0.0612524 -0.0112843
FixedParameters: 0 0 0

#Transform 1
Transform: AffineTransform_float_3_3
Parameters: 1 0.000558353 -0.000111044 -0.000558599 0.999999 0.000618254 0.000110811 -0.000618161 1 0.0238583 -0.00764969 -0.0563665
FixedParameters: 0 0 0

#Transform 2
Transform: AffineTransform_float_3_3
Parameters: 1 0.000298127 -0.000261149 -0.000298951 1 0.00107432 0.000261287 -0.00107416 1 0.022192 -0.0406318 -0.0412622
FixedParameters: 0 0 0

#Transform 3
Transform: AffineTransform_float_3_3
Parameters: 1 0.000521685 0.000117058 -0.000522215 0.999999 0.000626907 -0.000117327 -0.00062706 1 0.0210604 -0.0321239 -0.0267421
FixedParameters: 0 0 0

#Transform 4
Transform: AffineTransform_float_3_3
Parameters: 0.999999 0.000565005 -0.000631788 -0.000564181 1 0.00102041 0.000632056 -0.00101973 1 0.0298447 -0.0724102 0.0102293
FixedParameters: 0 0 0

#Transform 5
Transform: AffineTransform_float_3_3
Parameters: 1 0.000248393 -3.26677e-05 -0.000248342 0.999999 0.000768426 3.3049e-05 -0.000768409 0.999999 0.0236757 0.023378 -0.0526898
FixedParameters: 0 0 0

#Transform 6
Transform: AffineTransform_float_3_3
Parameters: 0.999999 0.00048538 -0.000600588 -0.000485244 0.999999 0.00125246 0.000601344 -0.00125258 0.999999 0.0706699 -0.106581 -0.0405028
FixedParameters: 0 0 0

#Transform 7
Transform: AffineTransform_float_3_3
Parameters: 1 0.000371929 -0.000511033 -0.000371917 1 0.000385761 0.000510397 -0.000385411 1 0.0404941 0.0221923 -0.0972446
FixedParameters: 0 0 0

#Transform 8
Transform: AffineTransform_float_3_3
Parameters: 1 3.7791e-05 -0.00040696 -3.73855e-05 1 0.00107097 0.000406158 -0.00107097 1 0.0546246 -0.0920936 -0.0495575
FixedParameters: 0 0 0

#Transform 9
Transform: AffineTransform_float_3_3
Parameters: 1 0.000337977 -0.000182168 -0.000337825 1 0.000415671 0.000182448 -0.000415548 1 0.0277577 -0.0160545 -0.0618635
FixedParameters: 0 0 0

#Transform 10
Transform: AffineTransform_float_3_3
Parameters: 1 3.05917e-05 -0.000382471 -3.01032e-05 1 0.000638376 0.000382509 -0.000638352 0.999999 0.0331822 -0.0789964 -0.00378634
FixedParameters: 0 0 0

#Transform 11
Transform: AffineTransform_float_3_3
Parameters: 1 0.00014991 -0.000384731 -0.000150148 1 -0.000309287 0.000384638 0.000309403 1 0.0325685 0.0178161 -0.0840142
FixedParameters: 0 0 0

#Transform 12
Transform: AffineTransform_float_3_3
Parameters: 1 0.000206517 -0.000367692 -0.00020641 0.999999 0.000665605 0.000367043 -0.000665483 0.999999 0.0285246 -0.0828629 -0.00142464
FixedParameters: 0 0 0

#Transform 13
Transform: AffineTransform_float_3_3
Parameters: 1 0.000325699 -0.00050603 -0.000325386 0.999999 0.000671464 0.000505588 -0.000671872 1 0.0376268 -0.0208144 -0.0850871
FixedParameters: 0 0 0

#Transform 14
Transform: AffineTransform_float_3_3
Parameters: 1 0.000321465 -0.000568266 -0.000321928 0.999999 0.000738749 0.000568198 -0.000738379 0.999999 0.0377805 -0.0414215 -0.00172294
FixedParameters: 0 0 0

#Transform 15
Transform: AffineTransform_float_3_3
Parameters: 1 0.00026495 -0.000477957 -0.000264749 1 0.000611173 0.000477357 -0.00061095 0.999999 0.0210567 -0.00503068 -0.0856957
FixedParameters: 0 0 0

#Transform 16
Transform: AffineTransform_float_3_3
Parameters: 0.999999 0.000419957 -0.000738865 -0.000418997 0.999999 0.000649619 0.000739409 -0.000648998 0.999999 0.0200514 -0.0544235 -0.0025303
FixedParameters: 0 0 0

#Transform 17
Transform: AffineTransform_float_3_3
Parameters: 0.999999 0.000101446 -0.000908804 -0.000100831 1 0.000329776 0.000908914 -0.000330298 0.999999 0.0408469 0.0110892 -0.120609
FixedParameters: 0 0 0

#Transform 18
Transform: AffineTransform_float_3_3
Parameters: 1 0.000518016 -0.000860421 -0.000516822 0.999999 0.000645644 0.000861047 -0.000644755 0.999999 0.0173934 -0.0749772 0.0109074
FixedParameters: 0 0 0

#Transform 19
Transform: AffineTransform_float_3_3
Parameters: 0.999999 0.000343248 -0.000888406 -0.0003423 0.999999 0.000524871 0.000888809 -0.000524968 0.999999 0.0390359 -0.0383697 -0.114222
FixedParameters: 0 0 0

#Transform 20
Transform: AffineTransform_float_3_3
Parameters: 0.999999 0.000472231 -0.000551243 -0.0004722 0.999999 0.00036028 0.000550703 -0.000360497 1 0.0221418 -0.0389465 -0.00545835
FixedParameters: 0 0 0

#Transform 21
Transform: AffineTransform_float_3_3
Parameters: 0.999999 0.000357959 -0.000856642 -0.000358377 0.999999 0.00028426 0.000857269 -0.000284318 1 0.0290504 -0.0407023 -0.0371148
FixedParameters: 0 0 0

#Transform 22
Transform: AffineTransform_float_3_3
Parameters: 0.999999 0.000681494 -0.000491398 -0.000681033 1 0.000555723 0.00049219 -0.000555758 1 -0.0211709 -0.0529622 0.0175643
FixedParameters: 0 0 0

#Transform 23
Transform: AffineTransform_float_3_3
Parameters: 0.999999 0.000510377 -0.000564024 -0.000510406 0.999999 0.000299475 0.00056345 -0.000299636 1 -0.0205715 -0.0500253 -0.0547118
FixedParameters: 0 0 0

#Transform 24
Transform: AffineTransform_float_3_3
Parameters: 0.999999 0.000532931 -0.000577089 -0.000533801 1 0.000375352 0.000576947 -0.000374733 1 -0.012922 -0.00489927 -0.0334877
FixedParameters: 0 0 0

#Transform 25
Transform: AffineTransform_float_3_3
Parameters: 1 -7.98039e-05 -0.000686448 7.96936e-05 1 0.000589414 0.000686734 -0.000589488 0.999999 0.0193867 -0.0794884 -0.0332311
FixedParameters: 0 0 0

#Transform 26
Transform: AffineTransform_float_3_3
Parameters: 1 -0.000128148 -0.000306927 0.000128418 1 0.000439089 0.000306814 -0.000439167 1 -0.00492067 -0.0376584 -0.0209564
FixedParameters: 0 0 0

#Transform 27
Transform: AffineTransform_float_3_3
Parameters: 0.999999 0.000459286 -0.000778502 -0.000458377 1 0.000883051 0.000778429 -0.000882365 1 0.0427662 -0.0692393 -0.0536318
FixedParameters: 0 0 0

#Transform 28
Transform: AffineTransform_float_3_3
Parameters: 1 0.000277578 -0.000479272 -0.000277434 0.999999 0.000532441 0.000478688 -0.000532912 1 0.0181437 -0.0513329 -0.0403051
FixedParameters: 0 0 0

#Transform 29
Transform: AffineTransform_float_3_3
Parameters: 0.999999 5.9185e-06 -0.000795017 -5.08442e-06 0.999999 0.000754325 0.00079415 -0.000754346 1 0.0449714 -0.0572545 -0.0454515
FixedParameters: 0 0 0

#Transform 30
Transform: AffineTransform_float_3_3
Parameters: 1 -0.000133181 -0.000317621 0.000133622 0.999999 0.000694813 0.000317435 -0.000694897 0.999999 0.0282879 -0.0222612 -0.0763223
FixedParameters: 0 0 0

#Transform 31
Transform: AffineTransform_float_3_3
Parameters: 0.999999 3.33734e-05 -0.00086354 -3.30496e-05 1 0.000989812 0.000863103 -0.000989748 0.999999 0.0501729 -0.0980796 -0.0284475
FixedParameters: 0 0 0

#Transform 32
Transform: AffineTransform_float_3_3
Parameters: 1 -0.000109724 -0.000259754 0.000110182 0.999999 0.000881904 0.000259559 -0.00088196 0.999999 0.0318717 0.0138464 -0.0895477
FixedParameters: 0 0 0

#Transform 33
Transform: AffineTransform_float_3_3
Parameters: 1 -0.000147288 -0.000347566 0.000148186 0.999999 0.00141104 0.000347189 -0.00141114 0.999999 0.0474342 -0.120619 -0.0135739
FixedParameters: 0 0 0

#Transform 34
Transform: AffineTransform_float_3_3
Parameters: 1 0.000269181 -0.000662972 -0.000269007 0.999999 0.000812972 0.000663833 -0.000813286 0.999999 0.0329827 -0.0239875 -0.0929862
FixedParameters: 0 0 0

#Transform 35
Transform: AffineTransform_float_3_3
Parameters: 1 -2.19652e-05 -0.000395573 2.25569e-05 0.999999 0.00133751 0.00039463 -0.00133756 0.999999 0.0304294 -0.0813091 -0.0157444
FixedParameters: 0 0 0

#Transform 36
Transform: AffineTransform_float_3_3
Parameters: 1 0.000324284 -0.000523014 -0.000324595 1 0.00102698 0.000523178 -0.00102663 1 0.0267131 -0.00763837 -0.0940407
FixedParameters: 0 0 0

#Transform 37
Transform: AffineTransform_float_3_3
Parameters: 0.999999 9.51627e-05 -0.000903979 -9.42888e-05 0.999998 0.00179542 0.000904281 -0.00179592 0.999998 0.0393712 -0.111466 -0.0139758
FixedParameters: 0 0 0

#Transform 38
Transform: AffineTransform_float_3_3
Parameters: 1 3.28746e-05 -0.000334043 -3.21323e-05 0.999999 0.00123507 0.000334162 -0.00123505 0.999999 0.0211149 -0.017437 -0.0728259
FixedParameters: 0 0 0

#Transform 39
Transform: AffineTransform_float_3_3
Parameters: 0.999999 -0.000305061 -0.00072731 0.000306871 0.999998 0.00199154 0.000726551 -0.00199195 0.999997 0.0421855 -0.093572 -0.050304
FixedParameters: 0 0 0

#Transform 40
Transform: AffineTransform_float_3_3
Parameters: 1 0.000254254 -0.000512337 -0.000253274 0.999999 0.0013955 0.000512205 -0.00139597 0.999999 0.0249991 -0.00721413 -0.090793
FixedParameters: 0 0 0

#Transform 41
Transform: AffineTransform_float_3_3
Parameters: 0.999999 0.000402516 -0.000769827 -0.000400362 0.999999 0.00175514 0.000770392 -0.00175454 0.999998 0.0227239 -0.0826275 -0.0193413
FixedParameters: 0 0 0

#Transform 42
Transform: AffineTransform_float_3_3
Parameters: 0.999999 0.000570236 -0.000631383 -0.000569228 0.999999 0.00116669 0.000631828 -0.001166 0.999999 0.0113363 -0.00981079 -0.0762588
FixedParameters: 0 0 0

#Transform 43
Transform: AffineTransform_float_3_3
Parameters: 0.999999 5.47594e-05 -0.000793297 -5.36736e-05 0.999999 0.00155777 0.000792963 -0.00155768 0.999998 0.0222872 -0.0836629 -0.0609446
FixedParameters: 0 0 0

#Transform 44
Transform: AffineTransform_float_3_3
Parameters: 1 0.000551335 -0.00032755 -0.000551202 1 0.000916174 0.000327672 -0.000916548 0.999999 -0.00404978 0.00863448 -0.0791078
FixedParameters: 0 0 0

#Transform 45
Transform: AffineTransform_float_3_3
Parameters: 1 8.33468e-05 -0.000666462 -8.23313e-05 0.999999 0.00151358 0.000667133 -0.00151344 0.999998 0.0304553 -0.0968278 -0.0608055
FixedParameters: 0 0 0

#Transform 46
Transform: AffineTransform_float_3_3
Parameters: 1 0.00038946 -0.000539332 -0.000389051 1 0.000812044 0.000539076 -0.00081236 0.999999 0.017596 -0.0262288 -0.0868206
FixedParameters: 0 0 0

#Transform 47
Transform: AffineTransform_float_3_3
Parameters: 0.999999 -7.3468e-05 -0.000805617 7.44577e-05 0.999999 0.00147451 0.000804896 -0.00147463 0.999998 0.0402844 -0.0940826 -0.0243927
FixedParameters: 0 0 0

#Transform 48
Transform: AffineTransform_float_3_3
Parameters: 1 0.000221407 -0.000304138 -0.000221623 0.999999 0.00129121 0.000305131 -0.00129104 0.999999 0.0339062 0.0283065 -0.110171
FixedParameters: 0 0 0

#Transform 49
Transform: AffineTransform_float_3_3
Parameters: 1 4.09816e-05 -0.000600165 -3.94814e-05 0.999999 0.00170767 0.000599459 -0.00170765 0.999999 0.0246964 -0.0786742 -0.0332065
FixedParameters: 0 0 0

#Transform 50
Transform: AffineTransform_float_3_3
Parameters: 1 8.85897e-05 -0.000439791 -8.88232e-05 0.999999 0.00130991 0.00043952 -0.00130983 0.999999 0.0466525 -0.0418234 -0.116704
FixedParameters: 0 0 0

#Transform 51
Transform: AffineTransform_float_3_3
Parameters: 0.999999 0.000412303 -0.000649648 -0.000411638 0.999999 0.00162933 0.000650571 -0.00162949 0.999999 0.0246693 -0.125619 -0.0231243
FixedParameters: 0 0 0

#Transform 52
Transform: AffineTransform_float_3_3
Parameters: 1 0.000687404 -0.000854649 -0.000685807 0.999999 0.00142201 0.000854834 -0.00142231 0.999999 0.0208142 -0.0287153 -0.112853
FixedParameters: 0 0 0

#Transform 53
Transform: AffineTransform_float_3_3
Parameters: 0.999999 0.000515644 -0.00113774 -0.000513025 0.999998 0.00192754 0.00113829 -0.00192639 0.999997 0.038377 -0.0939405 -0.0476952
FixedParameters: 0 0 0

#Transform 54
Transform: AffineTransform_float_3_3
Parameters: 0.999999 0.000499701 -0.00114408 -0.000497959 0.999999 0.00152732 0.00114421 -0.00152762 0.999998 0.0279376 -0.0336311 -0.149734
FixedParameters: 0 0 0

#Transform 55
Transform: AffineTransform_float_3_3
Parameters: 0.999999 0.00082887 -0.000998785 -0.00082752 0.999999 0.00156108 0.000999939 -0.00156016 0.999998 0.00799542 -0.0645855 0.0149444
FixedParameters: 0 0 0

#Transform 56
Transform: AffineTransform_float_3_3
Parameters: 0.999999 0.000480776 -0.00118949 -0.000478239 0.999999 0.00164152 0.0011906 -0.00164108 0.999998 0.0204863 -0.0640824 -0.106641
FixedParameters: 0 0 0

#Transform 57
Transform: AffineTransform_float_3_3
Parameters: 1 0.000585475 -0.000936022 -0.000583993 0.999999 0.00153153 0.000937304 -0.00153113 0.999998 -0.00167725 -0.0763411 0.00277795
FixedParameters: 0 0 0

#Transform 58
Transform: AffineTransform_float_3_3
Parameters: 1 0.000525496 -0.00108307 -0.000524535 0.999999 0.00121441 0.00108292 -0.001214 0.999999 0.0125417 -0.0308848 -0.103458
FixedParameters: 0 0 0

#Transform 59
Transform: AffineTransform_float_3_3
Parameters: 0.999999 0.000978974 -0.0011453 -0.000977061 0.999997 0.00176698 0.00114644 -0.0017655 0.999998 0.0102985 -0.111163 0.0207674
FixedParameters: 0 0 0

#Transform 60
Transform: AffineTransform_float_3_3
Parameters: 0.999999 0.000578393 -0.00137917 -0.000577517 0.999999 0.0012871 0.00137965 -0.00128691 0.999998 0.019385 -0.0436992 -0.114803
FixedParameters: 0 0 0

#Transform 61
Transform: AffineTransform_float_3_3
Parameters: 0.999998 0.0010163 -0.0016218 -0.0010137 0.999998 0.00174303 0.00162341 -0.00174117 0.999997 0.00841849 -0.0793227 -0.000495918
FixedParameters: 0 0 0

#Transform 62
Transform: AffineTransform_float_3_3
Parameters: 0.999999 0.000653957 -0.00167286 -0.000651742 0.999999 0.00143131 0.00167373 -0.00143053 0.999998 0.018414 -0.0744512 -0.0969301
FixedParameters: 0 0 0

#Transform 63
Transform: AffineTransform_float_3_3
Parameters: 0.999999 0.000967708 -0.00112392 -0.000966015 0.999998 0.00153301 0.00112549 -0.00153227 0.999998 -0.00630298 -0.0938655 0.0381701
FixedParameters: 0 0 0

#Transform 64
Transform: AffineTransform_float_3_3
Parameters: 0.999998 0.000415452 -0.00157163 -0.000413152 0.999999 0.00146021 0.00157276 -0.00145957 0.999998 0.0351418 -0.0700778 -0.0788994
FixedParameters: 0 0 0

#Transform 65
Transform: AffineTransform_float_3_3
Parameters: 0.999999 0.000628743 -0.00121077 -0.000626393 0.999998 0.00169383 0.00121151 -0.00169304 0.999998 0.00203687 -0.0611895 0.030241
FixedParameters: 0 0 0

#Transform 66
Transform: AffineTransform_float_3_3
Parameters: 0.999998 0.000525561 -0.00159235 -0.00052473 0.999999 0.000954211 0.00159324 -0.000953205 0.999998 0.0253043 -0.0723264 -0.0956299
FixedParameters: 0 0 0

#Transform 67
Transform: AffineTransform_float_3_3
Parameters: 0.999999 0.000685267 -0.00105025 -0.000684197 0.999999 0.00112201 0.00105128 -0.00112127 0.999999 -0.00638063 -0.0795944 0.0246329
FixedParameters: 0 0 0

#Transform 68
Transform: AffineTransform_float_3_3
Parameters: 0.999999 0.000336196 -0.00133041 -0.000334942 1 0.000960795 0.00133051 -0.000959897 0.999998 0.0115177 -0.0970535 -0.0919874
FixedParameters: 0 0 0

#Transform 69
Transform: AffineTransform_float_3_3
Parameters: 1 0.000543631 -0.00103018 -0.000541948 0.999998 0.00144119 0.00103125 -0.00144077 0.999998 0.00359253 -0.0710157 -7.39801e-05
FixedParameters: 0 0 0

#Transform 70
Transform: AffineTransform_float_3_3
Parameters: 1 0.00059157 -0.000925842 -0.00059072 0.999999 0.00116205 0.000926672 -0.00116095 0.999999 -0.00198709 -0.0321985 -0.0903023
FixedParameters: 0 0 0

#Transform 71
Transform: AffineTransform_float_3_3
Parameters: 0.999999 0.000785562 -0.00129943 -0.00078255 0.999998 0.00183266 0.00130092 -0.00183135 0.999997 0.00801119 -0.114914 -0.0161066
FixedParameters: 0 0 0

#Transform 72
Transform: AffineTransform_float_3_3
Parameters: 1 0.000785753 -0.000810646 -0.000783887 0.999998 0.00137615 0.000811925 -0.00137562 0.999999 -0.00656082 -0.0359231 -0.1096
FixedParameters: 0 0 0

#Transform 73
Transform: AffineTransform_float_3_3
Parameters: 0.999999 0.000806726 -0.00118338 -0.000804627 0.999998 0.00162664 0.00118461 -0.00162546 0.999998 0.0100831 -0.104827 -0.0573528
FixedParameters: 0 0 0

#Transform 74
Transform: AffineTransform_float_3_3
Parameters: 0.999997 0.00192703 -0.00160359 -0.00191439 0.999968 0.00766148 0.00161873 -0.00765851 0.999969 -0.0273034 -0.0746261 0.233156
FixedParameters: 0 0 0

#Transform 75
Transform: AffineTransform_float_3_3
Parameters: 0.999998 0.000711768 -0.00207995 -0.000694714 0.999968 0.00803671 0.00208535 -0.00803516 0.999966 0.0244285 -0.159988 0.241128
FixedParameters: 0 0 0

#Transform 76
Transform: AffineTransform_float_3_3
Parameters: 0.999995 0.000907899 -0.00276067 -0.000886717 0.999969 0.00780917 0.00276787 -0.00780622 0.999966 0.0359776 -0.16389 0.127019
FixedParameters: 0 0 0

#Transform 77
Transform: AffineTransform_float_3_3
Parameters: 0.999996 0.0010834 -0.00260195 -0.00106318 0.999969 0.00772459 0.00261096 -0.00772178 0.999967 0.0376261 -0.116341 0.131862
FixedParameters: 0 0 0

#Transform 78
Transform: AffineTransform_float_3_3
Parameters: 0.999996 0.00130513 -0.00261279 -0.00128375 0.999965 0.0081782 0.00262374 -0.008175 0.999963 0.0422391 -0.186302 0.185012
FixedParameters: 0 0 0

#Transform 79
Transform: AffineTransform_float_3_3
Parameters: 0.999994 0.00115124 -0.00299343 -0.00112738 0.999967 0.00799968 0.00300259 -0.00799633 0.999964 0.0522084 -0.137328 0.0671399
FixedParameters: 0 0 0

#Transform 80
Transform: AffineTransform_float_3_3
Parameters: 0.999994 0.00128476 -0.00340973 -0.00125626 0.999964 0.00835504 0.00341946 -0.00835128 0.999959 0.0569844 -0.203405 0.17426
FixedParameters: 0 0 0

#Transform 81
Transform: AffineTransform_float_3_3
Parameters: 0.999994 0.00145702 -0.00332518 -0.00142926 0.999964 0.00831438 0.00333729 -0.00830971 0.99996 0.0591202 -0.127458 0.0621816
FixedParameters: 0 0 0

#Transform 82
Transform: AffineTransform_float_3_3
Parameters: 0.999993 0.00128873 -0.00349049 -0.00125856 0.99996 0.00875264 0.00350124 -0.00874789 0.999956 0.058103 -0.187895 0.202112
FixedParameters: 0 0 0

#Transform 83
Transform: AffineTransform_float_3_3
Parameters: 0.999992 0.00139431 -0.0037151 -0.00136428 0.999965 0.00828237 0.00372666 -0.00827765 0.999958 0.0667796 -0.153527 0.047736
FixedParameters: 0 0 0

#Transform 84
Transform: AffineTransform_float_3_3
Parameters: 0.999994 0.00135414 -0.0031848 -0.00132767 0.999965 0.00827949 0.00319562 -0.00827517 0.99996 0.0502518 -0.166814 0.17261
FixedParameters: 0 0 0

#Transform 85
Transform: AffineTransform_float_3_3
Parameters: 0.999995 0.00119657 -0.00288164 -0.00117372 0.999968 0.00789698 0.00289175 -0.00789291 0.999965 0.042787 -0.125244 0.0951215
FixedParameters: 0 0 0

#Transform 86
Transform: AffineTransform_float_3_3
Parameters: 0.999995 0.00141029 -0.00298725 -0.00138473 0.999965 0.00830258 0.00299919 -0.00829779 0.999961 0.0626625 -0.163396 0.187561
FixedParameters: 0 0 0

#Transform 87
Transform: AffineTransform_float_3_3
Parameters: 0.999994 0.00114645 -0.00300527 -0.00112244 0.999967 0.00799409 0.00301433 -0.00799074 0.999964 0.0669975 -0.173543 0.111469
FixedParameters: 0 0 0

#Transform 88
Transform: AffineTransform_float_3_3
Parameters: 0.999995 0.00119633 -0.00288221 -0.00117339 0.999968 0.00791096 0.00289234 -0.0079069 0.999965 0.0482964 -0.165638 0.179687
FixedParameters: 0 0 0

#Transform 89
Transform: AffineTransform_float_3_3
Parameters: 0.999994 0.00152289 -0.00302898 -0.0014984 0.999965 0.0082222 0.00304205 -0.00821801 0.999962 0.0579 -0.139929 0.0864233
FixedParameters: 0 0 0

#Transform 90
Transform: AffineTransform_float_3_3
Parameters: 0.999994 0.00128109 -0.00323221 -0.0012542 0.999966 0.00814791 0.0032424 -0.00814462 0.999962 0.0513267 -0.153881 0.164471
FixedParameters: 0 0 0

#Transform 91
Transform: AffineTransform_float_3_3
Parameters: 0.999995 0.00123975 -0.0029232 -0.00121536 0.999964 0.00840544 0.00293395 -0.00840175 0.999961 0.0617197 -0.141915 0.0925721
FixedParameters: 0 0 0

#Transform 92
Transform: AffineTransform_float_3_3
Parameters: 0.999996 0.00135503 -0.00263705 -0.0013317 0.999961 0.00878844 0.00264786 -0.00878501 0.999957 0.039002 -0.183612 0.168697
FixedParameters: 0 0 0

#Transform 93
Transform: AffineTransform_float_3_3
Parameters: 0.999994 0.0011246 -0.00320755 -0.00109555 0.999959 0.00898639 0.00321712 -0.00898272 0.999955 0.0511591 -0.192381 0.0594753
FixedParameters: 0 0 0

#Transform 94
Transform: AffineTransform_float_3_3
Parameters: 0.999995 0.00123538 -0.00293355 -0.00120985 0.999962 0.00866132 0.00294404 -0.00865837 0.999959 0.0472669 -0.209162 0.163644
FixedParameters: 0 0 0

#Transform 95
Transform: AffineTransform_float_3_3
Parameters: 0.999993 0.00116902 -0.00358396 -0.00113822 0.999962 0.00862295 0.0035945 -0.00861873 0.999956 0.070059 -0.187668 0.0618164
FixedParameters: 0 0 0

#Transform 96
Transform: AffineTransform_float_3_3
Parameters: 0.999995 0.00124326 -0.00291493 -0.00121913 0.999966 0.00820063 0.00292477 -0.00819698 0.999962 0.0401069 -0.15527 0.144053
FixedParameters: 0 0 0

#Transform 97
Transform: AffineTransform_float_3_3
Parameters: 0.999995 0.00124481 -0.0029113 -0.00122079 0.999966 0.00811072 0.00292183 -0.00810704 0.999963 0.0397198 -0.154931 0.0414224
FixedParameters: 0 0 0

#Transform 98
Transform: AffineTransform_float_3_3
Parameters: 0.999995 0.00125377 -0.00289009 -0.00123149 0.99997 0.0075864 0.00289991 -0.00758343 0.999967 0.0307749 -0.151757 0.145629
FixedParameters: 0 0 0

#Transform 99
Transform: AffineTransform_float_3_3
Parameters: 0.999993 0.00145355 -0.00350196 -0.00142522 0.999966 0.00808496 0.00351365 -0.00807977 0.999961 0.0653654 -0.231122 0.0487978
FixedParameters: 0 0 0

#Transform 100
Transform: AffineTransform_float_3_3
Parameters: 0.999995 0.0014923 -0.00293947 -0.00146877 0.999966 0.00814287 0.00295134 -0.00813846 0.999962 0.0338936 -0.170703 0.114762
FixedParameters: 0 0 0

#Transform 101
Transform: AffineTransform_float_3_3
Parameters: 0.999995 0.00134856 -0.00307818 -0.00132227 0.999962 0.00856194 0.00308975 -0.00855794 0.999958 0.0333074 -0.188783 0.0821106
FixedParameters: 0 0 0

#Transform 102
Transform: AffineTransform_float_3_3
Parameters: 0.999996 0.00140835 -0.00250788 -0.00138839 0.999968 0.00784003 0.00251874 -0.00783736 0.999966 0.0196716 -0.138782 0.0840115
FixedParameters: 0 0 0

#Transform 103
Transform: AffineTransform_float_3_3
Parameters: 0.999995 0.00130665 -0.00275817 -0.00128403 0.999965 0.00822542 0.00276876 -0.00822184 0.999963 0.0272419 -0.187179 0.0798105
FixedParameters: 0 0 0

#Transform 104
Transform: AffineTransform_float_3_3
Parameters: 0.999996 0.00156854 -0.00251532 -0.00154893 0.999969 0.00760804 0.00252658 -0.00760461 0.999968 0.0201613 -0.17221 0.097761
FixedParameters: 0 0 0

#Transform 105
Transform: AffineTransform_float_3_3
Parameters: 0.999995 0.00145921 -0.00278975 -0.00143688 0.999968 0.00788487 0.00280139 -0.00788109 0.999965 0.0289184 -0.226874 0.108888
FixedParameters: 0 0 0

#Transform 106
Transform: AffineTransform_float_3_3
Parameters: 0.999996 0.00143935 -0.00220368 -0.00142428 0.999976 0.00669465 0.00221397 -0.00669197 0.999975 0.0138878 -0.105484 0.14352
FixedParameters: 0 0 0

#Transform 107
Transform: AffineTransform_float_3_3
Parameters: 0.999996 0.00135663 -0.00263755 -0.00133732 0.999974 0.00709811 0.00264717 -0.00709388 0.999971 0.0277979 -0.196743 0.194787
FixedParameters: 0 0 0

#Transform 108
Transform: AffineTransform_float_3_3
Parameters: 0.999996 0.00146222 -0.00237607 -0.00144485 0.999972 0.00742397 0.00238701 -0.00742071 0.99997 0.0151813 -0.10934 0.0607339
FixedParameters: 0 0 0

#Transform 109
Transform: AffineTransform_float_3_3
Parameters: 0.999995 0.00130072 -0.00277307 -0.0012783 0.999966 0.00813445 0.00278324 -0.00813015 0.999963 0.0474083 -0.219212 0.112597
FixedParameters: 0 0 0

#Transform 110
Transform: AffineTransform_float_3_3
Parameters: 0.999996 0.00142691 -0.00246399 -0.00140905 0.999973 0.00721043 0.00247367 -0.00720709 0.999971 0.0342446 -0.112501 0.0314363
FixedParameters: 0 0 0

#Transform 111
Transform: AffineTransform_float_3_3
Parameters: 0.999995 0.0012936 -0.00279158 -0.00127189 0.99997 0.00767422 0.00280093 -0.00767064 0.999967 0.0386921 -0.203001 0.0644827
FixedParameters: 0 0 0

#Transform 112
Transform: AffineTransform_float_3_3
Parameters: 0.999996 0.00147516 -0.00234582 -0.00145885 0.999975 0.00694798 0.00235593 -0.00694476 0.999973 0.0141917 -0.0926846 0.056801
FixedParameters: 0 0 0

#Transform 113
Transform: AffineTransform_float_3_3
Parameters: 0.999996 0.00140766 -0.00251185 -0.00138937 0.999974 0.00706306 0.00252176 -0.00706037 0.999972 0.0225146 -0.196381 0.065135
FixedParameters: 0 0 0

#Transform 114
Transform: AffineTransform_float_3_3
Parameters: 0.999997 0.00136662 -0.00219123 -0.00135183 0.999976 0.00675898 0.00219981 -0.00675598 0.999975 0.0141654 -0.123692 0.098327
FixedParameters: 0 0 0

#Transform 115
Transform: AffineTransform_float_3_3
Parameters: 0.999997 0.00100688 -0.00235555 -0.000989145 0.999973 0.00719385 0.00236284 -0.00719197 0.999971 0.0231624 -0.210322 0.0587471
FixedParameters: 0 0 0

#Transform 116
Transform: AffineTransform_float_3_3
Parameters: 0.999997 0.00158649 -0.0020137 -0.00157254 0.999976 0.00680546 0.00202371 -0.00680215 0.999975 0.00484333 -0.0877603 0.0918458
FixedParameters: 0 0 0

#Transform 117
Transform: AffineTransform_float_3_3
Parameters: 0.999995 0.00136899 -0.00284072 -0.00134833 0.999973 0.00724515 0.00285086 -0.00724169 0.999969 0.0377429 -0.217313 0.0678064
FixedParameters: 0 0 0

#Transform 118
Transform: AffineTransform_float_3_3
Parameters: 0.999996 0.00143734 -0.00249372 -0.0014218 0.999979 0.0064257 0.00250296 -0.00642217 0.999976 0.00641875 -0.101162 0.043547
FixedParameters: 0 0 0

#Transform 119
Transform: AffineTransform_float_3_3
Parameters: 0.999995 0.00124443 -0.0029679 -0.001225 0.999977 0.00668601 0.0029769 -0.00668215 0.999973 0.0382593 -0.184731 0.0718407
FixedParameters: 0 0 0

#Transform 120
Transform: AffineTransform_float_3_3
Parameters: 0.999996 0.0015032 -0.00233249 -0.00148859 0.99998 0.00617536 0.00234197 -0.00617202 0.999978 0.0158508 -0.0808986 0.0525009
FixedParameters: 0 0 0

#Transform 121
Transform: AffineTransform_float_3_3
Parameters: 0.999996 0.00151279 -0.00252326 -0.00149605 0.999978 0.00640229 0.00253306 -0.00639903 0.999977 0.0261033 -0.181562 0.0121473
FixedParameters: 0 0 0

#Transform 122
Transform: AffineTransform_float_3_3
Parameters: 0.999997 0.00164118 -0.00226499 -0.0016275 0.999981 0.00591486 0.00227486 -0.00591113 0.99998 0.0185514 -0.0834177 -0.0066036
FixedParameters: 0 0 0

#Transform 123
Transform: AffineTransform_float_3_3
Parameters: 0.999996 0.00147178 -0.00240897 -0.00145634 0.999978 0.00643987 0.00241833 -0.00643645 0.999976 0.032916 -0.163122 0.058708
FixedParameters: 0 0 0

#Transform 124
Transform: AffineTransform_float_3_3
Parameters: 0.999996 0.00153216 -0.00226124 -0.00151832 0.99998 0.00620175 0.00227111 -0.00619778 0.999978 0.024402 -0.0963519 0.00823235
FixedParameters: 0 0 0

#Transform 125
Transform: AffineTransform_float_3_3
Parameters: 0.999997 0.0016562 -0.00225622 -0.0016405 0.999974 0.00694956 0.00226752 -0.00694584 0.999973 0.0279775 -0.183008 0.0322199
FixedParameters: 0 0 0

#Transform 126
Transform: AffineTransform_float_3_3
Parameters: 0.999995 0.00181511 -0.00239117 -0.00180065 0.99998 0.00615055 0.00240255 -0.0061463 0.999978 0.0305404 -0.10773 -0.00760148
FixedParameters: 0 0 0

#Transform 127
Transform: AffineTransform_float_3_3
Parameters: 0.999996 0.00167897 -0.00229929 -0.00166281 0.999976 0.00670509 0.00230967 -0.00670116 0.999975 0.0251632 -0.152778 0.0521563
FixedParameters: 0 0 0

#Transform 128
Transform: AffineTransform_float_3_3
Parameters: 0.999995 0.00207573 -0.00226173 -0.00206181 0.999978 0.00638432 0.00227513 -0.00638016 0.999977 0.0248093 -0.0991832 -0.0432382
FixedParameters: 0 0 0

#Transform 129
Transform: AffineTransform_float_3_3
Parameters: 0.999994 0.00232467 -0.00269623 -0.00230571 0.999973 0.00702546 0.00271206 -0.00701895 0.999972 0.0429811 -0.198511 0.0250097
FixedParameters: 0 0 0

#Transform 130
Transform: AffineTransform_float_3_3
Parameters: 0.999995 0.00191795 -0.00264895 -0.00190061 0.999976 0.00670127 0.00266184 -0.00669628 0.999974 0.0462889 -0.124522 -0.052889
FixedParameters: 0 0 0

#Transform 131
Transform: AffineTransform_float_3_3
Parameters: 0.999994 0.00207057 -0.00261031 -0.0020527 0.999975 0.00681396 0.00262443 -0.00680908 0.999973 0.0440581 -0.162751 0.051279
FixedParameters: 0 0 0

#Transform 132
Transform: AffineTransform_float_3_3
Parameters: 0.999995 0.00208906 -0.00251778 -0.00207302 0.999976 0.00659219 0.00253209 -0.00658686 0.999975 0.0334563 -0.11552 -0.0289281
FixedParameters: 0 0 0

#Transform 133
Transform: AffineTransform_float_3_3
Parameters: 0.999996 0.00164336 -0.00229539 -0.00162758 0.999973 0.00706584 0.00230731 -0.00706201 0.999972 0.0336173 -0.171755 0.0278223
FixedParameters: 0 0 0

#Transform 134
Transform: AffineTransform_float_3_3
Parameters: 0.999994 0.00227901 -0.00274321 -0.00226109 0.999975 0.0067143 0.00275914 -0.00670773 0.999974 0.0512391 -0.145681 -0.00289219
FixedParameters: 0 0 0

#Transform 135
Transform: AffineTransform_float_3_3
Parameters: 0.999993 0.00166142 -0.0030964 -0.00163987 0.999974 0.00710655 0.00310793 -0.00710134 0.99997 0.0736718 -0.188923 0.0329985
FixedParameters: 0 0 0

#Transform 136
Transform: AffineTransform_float_3_3
Parameters: 0.999995 0.00151138 -0.00262174 -0.00149441 0.999977 0.00664677 0.0026321 -0.00664178 0.999974 0.05693 -0.111425 -0.000649161
FixedParameters: 0 0 0

#Transform 137
Transform: AffineTransform_float_3_3
Parameters: 0.999995 0.00149979 -0.00264918 -0.00148092 0.999974 0.00705295 0.00265982 -0.00704867 0.999972 0.0536831 -0.165551 0.0599636
FixedParameters: 0 0 0

#Transform 138
Transform: AffineTransform_float_3_3
Parameters: 0.999995 0.00207095 -0.00241375 -0.00205473 0.999976 0.00653447 0.00242682 -0.00653044 0.999976 0.0428723 -0.132135 0.00939985
FixedParameters: 0 0 0

#Transform 139
Transform: AffineTransform_float_3_3
Parameters: 0.999993 0.00208349 -0.00308248 -0.00206134 0.999972 0.00728454 0.00309762 -0.0072776 0.999969 0.0631648 -0.139882 0.0988074
FixedParameters: 0 0 0

#Transform 140
Transform: AffineTransform_float_3_3
Parameters: 0.999995 0.00152505 -0.00258704 -0.00150731 0.999975 0.00700648 0.00259785 -0.00700225 0.999972 0.0463992 -0.121728 0.0203872
FixedParameters: 0 0 0

#Transform 141
Transform: AffineTransform_float_3_3
Parameters: 0.999995 0.00186365 -0.00272175 -0.00184275 0.99997 0.007573 0.00273589 -0.00756805 0.999967 0.0586983 -0.193581 0.11544
FixedParameters: 0 0 0

#Transform 142
Transform: AffineTransform_float_3_3
Parameters: 0.999994 0.00169527 -0.00297274 -0.00167357 0.999972 0.00728642 0.00298501 -0.00728146 0.999969 0.0500689 -0.127876 -0.0174465
FixedParameters: 0 0 0

#Transform 143
Transform: AffineTransform_float_3_3
Parameters: 0.999995 0.00179302 -0.00263055 -0.00177339 0.999972 0.00732066 0.00264316 -0.00731572 0.999969 0.03606 -0.169092 0.120618
FixedParameters: 0 0 0

#Transform 144
Transform: AffineTransform_float_3_3
Parameters: 0.999994 0.00171759 -0.00307247 -0.00169595 0.999974 0.00710077 0.00308566 -0.00709527 0.99997 0.0481001 -0.14921 -0.0313941
FixedParameters: 0 0 0

#Transform 145
Transform: AffineTransform_float_3_3
Parameters: 0.999996 0.00179289 -0.00225651 -0.00177711 0.999973 0.00708535 0.00226934 -0.00708174 0.999972 0.0161678 -0.149082 0.103263
FixedParameters: 0 0 0

#Transform 146
Transform: AffineTransform_float_3_3
Parameters: 0.999996 0.00148523 -0.00253832 -0.00146708 0.999972 0.00723227 0.00254933 -0.00722839 0.999971 0.0365646 -0.123613 -0.0454886
FixedParameters: 0 0 0

#Transform 147
Transform: AffineTransform_float_3_3
Parameters: 0.999995 0.00205028 -0.00250204 -0.00203251 0.999972 0.00721605 0.00251668 -0.00721104 0.999971 0.0184376 -0.153949 0.0735852
FixedParameters: 0 0 0

#Transform 148
Transform: AffineTransform_float_3_3
Parameters: 0.999994 0.00196084 -0.00272586 -0.00194136 0.999974 0.00700346 0.00273964 -0.00699797 0.999972 0.0411383 -0.155681 0.00139572
FixedParameters: 0 0 0

#Transform 149
Transform: AffineTransform_float_3_3
Parameters: 0.999996 0.00162313 -0.00219791 -0.00160701 0.999972 0.00730253 0.00221005 -0.00729914 0.999971 0.0345703 -0.156215 0.100012
FixedParameters: 0 0 0

#Transform 150
Transform: AffineTransform_float_3_3
Parameters: 0.999996 0.00156509 -0.00234337 -0.00154986 0.999976 0.0066728 0.00235376 -0.00666916 0.999975 0.0230856 -0.143082 -0.0264738
FixedParameters: 0 0 0

#Transform 151
Transform: AffineTransform_float_3_3
Parameters: 0.999996 0.00166626 -0.00209239 -0.00165137 0.999973 0.00712236 0.00210406 -0.00711846 0.999972 0.0246902 -0.203945 0.0761822
FixedParameters: 0 0 0

#Transform 152
Transform: AffineTransform_float_3_3
Parameters: 0.999997 0.001588 -0.00202979 -0.00157406 0.999977 0.00651669 0.00204072 -0.00651397 0.999977 0.0290985 -0.168778 0.0396593
FixedParameters: 0 0 0

#Transform 153
Transform: AffineTransform_float_3_3
Parameters: 0.999996 0.0014705 -0.0025752 -0.00145299 0.999975 0.00699573 0.00258523 -0.00699182 0.999972 0.0505576 -0.216358 0.0925938
FixedParameters: 0 0 0

#Transform 154
Transform: AffineTransform_float_3_3
Parameters: 0.999996 0.00164039 -0.00215919 -0.00162677 0.999978 0.00633549 0.00216963 -0.00633214 0.999978 0.0387192 -0.0784554 0.0551182
FixedParameters: 0 0 0

#Transform 155
Transform: AffineTransform_float_3_3
Parameters: 0.999996 0.00163356 -0.00217447 -0.00161963 0.999976 0.00671677 0.00218562 -0.00671409 0.999975 0.0393722 -0.172207 0.0950118
FixedParameters: 0 0 0

#Transform 156
Transform: AffineTransform_float_3_3
Parameters: 0.999997 0.00157617 -0.00231714 -0.00156125 0.999978 0.00636578 0.00232719 -0.00636217 0.999977 0.0292156 -0.112288 0.0420526
FixedParameters: 0 0 0

#Transform 157
Transform: AffineTransform_float_3_3
Parameters: 0.999996 0.00153667 -0.0024117 -0.00151985 0.999974 0.00715092 0.00242278 -0.00714719 0.999972 0.0408215 -0.188208 0.0901676
FixedParameters: 0 0 0

#Transform 158
Transform: AffineTransform_float_3_3
Parameters: 0.999996 0.00166219 -0.00210431 -0.00164848 0.999976 0.00665534 0.00211519 -0.00665139 0.999976 0.0504049 -0.102925 0.0561413
FixedParameters: 0 0 0

#Transform 159
Transform: AffineTransform_float_3_3
Parameters: 0.999996 0.00144918 -0.00262794 -0.00143108 0.999974 0.00694657 0.00263753 -0.00694263 0.999973 0.0563228 -0.194202 0.120957
FixedParameters: 0 0 0

#Transform 160
Transform: AffineTransform_float_3_3
Parameters: 0.999996 0.00163416 -0.0021732 -0.00162032 0.999976 0.006685 0.00218418 -0.00668092 0.999975 0.0397293 -0.0712977 0.0398393
FixedParameters: 0 0 0

#Transform 161
Transform: AffineTransform_float_3_3
Parameters: 0.999997 0.00115036 -0.00220851 -0.00113366 0.999972 0.00744309 0.00221624 -0.00744026 0.99997 0.0356841 -0.205293 0.149252
FixedParameters: 0 0 0

#Transform 162
Transform: AffineTransform_float_3_3
Parameters: 0.999997 0.00113948 -0.00223746 -0.00112401 0.999976 0.00680717 0.0022453 -0.00680497 0.999974 0.0322722 -0.0896959 0.100832
FixedParameters: 0 0 0

#Transform 163
Transform: AffineTransform_float_3_3
Parameters: 0.999996 0.00171697 -0.00224031 -0.0017002 0.999971 0.00739462 0.0022532 -0.00739141 0.99997 0.0173465 -0.172853 0.118314
FixedParameters: 0 0 0

#Transform 164
Transform: AffineTransform_float_3_3
Parameters: 0.999995 0.00200404 -0.00232286 -0.00198807 0.999975 0.00667393 0.00233654 -0.00666914 0.999975 0.0278253 -0.116223 0.0718752
FixedParameters: 0 0 0

#Transform 165
Transform: AffineTransform_float_3_3
Parameters: 0.999995 0.00188452 -0.00261502 -0.00186481 0.999971 0.00737387 0.0026292 -0.0073685 0.99997 0.0382981 -0.172667 0.100037
FixedParameters: 0 0 0

#Transform 166
Transform: AffineTransform_float_3_3
Parameters: 0.999995 0.00199897 -0.00233424 -0.00198205 0.999974 0.00696064 0.00234814 -0.00695586 0.999973 0.0342958 -0.136634 0.0159025
FixedParameters: 0 0 0

#Transform 167
Transform: AffineTransform_float_3_3
Parameters: 0.999996 0.00181186 -0.00225574 -0.00179674 0.999974 0.00690597 0.00226813 -0.00690158 0.999974 0.0441333 -0.164638 0.184657
FixedParameters: 0 0 0

#Transform 168
Transform: AffineTransform_float_3_3
Parameters: 0.999996 0.00134058 -0.0022982 -0.00132553 0.999977 0.00661761 0.00230735 -0.00661508 0.999975 0.058231 -0.0795677 0.0907711
FixedParameters: 0 0 0

#Transform 169
Transform: AffineTransform_float_3_3
Parameters: 0.999997 0.00141546 -0.00211155 -0.00140036 0.999973 0.00725626 0.00212137 -0.0072533 0.999971 0.0426443 -0.126018 0.128709
FixedParameters: 0 0 0

#Transform 170
Transform: AffineTransform_float_3_3
Parameters: 0.999997 0.00142601 -0.00208782 -0.00141171 0.999977 0.00666684 0.00209744 -0.00666388 0.999975 0.0434203 -0.125006 0.0828098
FixedParameters: 0 0 0

#Transform 171
Transform: AffineTransform_float_3_3
Parameters: 0.999997 0.00142325 -0.00209402 -0.00140869 0.999976 0.00682069 0.00210314 -0.00681775 0.999974 0.0354307 -0.162663 0.162237
FixedParameters: 0 0 0

#Transform 172
Transform: AffineTransform_float_3_3
Parameters: 0.999997 0.00143204 -0.00207427 -0.00141914 0.999979 0.00633035 0.00208298 -0.0063281 0.999978 0.0414217 -0.148785 0.127444
FixedParameters: 0 0 0

#Transform 173
Transform: AffineTransform_float_3_3
Parameters: 0.999995 0.00155252 -0.00258852 -0.00153432 0.999974 0.00698514 0.00259839 -0.00698154 0.999972 0.0553115 -0.227121 0.246401
FixedParameters: 0 0 0

#Transform 174
Transform: AffineTransform_float_3_3
Parameters: 0.999994 0.0017182 -0.00287982 -0.00169749 0.999975 0.00692613 0.0028912 -0.00692068 0.999972 0.0326145 -0.136593 0.288035
FixedParameters: 0 0 0

#Transform 175
Transform: AffineTransform_float_3_3
Parameters: 0.999999 0.00135614 -0.00134167 -0.00134098 0.999939 0.0109898 0.001356 -0.0109873 0.999939 -0.0197955 -0.176958 0.518843
FixedParameters: 0 0 0

#Transform 176
Transform: AffineTransform_float_3_3
Parameters: 0.999999 0.000957551 -0.0010737 -0.000947871 0.999961 0.00875222 0.00108254 -0.00875178 0.999961 0.0131046 -0.13868 0.352013
FixedParameters: 0 0 0

#Transform 177
Transform: AffineTransform_float_3_3
Parameters: 0.999999 0.000935349 -0.00112151 -0.000924797 0.99995 0.00992588 0.00113106 -0.0099247 0.99995 -0.0143039 -0.178684 0.391054
FixedParameters: 0 0 0

#Transform 178
Transform: AffineTransform_float_3_3
Parameters: 0.999998 0.00162452 -0.00138954 -0.00161171 0.999952 0.00973205 0.00140567 -0.00973007 0.999952 -0.00652517 -0.138054 0.242185
FixedParameters: 0 0 0

#Transform 179
Transform: AffineTransform_float_3_3
Parameters: 0.999998 0.00174079 -0.000156535 -0.00173734 0.999811 0.0193704 0.000190515 -0.01937 0.999813 -0.0529972 -0.34809 0.610547
FixedParameters: 0 0 0

#Transform 180
Transform: AffineTransform_float_3_3
Parameters: 0.999999 0.000498503 -0.000968093 -0.000483251 0.999867 0.0162831 0.000976466 -0.0162823 0.999867 0.0171377 -0.11927 0.593168
FixedParameters: 0 0 0

#Transform 181
Transform: AffineTransform_float_3_3
Parameters: 0.999998 0.00117727 -0.00120584 -0.00115811 0.999877 0.0156502 0.00122384 -0.0156487 0.999877 -0.000692082 -0.282636 0.422962
FixedParameters: 0 0 0

#Transform 182
Transform: AffineTransform_float_3_3
Parameters: 1 0.000864748 -0.000815128 -0.000852339 0.999891 0.0147372 0.00082753 -0.0147362 0.999891 0.00304308 -0.193285 0.535262
FixedParameters: 0 0 0

#Transform 183
Transform: AffineTransform_float_3_3
Parameters: 0.999999 0.001459 -0.00117553 -0.00144131 0.999892 0.0146179 0.00119743 -0.0146165 0.999893 0.00752674 -0.21987 0.434683
FixedParameters: 0 0 0

#Transform 184
Transform: AffineTransform_float_3_3
Parameters: 0.999999 0.00107502 -0.00110137 -0.00105894 0.999897 0.014319 0.00111627 -0.0143179 0.999897 0.0121461 -0.201579 0.513447
FixedParameters: 0 0 0

#Transform 185
Transform: AffineTransform_float_3_3
Parameters: 0.999998 0.00120751 -0.00126143 -0.00118973 0.999904 0.0138188 0.00127846 -0.0138169 0.999904 0.0155122 -0.212113 0.369573
FixedParameters: 0 0 0

#Transform 186
Transform: AffineTransform_float_3_3
Parameters: 0.999998 0.00164879 -0.00130721 -0.00163042 0.999903 0.0138538 0.00132931 -0.0138516 0.999903 -0.00201767 -0.2492 0.441024
FixedParameters: 0 0 0

#Transform 187
Transform: AffineTransform_float_3_3
Parameters: 0.999998 0.00165527 -0.00129338 -0.00163739 0.999907 0.0135081 0.00131525 -0.0135059 0.999908 -0.00917469 -0.184345 0.322576
FixedParameters: 0 0 0

#Transform 188
Transform: AffineTransform_float_3_3
