# transform file /out/sourcedata/freesurfer/sub-v1s4x0050702_ses-1/mri/transforms/cc_up.lta
# created by oesteban on Tue Mar 10 04:05:48 2026

type      = 0 # LINEAR_VOX_TO_VOX
nxforms   = 1
mean      = 126.0000 111.0000 120.0000
sigma     = 10000.0000
1 4 4
9.972738027572632e-01 -6.392148882150650e-02 -3.686350211501122e-02 1.182063007354736e+01 
6.387785822153091e-02 9.979549050331116e-01 -2.361198654398322e-03 3.043803405761719e+01 
3.693904355168343e-02 0.000000000000000e+00 9.993174672126770e-01 1.244486045837402e+01 
0.000000000000000e+00 0.000000000000000e+00 0.000000000000000e+00 1.000000000000000e+00 
src volume info
valid = 1  # volume info valid
filename = /out/sourcedata/freesurfer/sub-v1s4x0050702_ses-1/mri/norm.mgz
volume = 256 256 256
voxelsize = 1.000000000000000e+00 1.000000000000000e+00 1.000000000000000e+00
xras   = -1.000000000000000e+00 2.328306436538696e-10 0.000000000000000e+00
yras   = -3.725290298461914e-09 -7.450580596923828e-09 -1.000000000000000e+00
zras   = 1.862645149230957e-09 1.000000119209290e+00 7.450580596923828e-09
cras   = 2.268768310546875e+00 1.008593750000000e+01 1.327016448974609e+01
dst volume info
valid = 1  # volume info valid
filename = /out/sourcedata/freesurfer/sub-v1s4x0050702_ses-1/mri/norm.mgz
volume = 256 256 256
voxelsize = 1.000000000000000e+00 1.000000000000000e+00 1.000000000000000e+00
xras   = -1.000000000000000e+00 2.328306436538696e-10 0.000000000000000e+00
yras   = -3.725290298461914e-09 -7.450580596923828e-09 -1.000000000000000e+00
zras   = 1.862645149230957e-09 1.000000119209290e+00 7.450580596923828e-09
cras   = 2.268768310546875e+00 1.008593750000000e+01 1.327016448974609e+01
