# transform file transforms/talairach.lta
# created by oesteban on Tue Mar 10 02:55:47 2026

type      = 0 # LINEAR_VOX_TO_VOX
nxforms   = 1
mean      = 126.0000 111.0000 120.0000
sigma     = 10000.0000
1 4 4
1.049431324005127e+00 -8.806758373975754e-02 -4.129006341099739e-02 7.169824600219727e+00 
9.660740941762924e-02 1.051387190818787e+00 1.992802470922470e-01 -2.580152702331543e+01 
2.679527178406715e-02 -1.937384605407715e-01 9.169899821281433e-01 2.182709693908691e+01 
0.000000000000000e+00 0.000000000000000e+00 0.000000000000000e+00 1.000000000000000e+00 
src volume info
valid = 1  # volume info valid
filename = nu.mgz
volume = 256 256 256
voxelsize = 1.000000000000000e+00 1.000000000000000e+00 1.000000000000000e+00
xras   = -1.000000000000000e+00 2.328306436538696e-10 0.000000000000000e+00
yras   = -3.725290298461914e-09 -7.450580596923828e-09 -1.000000000000000e+00
zras   = 1.862645149230957e-09 1.000000119209290e+00 7.450580596923828e-09
cras   = 2.268768310546875e+00 1.008593750000000e+01 1.327016448974609e+01
dst volume info
valid = 1  # volume info valid
filename = /opt/freesurfer/average/RB_all_2020-01-02.gca
volume = 256 256 256
voxelsize = 1.000000000000000e+00 1.000000000000000e+00 1.000000000000000e+00
xras   = -1.000000000000000e+00 0.000000000000000e+00 0.000000000000000e+00
yras   = 0.000000000000000e+00 0.000000000000000e+00 -1.000000000000000e+00
zras   = 0.000000000000000e+00 1.000000000000000e+00 0.000000000000000e+00
cras   = 0.000000000000000e+00 0.000000000000000e+00 0.000000000000000e+00
