type      = 0 # LINEAR_VOX_TO_VOX
nxforms   = 1
mean      = 0.0000 0.0000 0.0000
sigma     = 1.0000
1 4 4
1.086568951606750e+00 -7.549099624156952e-02 -4.979801177978516e-02 4.219627380371094e+00 
4.455399885773659e-02 9.928780198097229e-01 2.104010283946991e-01 -1.358981323242188e+01 
1.771000213921070e-03 -2.580870091915131e-01 9.616361260414124e-01 2.694512176513672e+01 
0.000000000000000e+00 0.000000000000000e+00 0.000000000000000e+00 1.000000000000000e+00 
src volume info
valid = 1  # volume info valid
filename = /out/sourcedata/freesurfer/sub-v1s4x0050702_ses-1/mri/orig.mgz
volume = 256 256 256
voxelsize = 1.000000000000000e+00 1.000000000000000e+00 1.000000000000000e+00
xras   = -1.000000000000000e+00 2.328306436538696e-10 0.000000000000000e+00
yras   = -3.725290298461914e-09 -7.450580596923828e-09 -1.000000000000000e+00
zras   = 1.862645149230957e-09 1.000000119209290e+00 7.450580596923828e-09
cras   = 2.268768310546875e+00 1.008593750000000e+01 1.327016448974609e+01
dst volume info
valid = 1  # volume info valid
filename = /opt/freesurfer/average/mni305.cor.mgz
volume = 256 256 256
voxelsize = 1.000000000000000e+00 1.000000000000000e+00 1.000000000000000e+00
xras   = -1.000000000000000e+00 0.000000000000000e+00 0.000000000000000e+00
yras   = 0.000000000000000e+00 0.000000000000000e+00 -1.000000000000000e+00
zras   = 0.000000000000000e+00 1.000000000000000e+00 0.000000000000000e+00
cras   = 0.000000000000000e+00 0.000000000000000e+00 0.000000000000000e+00
subject fsaverage
fscale 0.100000
