# transform file /out/sourcedata/freesurfer/sub-v1s4x0050697_ses-1/mri/transforms/cc_up.lta
# created by oesteban on Tue Mar 10 04:13:06 2026

type      = 0 # LINEAR_VOX_TO_VOX
nxforms   = 1
mean      = 128.0000 114.0000 116.0000
sigma     = 10000.0000
1 4 4
9.990804791450500e-01 2.961138263344765e-02 -3.100333176553249e-02 5.909258127212524e-01 
-2.959713526070118e-02 9.995613694190979e-01 9.184543741866946e-04 3.373142242431641e+01 
3.101693280041218e-02 -5.820765397457350e-11 9.995188117027283e-01 2.208551216125488e+01 
0.000000000000000e+00 0.000000000000000e+00 0.000000000000000e+00 1.000000000000000e+00 
src volume info
valid = 1  # volume info valid
filename = /out/sourcedata/freesurfer/sub-v1s4x0050697_ses-1/mri/norm.mgz
volume = 256 256 256
voxelsize = 1.000000000000000e+00 1.000000000000000e+00 1.000000000000000e+00
xras   = -1.000000000000000e+00 -3.812601789832115e-09 -2.328306436538696e-10
yras   = -4.656612873077393e-10 1.490116119384766e-08 -1.000000000000000e+00
zras   = -3.521563485264778e-09 9.999999403953552e-01 0.000000000000000e+00
cras   = -5.901718139648438e-01 7.391563415527344e+00 2.188134002685547e+01
dst volume info
valid = 1  # volume info valid
filename = /out/sourcedata/freesurfer/sub-v1s4x0050697_ses-1/mri/norm.mgz
volume = 256 256 256
voxelsize = 1.000000000000000e+00 1.000000000000000e+00 1.000000000000000e+00
xras   = -1.000000000000000e+00 -3.812601789832115e-09 -2.328306436538696e-10
yras   = -4.656612873077393e-10 1.490116119384766e-08 -1.000000000000000e+00
zras   = -3.521563485264778e-09 9.999999403953552e-01 0.000000000000000e+00
cras   = -5.901718139648438e-01 7.391563415527344e+00 2.188134002685547e+01
