type      = 1 # LINEAR_RAS_TO_RAS
nxforms   = 1
mean      = 0.0000 0.0000 0.0000
sigma     = 1.0000
1 4 4
1.203879952430725e+00 5.369700118899345e-02 3.046399913728237e-02 -2.331499941647053e-02 
2.608899958431721e-02 1.067083954811096e+00 2.956739962100983e-01 -2.385767364501953e+01 
-3.411399945616722e-02 -2.223509997129440e-01 1.106497049331665e+00 -3.897392272949219e+01 
0.000000000000000e+00 0.000000000000000e+00 0.000000000000000e+00 1.000000000000000e+00 
src volume info
valid = 1  # volume info valid
filename = /out/sourcedata/freesurfer/sub-v1s4x0050697_ses-1/mri/orig_nu.mgz
volume = 256 256 256
voxelsize = 1.000000000000000e+00 1.000000000000000e+00 1.000000000000000e+00
xras   = -1.000000000000000e+00 -3.812601789832115e-09 -2.328306436538696e-10
yras   = -4.656612873077393e-10 1.490116119384766e-08 -1.000000000000000e+00
zras   = -3.521563485264778e-09 9.999999403953552e-01 0.000000000000000e+00
cras   = -5.901718139648438e-01 7.391563415527344e+00 2.188134002685547e+01
dst volume info
valid = 1  # volume info valid
filename = /opt/freesurfer/average/mni305.cor.mgz
volume = 256 256 256
voxelsize = 1.000000000000000e+00 1.000000000000000e+00 1.000000000000000e+00
xras   = -1.000000000000000e+00 0.000000000000000e+00 0.000000000000000e+00
yras   = 0.000000000000000e+00 0.000000000000000e+00 -1.000000000000000e+00
zras   = 0.000000000000000e+00 1.000000000000000e+00 0.000000000000000e+00
cras   = 0.000000000000000e+00 0.000000000000000e+00 0.000000000000000e+00
subject fsaverage
fscale 0.100000
