# transform file transforms/talairach.lta
# created by oesteban on Tue Mar 10 02:49:47 2026

type      = 0 # LINEAR_VOX_TO_VOX
nxforms   = 1
mean      = 128.0000 115.0000 116.0000
sigma     = 10000.0000
1 4 4
1.150276660919189e+00 3.599119558930397e-02 -3.005269728600979e-02 -2.110290718078613e+01 
-2.790254727005959e-02 1.144082427024841e+00 2.244509011507034e-01 -2.647458839416504e+01 
3.528158366680145e-02 -1.912439912557602e-01 1.036538600921631e+00 8.694105148315430e+00 
0.000000000000000e+00 0.000000000000000e+00 0.000000000000000e+00 1.000000000000000e+00 
src volume info
valid = 1  # volume info valid
filename = nu.mgz
volume = 256 256 256
voxelsize = 1.000000000000000e+00 1.000000000000000e+00 1.000000000000000e+00
xras   = -1.000000000000000e+00 -3.812601789832115e-09 -2.328306436538696e-10
yras   = -4.656612873077393e-10 1.490116119384766e-08 -1.000000000000000e+00
zras   = -3.521563485264778e-09 9.999999403953552e-01 0.000000000000000e+00
cras   = -5.901718139648438e-01 7.391563415527344e+00 2.188134002685547e+01
dst volume info
valid = 1  # volume info valid
filename = /opt/freesurfer/average/RB_all_2020-01-02.gca
volume = 256 256 256
voxelsize = 1.000000000000000e+00 1.000000000000000e+00 1.000000000000000e+00
xras   = -1.000000000000000e+00 0.000000000000000e+00 0.000000000000000e+00
yras   = 0.000000000000000e+00 0.000000000000000e+00 -1.000000000000000e+00
zras   = 0.000000000000000e+00 1.000000000000000e+00 0.000000000000000e+00
cras   = 0.000000000000000e+00 0.000000000000000e+00 0.000000000000000e+00
