#Insight Transform File V1.0
#Transform 0
Transform: AffineTransform_float_3_3
Parameters: 0.999999 -0.000805456 -1.37826e-05 0.000804783 0.999998 0.00142869 1.27343e-05 -0.00142864 0.999999 0.0976921 -0.0507045 0.0511171
FixedParameters: 0 0 0

#Transform 1
Transform: AffineTransform_float_3_3
Parameters: 1 -0.000564069 8.92537e-05 0.000564067 1 1.51541e-05 -8.92699e-05 -1.50532e-05 1 0.0923756 0.0385663 0.0766859
FixedParameters: 0 0 0

#Transform 2
Transform: AffineTransform_float_3_3
Parameters: 1 -0.000511578 0.000144854 0.000511691 0.999999 0.00080355 -0.00014474 -0.000803335 0.999999 0.068012 -0.0322293 0.136782
FixedParameters: 0 0 0

#Transform 3
Transform: AffineTransform_float_3_3
Parameters: 0.999999 -0.000844421 -1.58359e-06 0.000844423 0.999999 0.000199431 1.248e-06 -0.000199433 1 0.0785082 -0.0147263 0.0992727
FixedParameters: 0 0 0

#Transform 4
Transform: AffineTransform_float_3_3
Parameters: 1 -0.000542845 8.28545e-05 0.000542746 0.999999 0.000598663 -8.35033e-05 -0.000598571 1 0.0715104 0.0167347 0.1099
FixedParameters: 0 0 0

#Transform 5
Transform: AffineTransform_float_3_3
Parameters: 1 -0.000606984 -5.34515e-05 0.000607013 1 0.000264289 5.31315e-05 -0.000264353 1 0.0812973 -0.0345558 0.0599615
FixedParameters: 0 0 0

#Transform 6
Transform: AffineTransform_float_3_3
Parameters: 1 -0.000542828 9.87333e-05 0.000542739 0.999999 0.00045336 -9.92244e-05 -0.000453252 1 0.0648229 -0.0082704 0.0944728
FixedParameters: 0 0 0

#Transform 7
Transform: AffineTransform_float_3_3
Parameters: 0.999999 -0.000664262 -0.000191211 0.000664652 1 0.000114098 0.000191994 -0.000114287 1 0.0694029 -0.0273727 0.100578
FixedParameters: 0 0 0

#Transform 8
Transform: AffineTransform_float_3_3
Parameters: 1 -0.000418774 0.000202364 0.000418503 0.999999 0.000670356 -0.000202924 -0.000670184 1 0.0442879 -0.00445687 0.113056
FixedParameters: 0 0 0

#Transform 9
Transform: AffineTransform_float_3_3
Parameters: 1 -0.000407332 0.000161313 0.000407712 0.999999 0.00130694 -0.000162761 -0.00130682 0.999999 0.0561099 -0.0908499 0.0682817
FixedParameters: 0 0 0

#Transform 10
Transform: AffineTransform_float_3_3
Parameters: 1 -0.000480565 0.000205312 0.000480046 1 0.00101802 -0.000206251 -0.00101847 0.999999 0.0363045 -0.00895065 0.0957496
FixedParameters: 0 0 0

#Transform 11
Transform: AffineTransform_float_3_3
Parameters: 1 -0.00037481 3.30716e-05 0.000374765 0.999999 0.000670822 -3.35737e-05 -0.000670795 1 0.0465073 -0.0516483 0.0953857
FixedParameters: 0 0 0

#Transform 12
Transform: AffineTransform_float_3_3
Parameters: 1 -0.000194546 0.000127868 0.000194416 1 0.000510479 -0.000128066 -0.000510427 1 0.0450966 -0.0281598 0.0860202
FixedParameters: 0 0 0

#Transform 13
Transform: AffineTransform_float_3_3
Parameters: 1 -0.000292343 -0.000269649 0.00029174 0.999999 0.000604009 0.000269647 -0.000604158 1 0.0410168 0.0153912 0.108642
FixedParameters: 0 0 0

#Transform 14
Transform: AffineTransform_float_3_3
Parameters: 1 -0.000255981 -0.000141002 0.000256073 1 0.000324003 0.000140836 -0.000324074 1 0.0399137 -0.0117157 0.0413422
FixedParameters: 0 0 0

#Transform 15
Transform: AffineTransform_float_3_3
Parameters: 1 -0.00019872 1.71359e-05 0.000198711 1 0.000288029 -1.725e-05 -0.000288022 1 0.0179477 -0.0561433 0.150324
FixedParameters: 0 0 0

#Transform 16
Transform: AffineTransform_float_3_3
Parameters: 1 -0.000303909 -0.000253245 0.000304341 1 0.000170322 0.000254075 -0.000170411 1 0.0439051 -0.00340534 0.0330159
FixedParameters: 0 0 0

#Transform 17
Transform: AffineTransform_float_3_3
Parameters: 1 -0.000320645 -0.000320742 0.000320886 1 0.000374737 0.000320502 -0.000374942 1 0.0265343 -0.0261665 0.0925803
FixedParameters: 0 0 0

#Transform 18
Transform: AffineTransform_float_3_3
Parameters: 1 -0.000168168 0.000166289 0.000168278 1 -0.000329338 -0.000166177 0.000329393 1 -0.00822241 -0.0473273 -0.0676096
FixedParameters: 0 0 0

#Transform 19
Transform: AffineTransform_float_3_3
Parameters: 1 -9.37221e-05 0.000349859 9.38446e-05 1 -0.000175608 -0.000349826 0.000175674 1 -0.0206047 0.00489071 0.0572849
FixedParameters: 0 0 0

#Transform 20
Transform: AffineTransform_float_3_3
Parameters: 1 -0.000299067 -0.000244439 0.00029917 1 0.000208881 0.000244315 -0.000209027 1 0.0124627 -0.0273796 -0.00184112
FixedParameters: 0 0 0

#Transform 21
Transform: AffineTransform_float_3_3
Parameters: 1 -0.000285035 -0.000297226 0.000284595 1 0.00103607 0.000296953 -0.00103623 1 0.0034243 -0.0639025 0.115028
FixedParameters: 0 0 0

#Transform 22
Transform: AffineTransform_float_3_3
Parameters: 1 6.04325e-05 0.000133073 -6.04348e-05 1 7.43292e-06 -0.000133072 -7.44895e-06 1 -0.00792726 -0.0241121 0.0269225
FixedParameters: 0 0 0

#Transform 23
Transform: AffineTransform_float_3_3
Parameters: 1 -0.000224099 -0.000128358 0.0002247 0.999999 0.000994737 0.000128846 -0.000994728 0.999999 -0.00219874 -0.0536321 0.0536356
FixedParameters: 0 0 0

#Transform 24
Transform: AffineTransform_float_3_3
Parameters: 1 0.000157488 -0.00028894 -0.00015741 1 0.000134394 0.000288982 -0.000134302 1 -0.0116524 -0.0456027 0.0575197
FixedParameters: 0 0 0

#Transform 25
Transform: AffineTransform_float_3_3
Parameters: 1 7.82711e-05 -0.000485254 -7.7934e-05 1 0.000346725 0.000485307 -0.000346649 1 -0.0347047 -0.0278305 0.0806635
FixedParameters: 0 0 0

#Transform 26
Transform: AffineTransform_float_3_3
Parameters: 1 -3.31142e-05 -0.000330139 3.32183e-05 1 0.000680081 0.000329159 -0.000680166 0.999999 -0.0353056 -0.0559859 0.049972
FixedParameters: 0 0 0

#Transform 27
Transform: AffineTransform_float_3_3
Parameters: 1 0.000115706 -0.000350505 -0.000116006 1 6.30257e-05 0.000349585 -6.30097e-05 1 -0.0270408 -0.0568082 -0.0316094
FixedParameters: 0 0 0

#Transform 28
Transform: AffineTransform_float_3_3
Parameters: 1 0.000115482 -0.000349683 -0.000115446 1 5.00591e-05 0.000349694 -4.99784e-05 1 -0.0305212 -0.0277908 0.0650855
FixedParameters: 0 0 0

#Transform 29
Transform: AffineTransform_float_3_3
Parameters: 1 0.000160453 -0.000201556 -0.000160533 1 -0.000198846 0.000201491 0.00019891 1 -0.0335345 -0.0272103 -0.0386955
FixedParameters: 0 0 0

#Transform 30
Transform: AffineTransform_float_3_3
Parameters: 1 0.000164599 -0.000290892 -0.000164178 0.999999 0.000722415 0.000291129 -0.000722317 0.999999 -0.0365949 -0.061887 0.0769476
FixedParameters: 0 0 0

#Transform 31
Transform: AffineTransform_float_3_3
Parameters: 0.999999 -0.000329751 -0.000582583 0.000329862 0.999999 -0.00070413 0.000582697 0.000703737 0.999999 -0.0194071 -0.0243796 0.0557531
FixedParameters: 0 0 0

#Transform 32
Transform: AffineTransform_float_3_3
Parameters: 1 9.3362e-05 -0.00046615 -9.28307e-05 1 0.000569168 0.000466255 -0.00056908 0.999999 -0.0279752 -0.00794244 0.019601
FixedParameters: 0 0 0

#Transform 33
Transform: AffineTransform_float_3_3
Parameters: 1 0.00025076 4.64577e-05 -0.000250737 1 -0.000246779 -4.65818e-05 0.000246755 1 -0.0433175 -0.0838062 -0.02404
FixedParameters: 0 0 0

#Transform 34
Transform: AffineTransform_float_3_3
Parameters: 1 0.000181892 -0.000185292 -0.000181825 1 0.000181644 0.000185358 -0.000181576 1 -0.0543239 -0.039402 -0.0224212
FixedParameters: 0 0 0

#Transform 35
Transform: AffineTransform_float_3_3
Parameters: 1 0.000542885 0.000125086 -0.000542872 1 -5.43159e-05 -0.000125145 5.41798e-05 1 -0.0682748 -0.0505119 -0.067405
FixedParameters: 0 0 0

#Transform 36
Transform: AffineTransform_float_3_3
Parameters: 1 0.00024761 -0.000214677 -0.000247512 1 0.000228805 0.000214789 -0.000228698 1 -0.0578092 -0.00534355 0.0491088
FixedParameters: 0 0 0

#Transform 37
Transform: AffineTransform_float_3_3
Parameters: 1 0.000176992 -0.000171427 -0.000177015 1 -6.69314e-05 0.000171403 6.69918e-05 1 -0.0644612 -0.0275292 0.0613475
FixedParameters: 0 0 0

#Transform 38
Transform: AffineTransform_float_3_3
Parameters: 1 0.000681896 0.000160327 -0.000681724 0.999999 -0.00053746 -0.000161061 0.00053724 1 -0.0483659 -0.0110342 -0.0363776
FixedParameters: 0 0 0

#Transform 39
Transform: AffineTransform_float_3_3
Parameters: 1 0.000324606 -0.000418627 -0.000324494 1 0.000546349 0.000418047 -0.000546141 1 -0.0276693 -0.0669412 0.0788736
FixedParameters: 0 0 0

#Transform 40
Transform: AffineTransform_float_3_3
Parameters: 0.999999 0.000713673 -0.000378961 -0.000713244 0.999999 0.000565536 0.000379766 -0.000564994 1 -0.0314184 -0.037044 0.023124
FixedParameters: 0 0 0

#Transform 41
Transform: AffineTransform_float_3_3
Parameters: 1 0.000531105 -0.00032094 -0.000530626 0.999999 0.000744546 0.00032173 -0.000744203 0.999999 -0.0590671 -0.0169731 0.0966343
FixedParameters: 0 0 0

#Transform 42
Transform: AffineTransform_float_3_3
Parameters: 1 0.000469335 -0.00025457 -0.000469346 1 -1.98897e-05 0.00025455 2.01285e-05 1 -0.0473608 -0.0232756 -0.0411279
FixedParameters: 0 0 0

#Transform 43
Transform: AffineTransform_float_3_3
Parameters: 1 0.000204333 -0.000213074 -0.00020391 0.999999 0.000991251 0.000213478 -0.000991162 0.999999 -0.0549458 -0.0189834 0.13582
FixedParameters: 0 0 0

#Transform 44
Transform: AffineTransform_float_3_3
Parameters: 1 0.000403124 -0.000296802 -0.000402561 0.999999 0.00116005 0.000297703 -0.00115981 1 -0.0485042 -0.0552982 0.0425702
FixedParameters: 0 0 0

#Transform 45
Transform: AffineTransform_float_3_3
Parameters: 0.999999 0.000375481 -0.000718748 -0.000374342 0.999999 0.000754187 0.000719349 -0.0007544 0.999999 -0.0527832 -0.0552152 0.0857375
FixedParameters: 0 0 0

#Transform 46
Transform: AffineTransform_float_3_3
Parameters: 1 0.000235774 -0.000163493 -0.000235458 1 -8.5435e-05 0.000164386 8.55771e-05 1 -0.0720984 -0.0381882 0.0676585
FixedParameters: 0 0 0

#Transform 47
Transform: AffineTransform_float_3_3
Parameters: 1 2.65828e-05 -0.000527033 -2.71229e-05 1 -0.000512937 0.000527005 0.000512964 0.999999 -0.0523157 -0.000864362 0.124917
FixedParameters: 0 0 0

#Transform 48
Transform: AffineTransform_float_3_3
Parameters: 1 0.000300036 -0.000173522 -0.000299807 1 -0.000331655 0.000174256 0.000331823 1 -0.071879 -0.0478844 0.0305751
FixedParameters: 0 0 0

#Transform 49
Transform: AffineTransform_float_3_3
Parameters: 0.999999 0.000616402 -0.000689793 -0.000616492 1 -6.47168e-05 0.000689711 6.55667e-05 1 -0.0734709 -0.0856 -0.072333
FixedParameters: 0 0 0

#Transform 50
Transform: AffineTransform_float_3_3
Parameters: 1 0.00108227 -0.000553392 -0.00108125 0.999998 0.00122402 0.000555103 -0.00122288 0.999999 -0.0947974 -0.207621 -0.366499
FixedParameters: 0 0 0

#Transform 51
Transform: AffineTransform_float_3_3
Parameters: 0.999999 0.00110272 -0.00062724 -0.00110074 0.999997 0.00240723 0.000630645 -0.00240663 0.999997 -0.0968866 -0.115055 -0.192521
FixedParameters: 0 0 0

#Transform 52
Transform: AffineTransform_float_3_3
Parameters: 0.999999 0.000796968 -0.000887152 -0.000794366 0.999996 0.00291197 0.000889237 -0.00291141 0.999995 -0.0672561 -0.133749 0.0415383
FixedParameters: 0 0 0

#Transform 53
Transform: AffineTransform_float_3_3
Parameters: 0.999998 0.00133692 -0.00123435 -0.00133382 0.999995 0.00273455 0.00123859 -0.0027329 0.999995 -0.0675524 -0.149599 0.0183323
FixedParameters: 0 0 0

#Transform 54
Transform: AffineTransform_float_3_3
Parameters: 0.999999 0.00107704 -0.001072 -0.00107519 0.999997 0.00237485 0.00107497 -0.00237337 0.999996 -0.0559623 -0.105282 0.061641
FixedParameters: 0 0 0

#Transform 55
Transform: AffineTransform_float_3_3
Parameters: 0.999999 0.00123831 -0.000688159 -0.00123615 0.999996 0.00259696 0.000691679 -0.00259545 0.999997 -0.0741336 -0.156388 0.0706784
FixedParameters: 0 0 0

#Transform 56
Transform: AffineTransform_float_3_3
Parameters: 0.999998 0.0014209 -0.00102283 -0.00141788 0.999995 0.00288421 0.0010276 -0.00288286 0.999995 -0.0843315 -0.146104 0.0833119
FixedParameters: 0 0 0

#Transform 57
Transform: AffineTransform_float_3_3
Parameters: 0.999998 0.00149267 -0.00146521 -0.00149042 0.999997 0.00192483 0.00146802 -0.00192276 0.999997 -0.0769212 -0.0945703 0.0782979
FixedParameters: 0 0 0

#Transform 58
Transform: AffineTransform_float_3_3
Parameters: 0.999999 0.00124285 -0.00129388 -0.00124295 0.999999 0.000377427 0.00129437 -0.000375673 0.999999 -0.081262 -0.103807 -0.0350354
FixedParameters: 0 0 0

#Transform 59
Transform: AffineTransform_float_3_3
Parameters: 0.999998 0.00154147 -0.00139531 -0.00153907 0.999997 0.00170429 0.00139724 -0.00170164 0.999998 -0.100373 -0.116015 0.0708932
FixedParameters: 0 0 0

#Transform 60
Transform: AffineTransform_float_3_3
Parameters: 0.999998 0.00175322 -0.0010173 -0.00175203 0.999997 0.00155869 0.00102045 -0.00155736 0.999998 -0.102763 -0.127724 -0.0596387
FixedParameters: 0 0 0

#Transform 61
Transform: AffineTransform_float_3_3
Parameters: 0.999998 0.00164094 -0.000620648 -0.00164028 0.999998 0.00116936 0.00062265 -0.00116811 0.999999 -0.103085 -0.137326 -0.00343295
FixedParameters: 0 0 0

#Transform 62
Transform: AffineTransform_float_3_3
Parameters: 0.999998 0.00163673 -0.00100818 -0.00163533 0.999998 0.000998281 0.00100968 -0.000996515 0.999999 -0.110201 -0.103165 -0.112813
FixedParameters: 0 0 0

#Transform 63
Transform: AffineTransform_float_3_3
Parameters: 0.999998 0.00140499 -0.00160596 -0.00140372 0.999999 0.000750488 0.00160762 -0.000748194 0.999999 -0.073601 -0.0785257 0.179727
FixedParameters: 0 0 0

#Transform 64
Transform: AffineTransform_float_3_3
Parameters: 0.999998 0.0016273 -0.00122 -0.00162383 0.999996 0.00269137 0.00122443 -0.00268902 0.999995 -0.0399946 -0.0940911 0.24376
FixedParameters: 0 0 0

#Transform 65
Transform: AffineTransform_float_3_3
Parameters: 0.999996 0.00145812 -0.00213488 -0.00144403 0.999976 0.00672725 0.00214443 -0.00672403 0.999975 0.0231294 -0.182094 0.341777
FixedParameters: 0 0 0

#Transform 66
Transform: AffineTransform_float_3_3
Parameters: 0.999997 0.00140183 -0.00227834 -0.00138702 0.999977 0.00662812 0.00228728 -0.00662549 0.999976 0.0131801 -0.168001 0.359948
FixedParameters: 0 0 0

#Transform 67
Transform: AffineTransform_float_3_3
Parameters: 0.999996 0.00176623 -0.00204324 -0.00175719 0.999988 0.00453492 0.00205054 -0.00453132 0.999988 -0.0420859 -0.237872 0.249528
FixedParameters: 0 0 0

#Transform 68
Transform: AffineTransform_float_3_3
Parameters: 0.999995 0.00182551 -0.00244652 -0.00181368 0.999988 0.00454291 0.00245479 -0.00453825 0.999986 -0.0109549 -0.135128 0.269636
FixedParameters: 0 0 0

#Transform 69
Transform: AffineTransform_float_3_3
Parameters: 0.999996 0.00181444 -0.00240995 -0.00180235 0.999987 0.00467091 0.0024185 -0.00466579 0.999986 0.00583551 -0.149752 0.25021
FixedParameters: 0 0 0

#Transform 70
Transform: AffineTransform_float_3_3
Parameters: 0.999995 0.00178346 -0.00246667 -0.00177503 0.999993 0.00328082 0.00247274 -0.00327685 0.999992 -0.0304794 -0.175177 0.151589
FixedParameters: 0 0 0

#Transform 71
Transform: AffineTransform_float_3_3
Parameters: 0.999996 0.00191467 -0.00233178 -0.00190664 0.999992 0.00349954 0.00233853 -0.00349474 0.999991 -0.0349617 -0.132277 0.237809
FixedParameters: 0 0 0

#Transform 72
Transform: AffineTransform_float_3_3
Parameters: 0.999996 0.00192035 -0.00197992 -0.00191532 0.999995 0.00264902 0.00198477 -0.00264608 0.999994 -0.0529418 -0.16103 0.129562
FixedParameters: 0 0 0

#Transform 73
Transform: AffineTransform_float_3_3
Parameters: 0.999996 0.00217978 -0.00190232 -0.00217404 0.999993 0.00304759 0.00190931 -0.00304327 0.999993 -0.0491315 -0.137261 0.214772
FixedParameters: 0 0 0

#Transform 74
Transform: AffineTransform_float_3_3
Parameters: 0.999995 0.00209181 -0.00227675 -0.00208496 0.999993 0.0029913 0.00228328 -0.00298584 0.999993 -0.0498577 -0.0925043 0.209678
FixedParameters: 0 0 0

#Transform 75
Transform: AffineTransform_float_3_3
Parameters: 0.999995 0.0022836 -0.00204056 -0.00227822 0.999994 0.0027411 0.00204682 -0.0027365 0.999995 -0.0575808 -0.0955364 0.192248
FixedParameters: 0 0 0

#Transform 76
Transform: AffineTransform_float_3_3
Parameters: 0.999995 0.00210345 -0.00213984 -0.00209748 0.999994 0.00275071 0.00214515 -0.00274643 0.999994 -0.0455449 -0.119657 0.265085
FixedParameters: 0 0 0

#Transform 77
Transform: AffineTransform_float_3_3
Parameters: 0.999996 0.00209779 -0.00199169 -0.00209378 0.999995 0.00232433 0.00199612 -0.00231997 0.999996 -0.0640329 -0.0854517 0.185901
FixedParameters: 0 0 0

#Transform 78
Transform: AffineTransform_float_3_3
Parameters: 0.999995 0.00205548 -0.00236962 -0.00204861 0.999994 0.00278652 0.00237613 -0.00278219 0.999993 -0.0645949 -0.0897309 0.250415
FixedParameters: 0 0 0

#Transform 79
Transform: AffineTransform_float_3_3
Parameters: 0.999995 0.00212089 -0.00234485 -0.00211557 0.999995 0.00214011 0.0023496 -0.00213486 0.999995 -0.0550332 -0.106139 0.193401
FixedParameters: 0 0 0

#Transform 80
Transform: AffineTransform_float_3_3
Parameters: 0.999996 0.00205777 -0.00209721 -0.00205176 0.999993 0.00304391 0.00210376 -0.00303934 0.999993 -0.0763372 -0.0897366 0.227421
FixedParameters: 0 0 0

#Transform 81
Transform: AffineTransform_float_3_3
Parameters: 0.999995 0.00219795 -0.00229608 -0.00219313 0.999995 0.00207251 0.00230094 -0.00206776 0.999995 -0.0857903 -0.0912007 0.230953
FixedParameters: 0 0 0

#Transform 82
Transform: AffineTransform_float_3_3
Parameters: 0.999994 0.00225012 -0.00268232 -0.00224351 0.999994 0.00259531 0.00268857 -0.00258946 0.999993 -0.0784862 -0.107337 0.143879
FixedParameters: 0 0 0

#Transform 83
Transform: AffineTransform_float_3_3
Parameters: 0.999994 0.00234483 -0.00241632 -0.00233921 0.999994 0.00251659 0.00242234 -0.00251138 0.999994 -0.100134 -0.0853744 0.251059
FixedParameters: 0 0 0

#Transform 84
Transform: AffineTransform_float_3_3
Parameters: 0.999994 0.0023546 -0.00234102 -0.00234998 0.999995 0.00208419 0.00234569 -0.00207922 0.999995 -0.115945 -0.0739855 0.194824
FixedParameters: 0 0 0

#Transform 85
Transform: AffineTransform_float_3_3
Parameters: 0.999994 0.00248281 -0.00261242 -0.00247818 0.999995 0.00211385 0.00261718 -0.002107 0.999994 -0.114568 -0.0636439 0.152364
FixedParameters: 0 0 0

#Transform 86
Transform: AffineTransform_float_3_3
Parameters: 0.999993 0.00273968 -0.00254011 -0.00273173 0.999992 0.00303009 0.00254906 -0.00302308 0.999992 -0.117941 -0.111741 0.204663
FixedParameters: 0 0 0

#Transform 87
Transform: AffineTransform_float_3_3
Parameters: 0.999993 0.00274002 -0.00232876 -0.00273473 0.999994 0.00203494 0.00233448 -0.00202889 0.999995 -0.142202 -0.0513463 0.147042
FixedParameters: 0 0 0

#Transform 88
Transform: AffineTransform_float_3_3
Parameters: 0.999994 0.00270449 -0.00238242 -0.00269741 0.999992 0.00312033 0.00239071 -0.00311442 0.999992 -0.145904 -0.103675 0.228568
FixedParameters: 0 0 0

#Transform 89
Transform: AffineTransform_float_3_3
Parameters: 0.999993 0.00280408 -0.00252834 -0.00279809 0.999994 0.00198683 0.00253407 -0.00197937 0.999994 -0.146681 -0.0917073 0.0935029
FixedParameters: 0 0 0

#Transform 90
Transform: AffineTransform_float_3_3
Parameters: 0.999993 0.00287135 -0.00237102 -0.00286279 0.999989 0.00372768 0.00238093 -0.00372047 0.99999 -0.166706 -0.130071 0.168668
FixedParameters: 0 0 0

#Transform 91
Transform: AffineTransform_float_3_3
Parameters: 0.999994 0.00286733 -0.00239763 -0.00286163 0.999993 0.00239863 0.00240442 -0.00239172 0.999994 -0.163186 -0.0850414 0.186836
FixedParameters: 0 0 0

#Transform 92
Transform: AffineTransform_float_3_3
Parameters: 0.999992 0.00289057 -0.00264769 -0.00288264 0.999991 0.00319886 0.00265704 -0.00319134 0.999992 -0.170629 -0.0939625 0.17995
FixedParameters: 0 0 0

#Transform 93
Transform: AffineTransform_float_3_3
Parameters: 0.999994 0.0029066 -0.00190488 -0.00290141 0.999993 0.00235823 0.00191183 -0.00235308 0.999995 -0.203758 -0.112419 0.174721
FixedParameters: 0 0 0

#Transform 94
Transform: AffineTransform_float_3_3
Parameters: 0.999993 0.00278227 -0.00259538 -0.00277567 0.999993 0.00231284 0.00260226 -0.00230593 0.999994 -0.194869 -0.0786631 0.146857
FixedParameters: 0 0 0

#Transform 95
Transform: AffineTransform_float_3_3
Parameters: 0.999994 0.00281484 -0.00207326 -0.00280984 0.999992 0.0026474 0.00208113 -0.00264181 0.999994 -0.218213 -0.101319 0.175486
FixedParameters: 0 0 0

#Transform 96
Transform: AffineTransform_float_3_3
Parameters: 0.999992 0.00325734 -0.00224176 -0.00325186 0.999991 0.00273056 0.00225068 -0.00272282 0.999994 -0.188256 -0.119637 0.128735
FixedParameters: 0 0 0

#Transform 97
Transform: AffineTransform_float_3_3
Parameters: 0.999993 0.00270057 -0.0024959 -0.00269404 0.999993 0.00277482 0.00250327 -0.00276824 0.999993 -0.127308 -0.078578 0.244132
FixedParameters: 0 0 0

#Transform 98
Transform: AffineTransform_float_3_3
Parameters: 0.999993 0.00297459 -0.00244111 -0.00297062 0.999994 0.00192719 0.00244662 -0.0019201 0.999995 -0.181439 -0.09295 0.162707
FixedParameters: 0 0 0

#Transform 99
Transform: AffineTransform_float_3_3
Parameters: 0.999993 0.00287251 -0.00247084 -0.00286327 0.999989 0.00361052 0.00248108 -0.00360343 0.999991 -0.168035 -0.130782 0.220778
FixedParameters: 0 0 0

#Transform 100
Transform: AffineTransform_float_3_3
Parameters: 0.999993 0.00308669 -0.00194262 -0.00308326 0.999994 0.00165387 0.00194798 -0.00164768 0.999997 -0.212561 -0.0737957 0.152393
FixedParameters: 0 0 0

#Transform 101
Transform: AffineTransform_float_3_3
Parameters: 0.999992 0.0030108 -0.00281684 -0.00300216 0.99999 0.00335491 0.00282738 -0.00334644 0.99999 -0.160402 -0.137253 0.182047
FixedParameters: 0 0 0

#Transform 102
Transform: AffineTransform_float_3_3
Parameters: 0.999992 0.00303096 -0.00260464 -0.00302612 0.999993 0.00193766 0.0026105 -0.00193005 0.999995 -0.1906 -0.0937751 0.164922
FixedParameters: 0 0 0

#Transform 103
Transform: AffineTransform_float_3_3
Parameters: 0.999992 0.00320479 -0.00228101 -0.00319764 0.99999 0.0031518 0.00229137 -0.0031441 0.999992 -0.211851 -0.0959397 0.176593
FixedParameters: 0 0 0

#Transform 104
Transform: AffineTransform_float_3_3
Parameters: 0.999992 0.00348449 -0.00175046 -0.00348064 0.999991 0.00229025 0.00175876 -0.00228393 0.999996 -0.239044 -0.102343 0.188481
FixedParameters: 0 0 0

#Transform 105
Transform: AffineTransform_float_3_3
Parameters: 0.999992 0.00309605 -0.00251855 -0.00308867 0.99999 0.00307503 0.00252813 -0.00306712 0.999992 -0.201767 -0.109247 0.143602
FixedParameters: 0 0 0

#Transform 106
Transform: AffineTransform_float_3_3
Parameters: 0.999992 0.00310744 -0.00251482 -0.00310044 0.999991 0.00272541 0.00252293 -0.00271741 0.999993 -0.203374 -0.0827242 0.171121
FixedParameters: 0 0 0

#Transform 107
Transform: AffineTransform_float_3_3
Parameters: 0.999991 0.00326349 -0.00285864 -0.00325548 0.999991 0.00270225 0.00286792 -0.00269262 0.999992 -0.226325 -0.143088 0.143111
FixedParameters: 0 0 0

#Transform 108
Transform: AffineTransform_float_3_3
Parameters: 0.99999 0.00341432 -0.00281792 -0.00340799 0.999991 0.00242984 0.00282628 -0.00242102 0.999993 -0.213659 -0.101278 0.16517
FixedParameters: 0 0 0

#Transform 109
Transform: AffineTransform_float_3_3
Parameters: 0.99999 0.00328478 -0.00273406 -0.00327577 0.99999 0.00326454 0.00274425 -0.0032558 0.999991 -0.212477 -0.132345 0.239057
FixedParameters: 0 0 0

#Transform 110
Transform: AffineTransform_float_3_3
Parameters: 0.999991 0.00351139 -0.00252278 -0.00350629 0.999991 0.00214536 0.00253109 -0.00213643 0.999994 -0.224219 -0.109067 0.189679
FixedParameters: 0 0 0

#Transform 111
Transform: AffineTransform_float_3_3
Parameters: 0.999991 0.00350528 -0.0025884 -0.00349839 0.99999 0.00258149 0.00259787 -0.00257301 0.999993 -0.207316 -0.0948343 0.1842
FixedParameters: 0 0 0

#Transform 112
Transform: AffineTransform_float_3_3
Parameters: 0.999992 0.00326591 -0.00239207 -0.00325921 0.999991 0.00280723 0.00240161 -0.00279912 0.999993 -0.212752 -0.11477 0.222444
FixedParameters: 0 0 0

#Transform 113
Transform: AffineTransform_float_3_3
Parameters: 0.99999 0.00344777 -0.00274844 -0.00344117 0.99999 0.0026181 0.00275721 -0.00260823 0.999993 -0.206787 -0.10982 0.14559
FixedParameters: 0 0 0

#Transform 114
Transform: AffineTransform_float_3_3
Parameters: 0.999992 0.00313921 -0.00268836 -0.00312885 0.999988 0.00363942 0.00269894 -0.00363117 0.99999 -0.168783 -0.169627 0.216542
FixedParameters: 0 0 0

#Transform 115
Transform: AffineTransform_float_3_3
Parameters: 0.999991 0.00341049 -0.00245753 -0.00340517 0.999992 0.00206389 0.00246443 -0.00205528 0.999995 -0.211476 -0.0733712 0.14932
FixedParameters: 0 0 0

#Transform 116
Transform: AffineTransform_float_3_3
Parameters: 0.999992 0.00305324 -0.00275076 -0.00304476 0.999991 0.00292147 0.00276015 -0.00291304 0.999992 -0.195427 -0.127322 0.20852
FixedParameters: 0 0 0

#Transform 117
Transform: AffineTransform_float_3_3
Parameters: 0.999992 0.00325122 -0.00246469 -0.00324416 0.999991 0.00278917 0.00247406 -0.00278141 0.999993 -0.228193 -0.0981682 0.146085
FixedParameters: 0 0 0

#Transform 118
Transform: AffineTransform_float_3_3
Parameters: 0.999994 0.00291559 -0.00235416 -0.00290797 0.999991 0.00304785 0.00236303 -0.00304109 0.999993 -0.189202 -0.1558 -0.0613915
FixedParameters: 0 0 0

#Transform 119
Transform: AffineTransform_float_3_3
Parameters: 0.999994 0.00271331 -0.00231511 -0.00270454 0.99999 0.00371435 0.00232564 -0.00370807 0.99999 -0.183353 -0.10891 0.154452
FixedParameters: 0 0 0

#Transform 120
Transform: AffineTransform_float_3_3
Parameters: 0.999993 0.00294188 -0.00234427 -0.00293379 0.999989 0.00359802 0.00235487 -0.00359056 0.999991 -0.196363 -0.101532 0.152543
FixedParameters: 0 0 0

#Transform 121
Transform: AffineTransform_float_3_3
Parameters: 0.999993 0.00309809 -0.00218375 -0.00309033 0.999989 0.00354988 0.0021949 -0.00354258 0.999991 -0.206792 -0.124922 0.0462969
FixedParameters: 0 0 0

#Transform 122
Transform: AffineTransform_float_3_3
Parameters: 0.999993 0.00293627 -0.00232644 -0.00292921 0.99999 0.00330359 0.00233625 -0.0032962 0.999992 -0.219241 -0.134563 0.170563
FixedParameters: 0 0 0

#Transform 123
Transform: AffineTransform_float_3_3
Parameters: 0.999993 0.00299944 -0.00210899 -0.00299412 0.999992 0.00289367 0.00211745 -0.00288788 0.999994 -0.230523 -0.0788992 0.109945
FixedParameters: 0 0 0

#Transform 124
Transform: AffineTransform_float_3_3
Parameters: 0.999993 0.00294524 -0.00226513 -0.00293865 0.999991 0.0029742 0.00227375 -0.00296772 0.999993 -0.207361 -0.105452 0.151291
FixedParameters: 0 0 0

#Transform 125
Transform: AffineTransform_float_3_3
Parameters: 0.999994 0.00312441 -0.00174705 -0.00311927 0.999991 0.00268813 0.00175612 -0.0026832 0.999995 -0.234177 -0.106598 0.0886963
FixedParameters: 0 0 0

#Transform 126
Transform: AffineTransform_float_3_3
Parameters: 0.999995 0.00273721 -0.00206102 -0.00273308 0.999994 0.00192219 0.00206697 -0.00191615 0.999996 -0.205775 -0.115847 0.0639911
FixedParameters: 0 0 0

#Transform 127
Transform: AffineTransform_float_3_3
Parameters: 0.999993 0.00299362 -0.00239547 -0.00298659 0.999992 0.00288044 0.00240385 -0.00287296 0.999993 -0.222609 -0.0955444 0.185439
FixedParameters: 0 0 0

#Transform 128
Transform: AffineTransform_float_3_3
Parameters: 0.999993 0.00296665 -0.00229222 -0.00296117 0.999993 0.0024943 0.00230006 -0.00248744 0.999994 -0.227531 -0.120302 0.0938324
FixedParameters: 0 0 0

#Transform 129
Transform: AffineTransform_float_3_3
Parameters: 0.999991 0.00327406 -0.00263971 -0.00326787 0.999992 0.00260707 0.0026484 -0.00259881 0.999994 -0.218198 -0.0865889 0.199207
FixedParameters: 0 0 0

#Transform 130
Transform: AffineTransform_float_3_3
Parameters: 0.999991 0.0031544 -0.00295701 -0.0031476 0.999991 0.00254098 0.00296504 -0.00253144 0.999992 -0.207818 -0.0995566 0.165187
FixedParameters: 0 0 0

#Transform 131
Transform: AffineTransform_float_3_3
Parameters: 0.999991 0.00314813 -0.00298786 -0.00314088 0.999992 0.00266312 0.00299574 -0.00265414 0.999992 -0.189172 -0.0791181 0.210352
FixedParameters: 0 0 0

#Transform 132
Transform: AffineTransform_float_3_3
Parameters: 0.999991 0.00324903 -0.00269286 -0.0032428 0.999991 0.00247597 0.00270154 -0.00246743 0.999993 -0.217127 -0.110207 0.192229
FixedParameters: 0 0 0

#Transform 133
Transform: AffineTransform_float_3_3
Parameters: 0.99999 0.00308243 -0.00314074 -0.00307492 0.999992 0.00244083 0.00314876 -0.00243128 0.999992 -0.201375 -0.0987552 0.185281
FixedParameters: 0 0 0

#Transform 134
Transform: AffineTransform_float_3_3
Parameters: 0.999991 0.00322112 -0.00276534 -0.00321498 0.999991 0.00244707 0.0027728 -0.00243903 0.999993 -0.212902 -0.124012 0.152488
FixedParameters: 0 0 0

#Transform 135
Transform: AffineTransform_float_3_3
Parameters: 0.999991 0.00325355 -0.00270694 -0.00324644 0.999991 0.00270952 0.00271619 -0.00270093 0.999993 -0.20874 -0.127784 0.166888
FixedParameters: 0 0 0

#Transform 136
Transform: AffineTransform_float_3_3
Parameters: 0.999991 0.00330542 -0.0026041 -0.00329758 0.99999 0.00304563 0.00261488 -0.00303749 0.999992 -0.227691 -0.128555 0.199134
FixedParameters: 0 0 0

#Transform 137
Transform: AffineTransform_float_3_3
Parameters: 0.999991 0.00318461 -0.0029457 -0.00317553 0.99999 0.00316334 0.00295492 -0.00315314 0.999991 -0.269298 -0.137115 0.0980225
FixedParameters: 0 0 0

#Transform 138
Transform: AffineTransform_float_3_3
Parameters: 0.999991 0.00336953 -0.00240626 -0.00336292 0.99999 0.00283405 0.00241566 -0.00282617 0.999993 -0.282673 -0.123476 0.0934651
FixedParameters: 0 0 0

#Transform 139
Transform: AffineTransform_float_3_3
Parameters: 0.99999 0.00373505 -0.00254301 -0.00372783 0.999989 0.00286 0.00255388 -0.0028507 0.999993 -0.294101 -0.123377 0.1566
FixedParameters: 0 0 0

#Transform 140
Transform: AffineTransform_float_3_3
Parameters: 0.999992 0.00335382 -0.00235686 -0.00334881 0.999992 0.00201265 0.00236413 -0.00200492 0.999995 -0.298144 -0.103412 0.125585
FixedParameters: 0 0 0

#Transform 141
Transform: AffineTransform_float_3_3
Parameters: 0.999992 0.00345902 -0.00214813 -0.0034532 0.99999 0.00269751 0.00215771 -0.00269082 0.999994 -0.30721 -0.105947 0.137229
FixedParameters: 0 0 0

#Transform 142
Transform: AffineTransform_float_3_3
Parameters: 0.999992 0.00356964 -0.00182229 -0.00356517 0.999991 0.00246501 0.00183129 -0.00245795 0.999996 -0.326207 -0.123195 0.164184
FixedParameters: 0 0 0

#Transform 143
Transform: AffineTransform_float_3_3
Parameters: 0.999991 0.00366325 -0.00181421 -0.00366133 0.999993 0.000969886 0.00181718 -0.000962885 0.999998 -0.31068 -0.122719 -0.104677
FixedParameters: 0 0 0

#Transform 144
Transform: AffineTransform_float_3_3
Parameters: 0.99999 0.00374919 -0.00225957 -0.00374231 0.999989 0.00297381 0.00227095 -0.00296581 0.999993 -0.331835 -0.125167 0.146924
FixedParameters: 0 0 0

#Transform 145
Transform: AffineTransform_float_3_3
Parameters: 0.999991 0.00366629 -0.0022117 -0.00366273 0.999992 0.00190013 0.00221849 -0.00189195 0.999996 -0.343013 -0.0903655 0.0739723
FixedParameters: 0 0 0

#Transform 146
Transform: AffineTransform_float_3_3
Parameters: 0.999989 0.00402057 -0.00239521 -0.00401535 0.999989 0.00217706 0.00240477 -0.00216796 0.999995 -0.370278 -0.117337 0.10844
FixedParameters: 0 0 0

#Transform 147
Transform: AffineTransform_float_3_3
Parameters: 0.999989 0.00432625 -0.00183983 -0.00432282 0.999988 0.00221302 0.00184964 -0.0022043 0.999996 -0.394924 -0.107819 0.0798761
FixedParameters: 0 0 0

#Transform 148
Transform: AffineTransform_float_3_3
Parameters: 0.99999 0.00347509 -0.00264762 -0.00347104 0.999993 0.00150829 0.00265294 -0.00149932 0.999995 -0.342163 -0.0493169 0.0601239
FixedParameters: 0 0 0

#Transform 149
Transform: AffineTransform_float_3_3
Parameters: 0.999989 0.00395786 -0.0023835 -0.00395364 0.99999 0.00205142 0.00239087 -0.00204277 0.999995 -0.352496 -0.0988154 0.11728
FixedParameters: 0 0 0

#Transform 150
Transform: AffineTransform_float_3_3
Parameters: 0.99999 0.00388175 -0.0022876 -0.00388053 0.999992 0.000763965 0.00228991 -0.000754651 0.999997 -0.349957 -0.0862389 0.0899016
FixedParameters: 0 0 0

#Transform 151
Transform: AffineTransform_float_3_3
Parameters: 0.999991 0.00381253 -0.00228292 -0.00380983 0.999992 0.00116602 0.00228726 -0.00115712 0.999996 -0.3588 -0.0886336 0.0484102
FixedParameters: 0 0 0

#Transform 152
Transform: AffineTransform_float_3_3
Parameters: 0.99999 0.00380269 -0.00232752 -0.00379829 0.999991 0.00208226 0.00233531 -0.00207331 0.999995 -0.339699 -0.127636 0.0977842
FixedParameters: 0 0 0

#Transform 153
Transform: AffineTransform_float_3_3
Parameters: 0.99999 0.00426336 -0.0017742 -0.00426317 0.999991 5.75793e-05 0.00177453 -5.04446e-05 0.999999 -0.398563 -0.108441 -0.0273123
FixedParameters: 0 0 0

#Transform 154
Transform: AffineTransform_float_3_3
Parameters: 0.99999 0.00378732 -0.0025179 -0.00378524 0.999992 0.000854907 0.0025208 -0.000845034 0.999996 -0.369944 -0.0780071 0.0316437
FixedParameters: 0 0 0

#Transform 155
Transform: AffineTransform_float_3_3
Parameters: 0.99999 0.00369386 -0.0022394 -0.00369238 0.999993 0.000691753 0.0022427 -0.000682869 0.999997 -0.359923 -0.0750599 0.0992584
FixedParameters: 0 0 0

#Transform 156
Transform: AffineTransform_float_3_3
Parameters: 0.999993 0.00361037 -0.00106168 -0.00360723 0.999988 0.00345941 0.00107436 -0.00345562 0.999993 -0.349086 -0.14808 0.205839
FixedParameters: 0 0 0

#Transform 157
Transform: AffineTransform_float_3_3
Parameters: 0.999997 0.00235123 0.000498793 -0.00235427 0.999983 0.00532819 -0.000486331 -0.00532962 0.999985 -0.243515 -0.156879 0.318692
FixedParameters: 0 0 0

#Transform 158
Transform: AffineTransform_float_3_3
Parameters: 0.999997 0.00205825 -0.000935527 -0.00205496 0.999991 0.00366404 0.000943027 -0.00366201 0.999993 -0.211607 -0.226297 0.237602
FixedParameters: 0 0 0

#Transform 159
Transform: AffineTransform_float_3_3
Parameters: 0.999996 0.00261462 -0.000517105 -0.00261204 0.999988 0.00422012 0.000528604 -0.00421851 0.99999 -0.213511 -0.1677 0.251023
FixedParameters: 0 0 0

#Transform 160
Transform: AffineTransform_float_3_3
Parameters: 0.999996 0.00258065 -0.00102919 -0.00257757 0.999991 0.00332699 0.00103795 -0.00332421 0.999994 -0.255072 -0.174598 0.161678
FixedParameters: 0 0 0

#Transform 161
Transform: AffineTransform_float_3_3
Parameters: 0.999994 0.00314399 -0.001135 -0.0031397 0.999988 0.00364253 0.00114639 -0.00363866 0.999993 -0.247266 -0.184416 0.24601
FixedParameters: 0 0 0

#Transform 162
Transform: AffineTransform_float_3_3
Parameters: 0.999993 0.00332249 -0.00143091 -0.00331888 0.99999 0.00307161 0.00144163 -0.0030667 0.999994 -0.273464 -0.151416 0.165452
FixedParameters: 0 0 0

#Transform 163
Transform: AffineTransform_float_3_3
Parameters: 0.999993 0.00334611 -0.00145496 -0.00334047 0.999987 0.00387738 0.00146795 -0.00387244 0.999991 -0.273982 -0.181433 0.238873
FixedParameters: 0 0 0

#Transform 164
Transform: AffineTransform_float_3_3
Parameters: 0.999993 0.00337952 -0.00145396 -0.0033745 0.999988 0.0035072 0.00146567 -0.00350211 0.999993 -0.325709 -0.19108 0.169977
FixedParameters: 0 0 0

#Transform 165
Transform: AffineTransform_float_3_3
Parameters: 0.999993 0.00338497 -0.00137296 -0.00337958 0.999988 0.003512 0.0013844 -0.00350745 0.999993 -0.318653 -0.157552 0.157537
FixedParameters: 0 0 0

#Transform 166
Transform: AffineTransform_float_3_3
Parameters: 0.999993 0.00346337 -0.00157061 -0.00345807 0.999987 0.0037131 0.00158386 -0.00370842 0.999992 -0.355011 -0.215708 0.122056
FixedParameters: 0 0 0

#Transform 167
Transform: AffineTransform_float_3_3
Parameters: 0.999993 0.00327426 -0.00168619 -0.00326897 0.999989 0.00322744 0.00169669 -0.00322183 0.999994 -0.351206 -0.201203 -0.0189085
FixedParameters: 0 0 0

#Transform 168
Transform: AffineTransform_float_3_3
Parameters: 0.999991 0.00356919 -0.00221651 -0.00355868 0.999984 0.00438741 0.00223191 -0.00437955 0.999988 -0.370052 -0.14324 0.142437
FixedParameters: 0 0 0

#Transform 169
Transform: AffineTransform_float_3_3
Parameters: 0.999992 0.00373487 -0.00177014 -0.00372634 0.999983 0.00443745 0.00178661 -0.00443068 0.999989 -0.371172 -0.207077 0.143337
FixedParameters: 0 0 0

#Transform 170
Transform: AffineTransform_float_3_3
Parameters: 0.999992 0.00362994 -0.00203092 -0.00362172 0.999984 0.00420812 0.00204556 -0.00420058 0.999989 -0.362807 -0.18031 0.135993
FixedParameters: 0 0 0

#Transform 171
Transform: AffineTransform_float_3_3
Parameters: 0.999992 0.00371614 -0.00170944 -0.00370973 0.999987 0.00342207 0.00172215 -0.00341621 0.999992 -0.374878 -0.152326 0.16638
FixedParameters: 0 0 0

#Transform 172
Transform: AffineTransform_float_3_3
Parameters: 0.99999 0.00379834 -0.00251766 -0.0037903 0.999987 0.00321128 0.00252964 -0.00320198 0.999992 -0.336513 -0.149761 0.13301
FixedParameters: 0 0 0

#Transform 173
Transform: AffineTransform_float_3_3
Parameters: 0.999991 0.00381525 -0.00161862 -0.00381323 0.999992 0.00100935 0.00162312 -0.00100321 0.999999 -0.388978 -0.0534213 0.130264
FixedParameters: 0 0 0

#Transform 174
Transform: AffineTransform_float_3_3
Parameters: 0.999991 0.00389381 -0.00166865 -0.00389103 0.999991 0.00140361 0.00167459 -0.00139761 0.999998 -0.402845 -0.10892 0.127157
FixedParameters: 0 0 0

#Transform 175
Transform: AffineTransform_float_3_3
Parameters: 0.999991 0.00396365 -0.00155228 -0.00396126 0.999991 0.0015398 0.00155841 -0.0015324 0.999998 -0.403974 -0.157352 0.058835
FixedParameters: 0 0 0

#Transform 176
Transform: AffineTransform_float_3_3
Parameters: 0.999989 0.00417364 -0.00199148 -0.00416978 0.999989 0.00217238 0.00200028 -0.00216372 0.999996 -0.40886 -0.131178 0.157994
FixedParameters: 0 0 0

#Transform 177
Transform: AffineTransform_float_3_3
Parameters: 0.99999 0.00424739 -0.00131853 -0.00424645 0.99999 0.000815605 0.00132229 -0.000809765 0.999999 -0.424137 -0.107316 0.0619726
FixedParameters: 0 0 0

#Transform 178
Transform: AffineTransform_float_3_3
Parameters: 0.99999 0.00415924 -0.00175764 -0.00415459 0.999988 0.00266226 0.00176817 -0.00265497 0.999995 -0.40087 -0.187665 0.121218
FixedParameters: 0 0 0

#Transform 179
Transform: AffineTransform_float_3_3
Parameters: 0.99999 0.00428604 -0.00120602 -0.00428549 0.99999 0.00073906 0.00120922 -0.000733982 0.999999 -0.429212 -0.104805 0.0612336
FixedParameters: 0 0 0

#Transform 180
Transform: AffineTransform_float_3_3
Parameters: 0.99999 0.00414011 -0.0014156 -0.00413949 0.999992 0.00055669 0.00141802 -0.000550924 0.999999 -0.399672 -0.117443 -0.144939
FixedParameters: 0 0 0

#Transform 181
Transform: AffineTransform_float_3_3
Parameters: 0.999991 0.00399714 -0.000875901 -0.00399564 0.999991 0.00156359 0.000882772 -0.00155926 0.999999 -0.42716 -0.133163 0.0390092
FixedParameters: 0 0 0

#Transform 182
Transform: AffineTransform_float_3_3
Parameters: 0.999992 0.0038265 -0.00136588 -0.00382343 0.999991 0.00182755 0.00137247 -0.00182207 0.999997 -0.422539 -0.132303 0.0483545
FixedParameters: 0 0 0

#Transform 183
Transform: AffineTransform_float_3_3
Parameters: 0.999991 0.00409333 -0.00100237 -0.00409161 0.99999 0.00180469 0.00100971 -0.00179994 0.999998 -0.437783 -0.102917 0.0526701
FixedParameters: 0 0 0

#Transform 184
Transform: AffineTransform_float_3_3
Parameters: 0.99999 0.00429108 -0.0012075 -0.00428858 0.999989 0.00178922 0.00121553 -0.00178371 0.999998 -0.448997 -0.136922 0.0374995
FixedParameters: 0 0 0

#Transform 185
Transform: AffineTransform_float_3_3
Parameters: 0.999991 0.00438055 -0.000535124 -0.00438011 0.99999 0.000722564 0.000537804 -0.000720329 1 -0.442406 -0.200309 -0.210556
FixedParameters: 0 0 0

#Transform 186
Transform: AffineTransform_float_3_3
Parameters: 0.999992 0.00395675 -0.000689627 -0.00395592 0.999991 0.00149717 0.000695854 -0.00149439 0.999999 -0.432789 -0.124111 -0.0524248
FixedParameters: 0 0 0

#Transform 187
Transform: AffineTransform_float_3_3
Parameters: 0.999991 0.00401535 -0.000744833 -0.00401459 0.999991 0.000796623 0.000747509 -0.0007932 1 -0.430489 -0.065659 0.0543601
FixedParameters: 0 0 0

#Transform 188
Transform: AffineTransform_float_3_3
Parameters: 0.999991 0.00425741 -7.5443e-05 -0.00425744 0.999991 0.000637659 7.80201e-05 -0.000637245 0.999999 -0.381396 -0.0452931 0.166339
FixedParameters: 0 0 0

#Transform 189
Transform: AffineTransform_float_3_3
Parameters: 0.999997 0.00229464 -0.000560816 -0.00229492 0.999997 -0.00062379 0.000559094 0.000624466 1 -0.279445 -0.0318885 0.0495566
FixedParameters: 0 0 0

#Transform 190
