# transform file /out/sourcedata/freesurfer/sub-v1s4x0050711_ses-1/mri/transforms/cc_up.lta
# created by oesteban on Tue Mar 10 05:02:29 2026

type      = 0 # LINEAR_VOX_TO_VOX
nxforms   = 1
mean      = 129.0000 107.0000 120.0000
sigma     = 10000.0000
1 4 4
9.953124523162842e-01 -2.636625804007053e-02 9.304860234260559e-02 -7.720949649810791e+00 
2.625179104506969e-02 9.996523261070251e-01 2.454196568578482e-03 3.538935470581055e+01 
-9.308096021413803e-02 0.000000000000000e+00 9.956585764884949e-01 2.239746284484863e+01 
0.000000000000000e+00 0.000000000000000e+00 0.000000000000000e+00 1.000000000000000e+00 
src volume info
valid = 1  # volume info valid
filename = /out/sourcedata/freesurfer/sub-v1s4x0050711_ses-1/mri/norm.mgz
volume = 256 256 256
voxelsize = 1.000000000000000e+00 1.000000000000000e+00 1.000000000000000e+00
xras   = -9.999999403953552e-01 -1.437729224562645e-08 0.000000000000000e+00
yras   = 1.862645149230957e-09 3.725290298461914e-09 -1.000000000000000e+00
zras   = -8.090864866971970e-09 9.999999403953552e-01 7.450580596923828e-09
cras   = -9.602813720703125e-01 8.430679321289062e+00 1.084342193603516e+01
dst volume info
valid = 1  # volume info valid
filename = /out/sourcedata/freesurfer/sub-v1s4x0050711_ses-1/mri/norm.mgz
volume = 256 256 256
voxelsize = 1.000000000000000e+00 1.000000000000000e+00 1.000000000000000e+00
xras   = -9.999999403953552e-01 -1.437729224562645e-08 0.000000000000000e+00
yras   = 1.862645149230957e-09 3.725290298461914e-09 -1.000000000000000e+00
zras   = -8.090864866971970e-09 9.999999403953552e-01 7.450580596923828e-09
cras   = -9.602813720703125e-01 8.430679321289062e+00 1.084342193603516e+01
