# transform file transforms/talairach.lta
# created by oesteban on Tue Mar 10 03:35:21 2026

type      = 0 # LINEAR_VOX_TO_VOX
nxforms   = 1
mean      = 128.0000 107.0000 120.0000
sigma     = 10000.0000
1 4 4
1.121887564659119e+00 -2.662465721368790e-02 9.175406396389008e-02 -2.433142089843750e+01 
2.559861913323402e-02 1.105634689331055e+00 1.671590842306614e-02 6.287193298339844e-01 
-1.109809502959251e-01 -2.145118825137615e-02 9.934949278831482e-01 8.438292503356934e+00 
0.000000000000000e+00 0.000000000000000e+00 0.000000000000000e+00 1.000000000000000e+00 
src volume info
valid = 1  # volume info valid
filename = nu.mgz
volume = 256 256 256
voxelsize = 1.000000000000000e+00 1.000000000000000e+00 1.000000000000000e+00
xras   = -9.999999403953552e-01 -1.437729224562645e-08 0.000000000000000e+00
yras   = 1.862645149230957e-09 3.725290298461914e-09 -1.000000000000000e+00
zras   = -8.090864866971970e-09 9.999999403953552e-01 7.450580596923828e-09
cras   = -9.602813720703125e-01 8.430679321289062e+00 1.084342193603516e+01
dst volume info
valid = 1  # volume info valid
filename = /opt/freesurfer/average/RB_all_2020-01-02.gca
volume = 256 256 256
voxelsize = 1.000000000000000e+00 1.000000000000000e+00 1.000000000000000e+00
xras   = -1.000000000000000e+00 0.000000000000000e+00 0.000000000000000e+00
yras   = 0.000000000000000e+00 0.000000000000000e+00 -1.000000000000000e+00
zras   = 0.000000000000000e+00 1.000000000000000e+00 0.000000000000000e+00
cras   = 0.000000000000000e+00 0.000000000000000e+00 0.000000000000000e+00
