# transform file /out/sourcedata/freesurfer/sub-v1s4x0050710_ses-1/mri/transforms/cc_up.lta
# created by oesteban on Tue Mar 10 04:55:32 2026

type      = 0 # LINEAR_VOX_TO_VOX
nxforms   = 1
mean      = 129.0000 115.0000 116.0000
sigma     = 10000.0000
1 4 4
9.992265701293945e-01 -1.154881319962442e-03 3.930565342307091e-02 -3.835155487060547e+00 
1.153988880105317e-03 9.999993443489075e-01 4.539339352049865e-05 2.884767913818359e+01 
-3.930567950010300e-02 3.637978807091713e-12 9.992272257804871e-01 3.011072158813477e+01 
0.000000000000000e+00 0.000000000000000e+00 0.000000000000000e+00 1.000000000000000e+00 
src volume info
valid = 1  # volume info valid
filename = /out/sourcedata/freesurfer/sub-v1s4x0050710_ses-1/mri/norm.mgz
volume = 256 256 256
voxelsize = 1.000000000000000e+00 1.000000000000000e+00 1.000000000000000e+00
xras   = -1.000000000000000e+00 8.149072527885437e-10 1.862645149230957e-09
yras   = 0.000000000000000e+00 0.000000000000000e+00 -9.999998807907104e-01
zras   = -2.677552402019501e-09 9.999998807907104e-01 0.000000000000000e+00
cras   = 2.155380249023438e+00 3.578834533691406e+00 1.219815063476562e+01
dst volume info
valid = 1  # volume info valid
filename = /out/sourcedata/freesurfer/sub-v1s4x0050710_ses-1/mri/norm.mgz
volume = 256 256 256
voxelsize = 1.000000000000000e+00 1.000000000000000e+00 1.000000000000000e+00
xras   = -1.000000000000000e+00 8.149072527885437e-10 1.862645149230957e-09
yras   = 0.000000000000000e+00 0.000000000000000e+00 -9.999998807907104e-01
zras   = -2.677552402019501e-09 9.999998807907104e-01 0.000000000000000e+00
cras   = 2.155380249023438e+00 3.578834533691406e+00 1.219815063476562e+01
