# transform file transforms/talairach.lta
# created by oesteban on Tue Mar 10 03:34:45 2026

type      = 0 # LINEAR_VOX_TO_VOX
nxforms   = 1
mean      = 129.0000 115.0000 116.0000
sigma     = 10000.0000
1 4 4
1.102038741111755e+00 3.587888553738594e-02 8.210001885890961e-02 -2.790625381469727e+01 
-4.223469272255898e-02 1.154338598251343e+00 2.243785411119461e-01 -2.585778617858887e+01 
-6.889829784631729e-02 -1.713209301233292e-01 1.040868520736694e+00 1.929121589660645e+01 
0.000000000000000e+00 0.000000000000000e+00 0.000000000000000e+00 1.000000000000000e+00 
src volume info
valid = 1  # volume info valid
filename = nu.mgz
volume = 256 256 256
voxelsize = 1.000000000000000e+00 1.000000000000000e+00 1.000000000000000e+00
xras   = -1.000000000000000e+00 8.149072527885437e-10 1.862645149230957e-09
yras   = 0.000000000000000e+00 0.000000000000000e+00 -9.999998807907104e-01
zras   = -2.677552402019501e-09 9.999998807907104e-01 0.000000000000000e+00
cras   = 2.155380249023438e+00 3.578834533691406e+00 1.219815063476562e+01
dst volume info
valid = 1  # volume info valid
filename = /opt/freesurfer/average/RB_all_2020-01-02.gca
volume = 256 256 256
voxelsize = 1.000000000000000e+00 1.000000000000000e+00 1.000000000000000e+00
xras   = -1.000000000000000e+00 0.000000000000000e+00 0.000000000000000e+00
yras   = 0.000000000000000e+00 0.000000000000000e+00 -1.000000000000000e+00
zras   = 0.000000000000000e+00 1.000000000000000e+00 0.000000000000000e+00
cras   = 0.000000000000000e+00 0.000000000000000e+00 0.000000000000000e+00
