type      = 1 # LINEAR_RAS_TO_RAS
nxforms   = 1
mean      = 0.0000 0.0000 0.0000
sigma     = 1.0000
1 4 4
1.120579004287720e+00 -4.825000092387199e-02 -2.214599959552288e-02 -2.396087884902954e+00 
3.236500173807144e-02 1.025058031082153e+00 2.594999969005585e-01 -1.564782714843750e+01 
-1.645899936556816e-02 -1.949319988489151e-01 1.100031971931458e+00 -2.805297851562500e+01 
0.000000000000000e+00 0.000000000000000e+00 0.000000000000000e+00 1.000000000000000e+00 
src volume info
valid = 1  # volume info valid
filename = /out/sourcedata/freesurfer/sub-v1s4x0050710_ses-1/mri/orig_nu.mgz
volume = 256 256 256
voxelsize = 1.000000000000000e+00 1.000000000000000e+00 1.000000000000000e+00
xras   = -1.000000000000000e+00 8.149072527885437e-10 1.862645149230957e-09
yras   = 0.000000000000000e+00 0.000000000000000e+00 -9.999998807907104e-01
zras   = -2.677552402019501e-09 9.999998807907104e-01 0.000000000000000e+00
cras   = 2.155380249023438e+00 3.578834533691406e+00 1.219815063476562e+01
dst volume info
valid = 1  # volume info valid
filename = /opt/freesurfer/average/mni305.cor.mgz
volume = 256 256 256
voxelsize = 1.000000000000000e+00 1.000000000000000e+00 1.000000000000000e+00
xras   = -1.000000000000000e+00 0.000000000000000e+00 0.000000000000000e+00
yras   = 0.000000000000000e+00 0.000000000000000e+00 -1.000000000000000e+00
zras   = 0.000000000000000e+00 1.000000000000000e+00 0.000000000000000e+00
cras   = 0.000000000000000e+00 0.000000000000000e+00 0.000000000000000e+00
subject fsaverage
fscale 0.100000
