#Insight Transform File V1.0
#Transform 0
Transform: AffineTransform_float_3_3
Parameters: 1 -7.19658e-05 -0.000361454 7.21835e-05 1 0.000300903 0.00036141 -0.000300955 1 0.0214674 0.00962616 -0.0421428
FixedParameters: 0 0 0

#Transform 1
Transform: AffineTransform_float_3_3
Parameters: 1 -8.12463e-05 -0.000396393 8.12601e-05 1 1.71811e-05 0.000396391 -1.72455e-05 1 0.0157815 0.0340218 -0.0606331
FixedParameters: 0 0 0

#Transform 2
Transform: AffineTransform_float_3_3
Parameters: 1 9.64422e-07 2.53557e-06 -9.64743e-07 1 6.29416e-05 -2.53546e-06 -6.29416e-05 1 0.000914417 0.00398752 -0.0491864
FixedParameters: 0 0 0

#Transform 3
Transform: AffineTransform_float_3_3
Parameters: 1 8.78984e-06 -0.000398528 -8.92616e-06 1 -0.000171252 0.000398525 0.000171259 1 0.0149094 0.0335242 -0.0446961
FixedParameters: 0 0 0

#Transform 4
Transform: AffineTransform_float_3_3
Parameters: 1 -4.21294e-05 -0.000205537 4.21332e-05 1 8.91678e-06 0.000205536 -8.93407e-06 1 0.00718062 -0.00139596 -0.0150584
FixedParameters: 0 0 0

#Transform 5
Transform: AffineTransform_float_3_3
Parameters: 1 6.46414e-05 -0.000227455 -6.46376e-05 1 8.18684e-06 0.000227456 -8.15741e-06 1 0.00923238 0.0375609 -0.0312185
FixedParameters: 0 0 0

#Transform 6
Transform: AffineTransform_float_3_3
Parameters: 1 -3.98495e-05 -0.000199627 3.99118e-05 1 0.000155781 0.000199614 -0.000155797 1 0.00713718 -0.00944774 -0.0331236
FixedParameters: 0 0 0

#Transform 7
Transform: AffineTransform_float_3_3
Parameters: 1 -3.10671e-05 -0.00014889 3.10465e-05 1 -6.96013e-05 0.000148894 6.95921e-05 1 0.00118911 0.00648048 -0.0509662
FixedParameters: 0 0 0

#Transform 8
Transform: AffineTransform_float_3_3
Parameters: 1 -4.21294e-05 -0.000205537 4.21332e-05 1 8.91678e-06 0.000205536 -8.93407e-06 1 0.00651996 -0.0251641 -0.034104
FixedParameters: 0 0 0

#Transform 9
Transform: AffineTransform_float_3_3
Parameters: 1 -4.21294e-05 -0.000205537 4.21332e-05 1 8.91678e-06 0.000205536 -8.93407e-06 1 0.00764851 -0.00787418 -0.0619699
FixedParameters: 0 0 0

#Transform 10
Transform: AffineTransform_float_3_3
Parameters: 1 -3.53722e-05 -0.000188005 3.55394e-05 1 0.000444514 0.000187973 -0.000444527 1 0.00678016 -0.0149028 -0.02427
FixedParameters: 0 0 0

#Transform 11
Transform: AffineTransform_float_3_3
Parameters: 1 2.74185e-05 -0.000219814 -2.74147e-05 1 8.44078e-06 0.000219814 -8.4287e-06 1 0.00603818 0.0365778 -0.046785
FixedParameters: 0 0 0

#Transform 12
Transform: AffineTransform_float_3_3
Parameters: 1 -3.96014e-05 -0.000198983 3.96699e-05 1 0.000171766 0.00019897 -0.000171782 1 0.00782526 0.00805715 -0.0320717
FixedParameters: 0 0 0

#Transform 13
Transform: AffineTransform_float_3_3
Parameters: 1 -2.14664e-05 -0.000104726 2.14674e-05 1 4.54547e-06 0.000104726 -4.54996e-06 1 -0.00141995 0.0088857 -0.0570342
FixedParameters: 0 0 0

#Transform 14
Transform: AffineTransform_float_3_3
Parameters: 1 -4.21294e-05 -0.000205537 4.21332e-05 1 8.91678e-06 0.000205536 -8.93407e-06 1 0.00142023 -0.00494278 -0.064525
FixedParameters: 0 0 0

#Transform 15
Transform: AffineTransform_float_3_3
Parameters: 1 -0.00010684 -0.000181467 0.000106934 1 0.000258159 0.000181411 -0.000258198 1 -0.000181265 -0.0177035 -0.0544436
FixedParameters: 0 0 0

#Transform 16
Transform: AffineTransform_float_3_3
Parameters: 1 -0.000137699 -0.000179252 0.000137758 1 0.000163449 0.000179207 -0.000163498 1 -0.00032516 -0.00301076 -0.0563927
FixedParameters: 0 0 0

#Transform 17
Transform: AffineTransform_float_3_3
Parameters: 1 -3.56199e-05 -0.000188648 3.57816e-05 1 0.000428529 0.000188618 -0.000428542 1 0.00632946 -0.0140123 0.00705629
FixedParameters: 0 0 0

#Transform 18
Transform: AffineTransform_float_3_3
Parameters: 1 4.39275e-07 -1.99465e-07 -4.39247e-07 1 6.80644e-05 1.99517e-07 -6.80644e-05 1 -0.00422176 0.0651937 -0.0413102
FixedParameters: 0 0 0

#Transform 19
Transform: AffineTransform_float_3_3
Parameters: 1 -4.18036e-05 -0.000204693 4.18159e-05 1 2.98974e-05 0.00020469 -2.99145e-05 1 0.00290669 -0.0270906 0.018128
FixedParameters: 0 0 0

#Transform 20
Transform: AffineTransform_float_3_3
Parameters: 1 -4.04697e-05 -0.000201235 4.05164e-05 1 0.000115818 0.000201226 -0.000115834 1 0.00677173 -0.0072881 -0.00399785
FixedParameters: 0 0 0

#Transform 21
Transform: AffineTransform_float_3_3
Parameters: 1 -0.000150148 0.000114242 0.000150149 1 -7.28851e-06 -0.00011424 7.3228e-06 1 -0.000958955 0.0444796 -0.0248165
FixedParameters: 0 0 0

#Transform 22
Transform: AffineTransform_float_3_3
Parameters: 1 6.56881e-05 0.000280482 -6.62768e-05 1 0.00119279 -0.000280356 -0.00119283 0.999999 -0.00988476 -0.0406941 0.0280177
FixedParameters: 0 0 0

#Transform 23
Transform: AffineTransform_float_3_3
Parameters: 1 -4.39298e-05 -0.0002102 4.38849e-05 1 -0.000106976 0.00021021 0.000106958 1 0.00818199 0.0380591 0.0226955
FixedParameters: 0 0 0

#Transform 24
Transform: AffineTransform_float_3_3
Parameters: 1 -4.38522e-05 -0.000209999 4.38094e-05 1 -0.000101981 0.000210008 0.000101962 1 0.00619809 -0.00474938 0.0390647
FixedParameters: 0 0 0

#Transform 25
Transform: AffineTransform_float_3_3
Parameters: 1 -0.000136853 -0.000201678 0.000136712 1 -0.000350139 0.000201774 0.000350084 1 0.00698294 0.0254536 0.0526716
FixedParameters: 0 0 0

#Transform 26
Transform: AffineTransform_float_3_3
Parameters: 1 -2.37902e-05 -0.000103506 2.37168e-05 1 -0.000354802 0.000103523 0.000354797 1 0.00321384 0.0260173 0.0570356
FixedParameters: 0 0 0

#Transform 27
Transform: AffineTransform_float_3_3
Parameters: 1 -0.00012466 2.93219e-05 0.000124677 1 -0.000290536 -2.92493e-05 0.000290543 1 -0.000506653 0.018237 0.0261711
FixedParameters: 0 0 0

#Transform 28
Transform: AffineTransform_float_3_3
Parameters: 1 -0.000243053 3.93821e-05 0.000243075 1 -0.000289119 -3.92414e-05 0.000289138 1 -0.0134556 0.000776678 0.0215409
FixedParameters: 0 0 0

#Transform 29
Transform: AffineTransform_float_3_3
Parameters: 1 -0.000199704 4.16901e-05 0.000199728 1 -0.000289878 -4.15742e-05 0.000289895 1 -0.0126235 0.0299432 0.0553893
FixedParameters: 0 0 0

#Transform 30
Transform: AffineTransform_float_3_3
Parameters: 1 6.79624e-06 3.77111e-05 -6.7861e-06 1 -0.000134747 -3.7713e-05 0.000134746 1 -0.0147058 0.0241876 0.0437152
FixedParameters: 0 0 0

#Transform 31
Transform: AffineTransform_float_3_3
Parameters: 1 -4.76293e-05 0.000339884 4.68598e-05 1 -0.000304229 -0.000339655 0.000304238 1 -0.0317747 0.0488494 0.0577223
FixedParameters: 0 0 0

#Transform 32
Transform: AffineTransform_float_3_3
Parameters: 1 5.30263e-05 0.000271337 -5.2812e-05 1 -0.000395112 -0.000271379 0.000395083 1 -0.0200304 0.0760377 0.060943
FixedParameters: 0 0 0

#Transform 33
Transform: AffineTransform_float_3_3
Parameters: 1 -0.000294062 0.00023347 0.0002942 1 -0.000296095 -0.000233296 0.000296233 1 -0.0229018 0.0348477 0.075749
FixedParameters: 0 0 0

#Transform 34
Transform: AffineTransform_float_3_3
Parameters: 1 -0.000410169 7.06791e-05 0.000410009 1 -0.000287801 -7.14213e-05 0.000287895 1 -0.0130775 0.050194 0.0516858
FixedParameters: 0 0 0

#Transform 35
Transform: AffineTransform_float_3_3
Parameters: 1 -0.000447385 -0.000121574 0.000447392 1 2.97155e-05 0.000121548 -2.98242e-05 1 -0.00924982 0.039052 0.0370984
FixedParameters: 0 0 0

#Transform 36
Transform: AffineTransform_float_3_3
Parameters: 1 -0.000456008 -0.000143778 0.000455856 1 -0.000527778 0.000144259 0.000527647 1 -0.00875393 0.0651841 0.0723847
FixedParameters: 0 0 0

#Transform 37
Transform: AffineTransform_float_3_3
Parameters: 1 -0.000178012 -5.65843e-05 0.000177963 1 -0.000427401 5.67365e-05 0.000427381 1 -0.0113272 0.0843126 0.0359113
FixedParameters: 0 0 0

#Transform 38
Transform: AffineTransform_float_3_3
Parameters: 1 -0.000326031 0.000474477 0.000326144 1 -0.000119058 -0.000474399 0.000119367 1 -0.0312617 0.00407244 0.0487961
FixedParameters: 0 0 0

#Transform 39
Transform: AffineTransform_float_3_3
Parameters: 1 -0.000131243 0.00038055 0.0001316 1 -0.000469687 -0.000380427 0.000469786 1 -0.0279872 0.0465712 0.0609273
FixedParameters: 0 0 0

#Transform 40
Transform: AffineTransform_float_3_3
Parameters: 1 -0.000183909 0.000243482 0.000184134 1 -0.000463363 -0.000243311 0.000463453 1 -0.0164752 -0.0146629 0.0790548
FixedParameters: 0 0 0

#Transform 41
Transform: AffineTransform_float_3_3
Parameters: 1 -0.000179799 0.000121294 0.000179053 0.999999 -0.000953998 -0.000120752 0.000954018 0.999999 -0.0188749 0.0709424 0.0631482
FixedParameters: 0 0 0

#Transform 42
Transform: AffineTransform_float_3_3
Parameters: 1 -0.000345934 0.000389445 0.000346308 1 -0.000480679 -0.000389112 0.000480948 1 -0.0275937 0.0394142 0.0575093
FixedParameters: 0 0 0

#Transform 43
Transform: AffineTransform_float_3_3
Parameters: 1 -0.000457618 -0.000147915 0.000457431 0.999999 -0.000631684 0.000148493 0.000631548 1 -0.0087894 0.0618933 0.0661945
FixedParameters: 0 0 0

#Transform 44
Transform: AffineTransform_float_3_3
Parameters: 1 -0.000275645 -0.000194109 0.00027532 0.999999 -0.000834788 0.00019457 0.000834681 0.999999 -0.00051746 0.048079 0.0861972
FixedParameters: 0 0 0

#Transform 45
Transform: AffineTransform_float_3_3
Parameters: 1 -0.000444296 -7.81704e-05 0.000444174 0.999999 -0.000775792 7.88599e-05 0.000775722 0.999999 -0.0122205 0.0474931 0.0857048
FixedParameters: 0 0 0

#Transform 46
Transform: AffineTransform_float_3_3
Parameters: 1 -0.000159737 -0.000219779 0.000159351 0.999999 -0.000876554 0.000220059 0.000876483 0.999999 0.00553671 0.065793 0.0826856
FixedParameters: 0 0 0

#Transform 47
Transform: AffineTransform_float_3_3
Parameters: 1 -7.6794e-05 -0.000224089 7.65331e-05 1 -0.000582363 0.000224179 0.000582328 1 0.0106642 0.0575397 0.123474
FixedParameters: 0 0 0

#Transform 48
Transform: AffineTransform_float_3_3
Parameters: 1 -3.8641e-05 -0.000248439 3.81629e-05 0.999999 -0.000962313 0.000248513 0.000962294 0.999999 0.0108785 0.0658232 0.102412
FixedParameters: 0 0 0

#Transform 49
Transform: AffineTransform_float_3_3
Parameters: 1 -0.000257991 8.09036e-05 0.000258108 0.999999 -0.000723948 -8.05297e-05 0.000723989 0.999999 -0.00265521 0.0377301 0.123517
FixedParameters: 0 0 0

#Transform 50
Transform: AffineTransform_float_3_3
Parameters: 1 -4.04101e-05 -0.000147565 4.0205e-05 1 -0.000695093 0.000147621 0.000695081 0.999999 0.00942679 0.0614171 0.0550055
FixedParameters: 0 0 0

#Transform 51
Transform: AffineTransform_float_3_3
Parameters: 1 -0.000144624 -0.000216271 0.000144311 0.999999 -0.000723782 0.00021648 0.000723719 0.999999 0.0123284 0.0402006 0.0764266
FixedParameters: 0 0 0

#Transform 52
Transform: AffineTransform_float_3_3
Parameters: 1 -0.000187526 -0.000220631 0.000187153 1 -0.00102824 0.000220986 0.00102816 1 0.00283365 0.0680615 0.0712887
FixedParameters: 0 0 0

#Transform 53
Transform: AffineTransform_float_3_3
Parameters: 1 -0.000110374 -0.000418288 0.000110514 1 -0.00109553 0.000418299 0.00109546 1 0.0197145 0.0586112 0.113126
FixedParameters: 0 0 0

#Transform 54
Transform: AffineTransform_float_3_3
Parameters: 1 -0.000464849 -0.000166583 0.000464562 1 -0.00110026 0.000167576 0.0011001 1 0.00991013 0.019787 0.14095
FixedParameters: 0 0 0

#Transform 55
Transform: AffineTransform_float_3_3
Parameters: 1 -4.39713e-05 -0.000262279 4.33666e-05 0.999999 -0.001306 0.000262363 0.00130597 0.999999 0.0153341 0.0313412 0.125386
FixedParameters: 0 0 0

#Transform 56
Transform: AffineTransform_float_3_3
Parameters: 1 -0.000159299 -0.000229659 0.000158873 1 -0.00110237 0.00022998 0.0011023 1 0.0138841 0.0560849 0.135462
FixedParameters: 0 0 0

#Transform 57
Transform: AffineTransform_float_3_3
Parameters: 1 -0.000144172 -0.00015627 0.000143907 1 -0.00110555 0.000156558 0.0011055 1 0.00498399 0.0678718 0.113555
FixedParameters: 0 0 0

#Transform 58
Transform: AffineTransform_float_3_3
Parameters: 1 -0.000159299 -0.000229659 0.000158873 1 -0.00110237 0.00022998 0.0011023 1 0.00412084 0.0353877 0.108049
FixedParameters: 0 0 0

#Transform 59
Transform: AffineTransform_float_3_3
Parameters: 1 -0.000137902 -0.000131247 0.000137653 0.999999 -0.000946498 0.000131508 0.000946462 0.999999 0.0017873 0.030241 0.108383
FixedParameters: 0 0 0

#Transform 60
Transform: AffineTransform_float_3_3
Parameters: 1 -0.000133013 -0.000116747 0.000132853 1 -0.000682911 0.000116929 0.00068288 1 -0.00208352 -0.00849225 0.0869233
FixedParameters: 0 0 0

#Transform 61
Transform: AffineTransform_float_3_3
Parameters: 1 -0.000160797 -0.000233505 0.000161294 0.999999 -0.00119827 0.000233661 0.00119822 1 0.00350967 0.0710487 0.0895774
FixedParameters: 0 0 0

#Transform 62
Transform: AffineTransform_float_3_3
Parameters: 1 -0.000159299 -0.000229659 0.000158873 1 -0.00110237 0.00022998 0.0011023 1 0.00889846 0.0556605 0.0753839
FixedParameters: 0 0 0

#Transform 63
Transform: AffineTransform_float_3_3
Parameters: 1 -0.000167728 -0.000251292 0.000167959 0.999998 -0.00164186 0.000251613 0.0016418 0.999998 0.010744 0.0897234 0.0861756
FixedParameters: 0 0 0

#Transform 64
Transform: AffineTransform_float_3_3
Parameters: 1 -0.000111697 1.27361e-06 0.00011158 1 -0.00111237 -2.0342e-06 0.00111241 1 0.00218596 0.0349795 0.107865
FixedParameters: 0 0 0

#Transform 65
Transform: AffineTransform_float_3_3
Parameters: 1 -0.000144947 0.000186668 0.000144269 1 -0.00111931 -0.000187153 0.00111938 1 -0.00508897 0.0869113 0.101973
FixedParameters: 0 0 0

#Transform 66
Transform: AffineTransform_float_3_3
Parameters: 1 -0.000159145 -0.00024526 0.000158632 1 -0.000636323 0.000244483 0.000636281 1 0.00778291 -0.0130419 0.123924
FixedParameters: 0 0 0

#Transform 67
Transform: AffineTransform_float_3_3
Parameters: 1 -0.000179617 -0.000323253 0.000179874 0.999999 -0.00123643 0.000323468 0.00123634 0.999999 0.00781038 0.0191865 0.0790189
FixedParameters: 0 0 0

#Transform 68
Transform: AffineTransform_float_3_3
Parameters: 1 -0.00012965 -8.58154e-05 0.000129339 1 -0.0011086 8.50935e-05 0.00110861 1 -0.0142999 0.0366163 0.0826146
FixedParameters: 0 0 0

#Transform 69
Transform: AffineTransform_float_3_3
Parameters: 1 -0.000140138 -0.000136699 0.000139916 1 -0.00110639 0.000136978 0.00110636 1 0.000721625 0.0431485 0.117889
FixedParameters: 0 0 0

#Transform 70
Transform: AffineTransform_float_3_3
Parameters: 1 -0.000145361 -0.000146548 0.000144987 0.999999 -0.00154733 0.000146967 0.00154728 0.999999 0.00135392 0.0644358 0.148702
FixedParameters: 0 0 0

#Transform 71
Transform: AffineTransform_float_3_3
Parameters: 1 -4.18804e-05 5.40824e-05 4.21173e-05 0.999999 -0.00144787 -5.39912e-05 0.00144788 0.999999 -0.00917138 0.0461074 0.162368
FixedParameters: 0 0 0

#Transform 72
Transform: AffineTransform_float_3_3
Parameters: 1 -0.000131062 -9.26651e-05 0.000130736 1 -0.0011083 9.19462e-05 0.00110832 1 0.000137233 0.0596941 0.0974968
FixedParameters: 0 0 0

#Transform 73
Transform: AffineTransform_float_3_3
Parameters: 1 -0.000115832 -1.49629e-05 0.000115874 0.999999 -0.00122372 1.51729e-05 0.00122279 1 -0.00484137 0.0796784 0.125685
FixedParameters: 0 0 0

#Transform 74
Transform: AffineTransform_float_3_3
Parameters: 1 -6.94599e-05 -3.18225e-05 6.94515e-05 0.999999 -0.00139195 3.19854e-05 0.00139194 0.999999 -0.0101 0.0502727 0.147339
FixedParameters: 0 0 0

#Transform 75
Transform: AffineTransform_float_3_3
Parameters: 1 -0.000124452 -3.75148e-05 0.000124479 0.999999 -0.00178524 3.78983e-05 0.00178523 0.999999 0.00252254 0.104114 0.174842
FixedParameters: 0 0 0

#Transform 76
Transform: AffineTransform_float_3_3
Parameters: 1 -0.000120332 -2.66728e-05 0.000120331 0.999999 -0.00151549 2.70072e-05 0.00151548 0.999999 0.00299815 0.0692174 0.188246
FixedParameters: 0 0 0

#Transform 77
Transform: AffineTransform_float_3_3
Parameters: 1 -0.000127137 -4.44908e-05 0.000127122 0.999998 -0.00195908 4.4928e-05 0.00195907 0.999998 0.00107197 0.0975963 0.165845
FixedParameters: 0 0 0

#Transform 78
Transform: AffineTransform_float_3_3
Parameters: 1 3.97708e-05 -5.5665e-05 -3.98484e-05 0.999999 -0.00142169 5.55213e-05 0.00142169 0.999999 0.00220727 0.107399 0.164805
FixedParameters: 0 0 0

#Transform 79
Transform: AffineTransform_float_3_3
Parameters: 1 -0.000138501 -0.000121513 0.000138261 0.999999 -0.00131422 0.000121846 0.00131419 0.999999 0.00168192 0.0638224 0.153843
FixedParameters: 0 0 0

#Transform 80
Transform: AffineTransform_float_3_3
Parameters: 1 -0.000153115 -0.00019308 0.000152697 0.999999 -0.00129011 0.000193444 0.00129005 0.999999 0.00218026 0.0861814 0.146213
FixedParameters: 0 0 0

#Transform 81
Transform: AffineTransform_float_3_3
Parameters: 1 -0.000144512 -0.000153035 0.000144211 0.999999 -0.0012448 0.000153364 0.00124476 0.999999 0.00423982 0.0484363 0.182098
FixedParameters: 0 0 0

#Transform 82
Transform: AffineTransform_float_3_3
Parameters: 1 -0.000169033 -0.000245557 0.000169194 0.999998 -0.00198739 0.000245968 0.00198733 0.999998 0.00890854 0.0846392 0.177198
FixedParameters: 0 0 0

#Transform 83
Transform: AffineTransform_float_3_3
Parameters: 1 -0.000163667 -0.000216177 0.000163903 0.999998 -0.00208578 0.000216642 0.00208665 0.999997 0.00205438 0.108751 0.193822
FixedParameters: 0 0 0

#Transform 84
Transform: AffineTransform_float_3_3
Parameters: 1 -0.000154158 -0.000194392 0.000153695 0.999999 -0.00139614 0.000194791 0.00139608 0.999999 0.00280151 0.0458944 0.1499
FixedParameters: 0 0 0

#Transform 85
Transform: AffineTransform_float_3_3
Parameters: 1 -0.000158422 -0.000197228 0.000158607 0.999998 -0.00190642 0.000196593 0.00190642 0.999998 0.00716836 0.109161 0.146494
FixedParameters: 0 0 0

#Transform 86
Transform: AffineTransform_float_3_3
Parameters: 1 -3.30007e-05 -0.000224788 3.32433e-05 0.999998 -0.00199029 0.000224659 0.0019903 0.999998 -0.000815581 0.0818796 0.170231
FixedParameters: 0 0 0

#Transform 87
Transform: AffineTransform_float_3_3
Parameters: 1 -7.39382e-05 -5.46103e-05 7.38869e-05 0.999998 -0.00193847 5.48359e-05 0.00193846 0.999998 -0.00871243 0.0704339 0.201894
FixedParameters: 0 0 0

#Transform 88
Transform: AffineTransform_float_3_3
Parameters: 1 -4.05639e-05 -6.40451e-05 4.04689e-05 0.999998 -0.00199665 6.41459e-05 0.00199665 0.999998 -0.0041118 0.101307 0.175697
FixedParameters: 0 0 0

#Transform 89
Transform: AffineTransform_float_3_3
Parameters: 1 -0.00014675 -0.000137939 0.000146161 0.999998 -0.00199206 0.000137483 0.00199206 0.999998 0.00033831 0.0952771 0.18967
FixedParameters: 0 0 0

#Transform 90
Transform: AffineTransform_float_3_3
Parameters: 1 -0.000127708 -4.59741e-05 0.000127684 0.999998 -0.00199604 4.64229e-05 0.00199603 0.999998 -0.00333023 0.0834563 0.192384
FixedParameters: 0 0 0

#Transform 91
Transform: AffineTransform_float_3_3
Parameters: 1 -0.000127708 -4.59741e-05 0.000127684 0.999998 -0.00199604 4.64229e-05 0.00199603 0.999998 -0.00118174 0.10349 0.170314
FixedParameters: 0 0 0

#Transform 92
Transform: AffineTransform_float_3_3
Parameters: 1 -0.000123028 -3.36903e-05 0.000122994 0.999998 -0.00169032 3.40758e-05 0.00169032 0.999998 -0.0158624 0.0893684 0.148524
FixedParameters: 0 0 0

#Transform 93
Transform: AffineTransform_float_3_3
Parameters: 1 -0.000119485 -2.44671e-05 0.000119494 0.999999 -0.00146054 2.47858e-05 0.00146053 0.999999 -0.00739285 0.0662801 0.178131
FixedParameters: 0 0 0

#Transform 94
Transform: AffineTransform_float_3_3
Parameters: 1 -0.000229921 5.43111e-05 0.000230288 0.999998 -0.00191541 -5.34905e-05 0.00191544 0.999998 -0.017613 0.108468 0.133884
FixedParameters: 0 0 0

#Transform 95
Transform: AffineTransform_float_3_3
Parameters: 1 -0.000117792 -2.00555e-05 0.000117818 0.999999 -0.00135064 2.03433e-05 0.00135063 0.999999 -0.000159375 0.0789892 0.149752
FixedParameters: 0 0 0

#Transform 96
Transform: AffineTransform_float_3_3
Parameters: 1 -0.000323946 1.01495e-05 0.000323858 0.999998 -0.00163694 -1.00979e-05 0.00163699 0.999998 -0.0060287 0.0533752 0.173097
FixedParameters: 0 0 0

#Transform 97
Transform: AffineTransform_float_3_3
Parameters: 1 -0.000178627 -2.15733e-05 0.000178634 0.999998 -0.00167594 2.21417e-05 0.00167593 0.999998 -0.00487114 0.0918794 0.162456
FixedParameters: 0 0 0

#Transform 98
Transform: AffineTransform_float_3_3
Parameters: 1 -0.000101507 7.10064e-05 0.000101915 0.999999 -0.00171908 -7.07042e-05 0.0017187 0.999998 -0.00841618 0.0817588 0.166495
FixedParameters: 0 0 0

#Transform 99
Transform: AffineTransform_float_3_3
Parameters: 1 -0.000363852 3.0072e-05 0.000363813 0.999999 -0.00136588 -3.00869e-05 0.00136594 0.999999 -0.0111068 0.0452743 0.159618
FixedParameters: 0 0 0

#Transform 100
Transform: AffineTransform_float_3_3
Parameters: 1 -0.000327073 0.00019822 0.000327952 0.999999 -0.00181756 -0.00019709 0.00181769 0.999999 -0.0148974 0.0980543 0.164394
FixedParameters: 0 0 0

#Transform 101
Transform: AffineTransform_float_3_3
Parameters: 1 -0.000332639 0.000238318 0.000333202 1 -0.00100853 -0.000237663 0.0010083 0.999999 -0.015437 0.00666803 0.1858
FixedParameters: 0 0 0

#Transform 102
Transform: AffineTransform_float_3_3
Parameters: 1 -0.000193414 0.000233663 0.000193338 0.999998 -0.00201326 -0.000233724 0.00201336 0.999998 -0.0133386 0.110207 0.16018
FixedParameters: 0 0 0

#Transform 103
Transform: AffineTransform_float_3_3
Parameters: 1 -0.000296131 0.000449752 0.000296413 0.999999 -0.00131064 -0.000448806 0.00131088 0.999999 -0.0186077 0.0625593 0.188681
FixedParameters: 0 0 0

#Transform 104
Transform: AffineTransform_float_3_3
Parameters: 0.999999 -0.000435929 0.000543423 0.0004364 0.999999 -0.00144328 -0.000542973 0.00144377 0.999999 -0.0336718 0.0905179 0.190055
FixedParameters: 0 0 0

#Transform 105
Transform: AffineTransform_float_3_3
Parameters: 1 -0.000539794 5.07999e-05 0.000539931 0.999999 -0.00172952 -4.99585e-05 0.00172921 0.999998 -0.0109661 0.0767371 0.210206
FixedParameters: 0 0 0

#Transform 106
Transform: AffineTransform_float_3_3
Parameters: 1 -0.000446871 0.00051313 0.000447864 0.999997 -0.00215454 -0.00051302 0.00215505 0.999997 -0.0334828 0.0796863 0.152114
FixedParameters: 0 0 0

#Transform 107
Transform: AffineTransform_float_3_3
Parameters: 1 -0.000482502 0.000322555 0.00048242 0.999998 -0.00157488 -0.000321844 0.0015752 0.999998 -0.0145988 0.0283443 0.162751
FixedParameters: 0 0 0

#Transform 108
Transform: AffineTransform_float_3_3
Parameters: 1 -0.000353178 8.51449e-05 0.00035251 0.999998 -0.00205288 -8.45357e-05 0.00205295 0.999998 0.00138118 0.169063 0.136268
FixedParameters: 0 0 0

#Transform 109
Transform: AffineTransform_float_3_3
Parameters: 1 -0.000360464 -2.40019e-06 0.000360413 0.999997 -0.00210331 2.87708e-06 0.00210334 0.999998 -0.00166572 0.104075 0.169809
FixedParameters: 0 0 0

#Transform 110
Transform: AffineTransform_float_3_3
Parameters: 1 -0.000216338 -5.37825e-05 0.000216098 0.999996 -0.00260093 5.38372e-05 0.00260094 0.999996 -0.00213705 0.125649 0.166535
FixedParameters: 0 0 0

#Transform 111
Transform: AffineTransform_float_3_3
Parameters: 1 -0.00021269 -0.000280766 0.000211373 0.999996 -0.00305632 0.000281909 0.00305621 0.999996 0.00738898 0.14236 0.175492
FixedParameters: 0 0 0

#Transform 112
Transform: AffineTransform_float_3_3
Parameters: 1 -0.0002802 -6.86453e-05 0.000279952 0.999994 -0.00325195 6.93358e-05 0.00325195 0.999994 -0.00473747 0.151836 0.225044
FixedParameters: 0 0 0

#Transform 113
Transform: AffineTransform_float_3_3
Parameters: 1 -0.000337346 -4.12869e-05 0.000337225 0.999996 -0.00289383 4.21385e-05 0.00289385 0.999996 0.00584365 0.142697 0.200584
FixedParameters: 0 0 0

#Transform 114
Transform: AffineTransform_float_3_3
Parameters: 1 -8.57727e-05 -0.000104796 8.55131e-05 0.999995 -0.00315139 0.000105183 0.00315138 0.999995 0.0107117 0.143008 0.248792
FixedParameters: 0 0 0

#Transform 115
Transform: AffineTransform_float_3_3
Parameters: 1 0.000134786 1.90872e-05 -0.00013495 0.999995 -0.00335998 -1.89985e-05 0.00335992 0.999995 0.00329953 0.145365 0.231164
FixedParameters: 0 0 0

#Transform 116
Transform: AffineTransform_float_3_3
Parameters: 1 -2.85646e-06 -4.87101e-05 2.89606e-06 0.999996 -0.00289868 4.86047e-05 0.00289869 0.999996 0.0152917 0.0953115 0.240911
FixedParameters: 0 0 0

#Transform 117
Transform: AffineTransform_float_3_3
Parameters: 1 2.96644e-05 -0.0004789 -3.15688e-05 0.999993 -0.00351239 0.000478259 0.00351153 0.999994 0.0228553 0.158298 0.231861
FixedParameters: 0 0 0

#Transform 118
Transform: AffineTransform_float_3_3
Parameters: 1 0.000102926 -0.000142064 -0.000103403 0.999995 -0.00310474 0.00014127 0.00310478 0.999995 0.019463 0.0990637 0.241001
FixedParameters: 0 0 0

#Transform 119
Transform: AffineTransform_float_3_3
Parameters: 1 9.95901e-05 -0.000150687 -0.000100185 0.999994 -0.00331854 0.000149872 0.00331857 0.999994 0.023918 0.166323 0.22784
FixedParameters: 0 0 0

#Transform 120
Transform: AffineTransform_float_3_3
Parameters: 1 -3.58252e-05 -0.00010683 3.55144e-05 0.999995 -0.0029589 0.000106919 0.00295889 0.999995 0.0151218 0.0958079 0.235733
FixedParameters: 0 0 0

#Transform 121
Transform: AffineTransform_float_3_3
Parameters: 1 -9.16046e-06 -0.000111735 8.82446e-06 0.999995 -0.00294409 0.000111665 0.0029441 0.999995 0.018253 0.106791 0.21303
FixedParameters: 0 0 0

#Transform 122
Transform: AffineTransform_float_3_3
Parameters: 1 7.68582e-05 -0.000267262 -7.81107e-05 0.999995 -0.0030993 0.000266629 0.00309934 0.999995 0.0146552 0.111657 0.213119
FixedParameters: 0 0 0

#Transform 123
Transform: AffineTransform_float_3_3
Parameters: 1 0.000106264 -0.000133302 -0.00010671 0.999996 -0.00288794 0.000132565 0.00288797 0.999996 0.0115662 0.137192 0.206731
FixedParameters: 0 0 0

#Transform 124
Transform: AffineTransform_float_3_3
Parameters: 1 0.000104552 -0.000137736 -0.000105054 0.999995 -0.00299784 0.000136985 0.00299787 0.999995 0.0123135 0.154422 0.203493
FixedParameters: 0 0 0

#Transform 125
Transform: AffineTransform_float_3_3
Parameters: 1 9.14847e-05 -0.000133227 -9.19489e-05 0.999995 -0.00295678 0.000132563 0.00295681 0.999995 0.00956456 0.105333 0.254438
FixedParameters: 0 0 0

#Transform 126
Transform: AffineTransform_float_3_3
Parameters: 1 5.01371e-05 -0.000114305 -5.0436e-05 0.999997 -0.00271969 0.000113909 0.00271971 0.999997 0.00684195 0.103684 0.217357
FixedParameters: 0 0 0

#Transform 127
Transform: AffineTransform_float_3_3
Parameters: 1 1.87285e-06 -3.8094e-05 -1.62599e-06 0.999997 -0.00253785 3.89721e-05 0.00253781 0.999997 0.00242293 0.050355 0.246266
FixedParameters: 0 0 0

#Transform 128
Transform: AffineTransform_float_3_3
Parameters: 1 3.84822e-05 -0.000119835 -3.88552e-05 0.999996 -0.00290246 0.000119489 0.00290247 0.999996 0.0116023 0.138314 0.197072
FixedParameters: 0 0 0

#Transform 129
Transform: AffineTransform_float_3_3
Parameters: 1 -4.00819e-05 -0.00010143 3.88475e-05 0.999996 -0.00285497 0.000101733 0.00285494 0.999996 0.00523504 0.13478 0.230137
FixedParameters: 0 0 0

#Transform 130
Transform: AffineTransform_float_3_3
Parameters: 1 -0.000142911 -7.46462e-05 0.000142824 0.999997 -0.00273034 7.53043e-05 0.00273032 0.999997 0.0105126 0.126654 0.2089
FixedParameters: 0 0 0

#Transform 131
Transform: AffineTransform_float_3_3
Parameters: 1 7.6399e-05 -0.000139535 -7.68805e-05 0.999995 -0.0031735 0.000138896 0.00317353 0.999995 0.0123142 0.155547 0.202523
FixedParameters: 0 0 0

#Transform 132
Transform: AffineTransform_float_3_3
Parameters: 1 -9.09797e-05 -7.69968e-05 9.08296e-05 0.999997 -0.00253586 7.73664e-05 0.00253585 0.999997 0.0098883 0.108038 0.210751
FixedParameters: 0 0 0

#Transform 133
Transform: AffineTransform_float_3_3
Parameters: 1 9.45347e-05 -0.000372049 -9.52599e-05 0.999997 -0.00272197 0.00037121 0.00272207 0.999996 0.0263331 0.118244 0.190555
FixedParameters: 0 0 0

#Transform 134
Transform: AffineTransform_float_3_3
Parameters: 1 5.94617e-05 -0.000136829 -5.99315e-05 0.999995 -0.00319237 0.000136295 0.00319239 0.999995 0.0148355 0.134925 0.186782
FixedParameters: 0 0 0

#Transform 135
Transform: AffineTransform_float_3_3
Parameters: 1 3.33688e-05 -0.000218392 -3.43082e-05 0.999996 -0.0028894 0.000218074 0.00288942 0.999996 0.00960799 0.0628672 0.19192
FixedParameters: 0 0 0

#Transform 136
Transform: AffineTransform_float_3_3
Parameters: 1 0.000126433 -0.000245775 -0.000127551 0.999995 -0.00293276 0.000244908 0.00293282 0.999995 0.0146684 0.123595 0.201286
FixedParameters: 0 0 0

#Transform 137
Transform: AffineTransform_float_3_3
Parameters: 1 -0.000213399 -5.99752e-05 0.000213192 0.999997 -0.00272985 6.00392e-05 0.00272986 0.999997 0.0147396 0.0719736 0.222908
FixedParameters: 0 0 0

#Transform 138
Transform: AffineTransform_float_3_3
Parameters: 1 -3.62009e-05 -9.68564e-05 3.59934e-05 0.999997 -0.00273108 9.69315e-05 0.00273108 0.999997 0.0103601 0.126141 0.230725
FixedParameters: 0 0 0

#Transform 139
Transform: AffineTransform_float_3_3
Parameters: 1 -1.91389e-05 -1.83554e-05 1.92195e-05 0.999997 -0.00218399 1.83782e-05 0.00218399 0.999997 0.00828535 0.0999277 0.174465
FixedParameters: 0 0 0

#Transform 140
Transform: AffineTransform_float_3_3
Parameters: 1 0.000172505 -0.000134183 -0.000172758 0.999996 -0.00259264 0.000134175 0.00259265 0.999996 0.0123808 0.14378 0.181479
FixedParameters: 0 0 0

#Transform 141
Transform: AffineTransform_float_3_3
Parameters: 1 -0.000299049 -2.69632e-05 0.00029896 0.999997 -0.00237752 2.73151e-05 0.00237755 0.999997 0.00916538 0.0958447 0.190607
FixedParameters: 0 0 0

#Transform 142
Transform: AffineTransform_float_3_3
Parameters: 1 8.44156e-05 -0.000129622 -8.48459e-05 0.999996 -0.00290777 0.000129007 0.0029078 0.999996 0.00499651 0.111283 0.188608
FixedParameters: 0 0 0

#Transform 143
Transform: AffineTransform_float_3_3
Parameters: 1 9.81184e-06 -0.000106433 -1.00711e-05 0.999997 -0.0027314 0.000106257 0.00273141 0.999997 0.00628564 0.103927 0.198557
FixedParameters: 0 0 0

#Transform 144
Transform: AffineTransform_float_3_3
Parameters: 1 8.92484e-05 -0.000133545 -9.0696e-05 0.999995 -0.00297477 0.000133088 0.00297477 0.999995 0.00955805 0.145507 0.187475
FixedParameters: 0 0 0

#Transform 145
Transform: AffineTransform_float_3_3
Parameters: 1 0.000299729 6.93312e-05 -0.000299659 0.999995 -0.00317839 -7.02107e-05 0.0031783 0.999995 0.00440371 0.160292 0.2135
FixedParameters: 0 0 0

#Transform 146
Transform: AffineTransform_float_3_3
Parameters: 1 -2.473e-05 -1.05833e-05 2.49897e-05 0.999995 -0.0029259 1.06067e-05 0.00292591 0.999995 7.71783e-05 0.132788 0.225846
FixedParameters: 0 0 0

#Transform 147
Transform: AffineTransform_float_3_3
Parameters: 1 0.000170183 -0.00016237 -0.000170634 0.999994 -0.00324908 0.000162089 0.0032491 0.999994 0.00525192 0.170896 0.195277
FixedParameters: 0 0 0

#Transform 148
Transform: AffineTransform_float_3_3
Parameters: 1 -6.22785e-05 -0.000104231 6.20492e-05 0.999996 -0.00302566 0.000104454 0.00302565 0.999996 0.0101309 0.120544 0.229156
FixedParameters: 0 0 0

#Transform 149
Transform: AffineTransform_float_3_3
Parameters: 1 9.47712e-06 -0.000123837 -9.8503e-06 0.999995 -0.00313307 0.000123624 0.00313308 0.999995 0.00547271 0.134473 0.211109
FixedParameters: 0 0 0

#Transform 150
Transform: AffineTransform_float_3_3
Parameters: 1 -1.20572e-05 -0.000130385 1.16569e-05 0.999995 -0.00338671 0.000130282 0.00338672 0.999995 -0.000680308 0.194884 0.214765
FixedParameters: 0 0 0

#Transform 151
Transform: AffineTransform_float_3_3
Parameters: 1 -9.46641e-05 -6.46181e-05 9.46115e-05 0.999998 -0.00226805 6.49558e-05 0.00226804 0.999998 0.0100316 0.119379 0.227747
FixedParameters: 0 0 0

#Transform 152
Transform: AffineTransform_float_3_3
Parameters: 1 -0.000187586 2.83568e-05 0.000186883 0.999997 -0.00269076 -2.82499e-05 0.00269078 0.999997 0.00577201 0.0801669 0.194218
FixedParameters: 0 0 0

#Transform 153
Transform: AffineTransform_float_3_3
Parameters: 1 -0.000109752 -7.91652e-05 0.000109649 0.999997 -0.00267562 7.96302e-05 0.0026756 0.999997 0.0101112 0.111844 0.202385
FixedParameters: 0 0 0

#Transform 154
Transform: AffineTransform_float_3_3
Parameters: 1 -0.000280789 2.0663e-05 0.000280918 1 -0.00118661 -2.00268e-05 0.00118663 1 0.00872026 0.0952202 0.218472
FixedParameters: 0 0 0

#Transform 155
Transform: AffineTransform_float_3_3
Parameters: 1 -0.000277317 9.24497e-05 0.000278157 0.999996 -0.00282203 -9.10041e-05 0.00282208 0.999996 0.00582079 0.126723 0.18793
FixedParameters: 0 0 0

#Transform 156
Transform: AffineTransform_float_3_3
Parameters: 1 -0.000269938 0.000131836 0.000271031 0.999995 -0.00293982 -0.000130367 0.0029399 0.999995 0.00377271 0.126413 0.223755
FixedParameters: 0 0 0

#Transform 157
Transform: AffineTransform_float_3_3
Parameters: 1 -0.000248944 0.000230452 0.000249412 0.999996 -0.00287505 -0.00022992 0.00287518 0.999996 -0.0150058 0.137497 0.200553
FixedParameters: 0 0 0

#Transform 158
Transform: AffineTransform_float_3_3
Parameters: 1 -0.000257898 0.000182065 0.000258029 0.999997 -0.00271283 -0.000181566 0.00271294 0.999997 -0.0102804 0.117373 0.233264
FixedParameters: 0 0 0

#Transform 159
Transform: AffineTransform_float_3_3
Parameters: 1 -0.000306054 -4.51748e-05 0.000305917 0.999996 -0.00283311 4.58081e-05 0.00283312 0.999996 -0.00189342 0.168929 0.241704
FixedParameters: 0 0 0

#Transform 160
Transform: AffineTransform_float_3_3
Parameters: 1 -0.00024013 0.000253347 0.000240347 0.999998 -0.00227856 -0.000253122 0.0022787 0.999998 -0.00727537 0.110124 0.215626
FixedParameters: 0 0 0

#Transform 161
Transform: AffineTransform_float_3_3
Parameters: 1 -0.000290032 3.1982e-05 0.000290531 0.999996 -0.00283943 -3.04555e-05 0.00283946 0.999996 0.000585355 0.128778 0.241531
FixedParameters: 0 0 0

#Transform 162
Transform: AffineTransform_float_3_3
Parameters: 1 -0.000264723 0.000142457 0.000265476 0.999997 -0.00250293 -0.000142199 0.00250305 0.999997 -0.00436511 0.114545 0.227176
FixedParameters: 0 0 0

#Transform 163
Transform: AffineTransform_float_3_3
Parameters: 1 -0.00031241 -6.1665e-05 0.000312208 0.999994 -0.00324573 6.25613e-05 0.00324573 0.999994 0.0106491 0.148446 0.231663
FixedParameters: 0 0 0

#Transform 164
Transform: AffineTransform_float_3_3
Parameters: 1 -0.00031069 -5.72377e-05 0.000310529 0.999995 -0.00313483 5.80541e-05 0.00313484 0.999995 0.00796314 0.100618 0.282256
FixedParameters: 0 0 0

#Transform 165
Transform: AffineTransform_float_3_3
Parameters: 1 -0.000272773 0.000136254 0.000273026 0.999994 -0.00349048 -0.000135311 0.00349057 0.999994 0.000652765 0.149725 0.261186
FixedParameters: 0 0 0

#Transform 166
Transform: AffineTransform_float_3_3
Parameters: 1 -0.000309327 -5.37275e-05 0.000309198 0.999996 -0.00304691 5.4481e-05 0.00304692 0.999996 0.00964013 0.142063 0.281054
FixedParameters: 0 0 0

#Transform 167
Transform: AffineTransform_float_3_3
Parameters: 1 -0.000151513 0.00020062 0.000152041 0.999995 -0.00295445 -0.000199646 0.00295449 0.999995 6.76085e-05 0.125545 0.284508
FixedParameters: 0 0 0

#Transform 168
Transform: AffineTransform_float_3_3
Parameters: 1 -5.1371e-05 -0.000111581 5.10712e-05 0.999995 -0.00314264 0.00011175 0.00314263 0.999995 0.0109525 0.155187 0.271689
FixedParameters: 0 0 0

#Transform 169
Transform: AffineTransform_float_3_3
Parameters: 1 -0.000207594 -7.78745e-05 0.000207309 0.999995 -0.00311557 7.80361e-05 0.00311558 0.999995 0.00981259 0.141214 0.287074
FixedParameters: 0 0 0

#Transform 170
Transform: AffineTransform_float_3_3
Parameters: 1 -0.000289674 -2.55654e-06 0.000289625 0.999999 -0.00176708 2.54081e-06 0.00176712 0.999999 0.00226894 0.120175 0.264475
FixedParameters: 0 0 0

#Transform 171
Transform: AffineTransform_float_3_3
Parameters: 1 -0.000254948 0.000224636 0.00025586 0.999993 -0.00358337 -0.000223768 0.0035835 0.999993 -0.00912273 0.14497 0.299176
FixedParameters: 0 0 0

#Transform 172
Transform: AffineTransform_float_3_3
Parameters: 1 -0.000241233 0.000285857 0.000242508 0.999994 -0.00344891 -0.000285151 0.00344907 0.999994 -0.00356127 0.120982 0.302087
FixedParameters: 0 0 0

#Transform 173
Transform: AffineTransform_float_3_3
Parameters: 1 7.77476e-06 1.04057e-05 -7.21986e-06 0.999994 -0.00343973 -1.06405e-05 0.00343973 0.999994 0.00630084 0.160327 0.27881
FixedParameters: 0 0 0

#Transform 174
Transform: AffineTransform_float_3_3
Parameters: 1 -0.000263442 0.000176655 0.000263932 0.999995 -0.00336212 -0.000175844 0.00336223 0.999995 0.000357544 0.124915 0.306299
FixedParameters: 0 0 0

#Transform 175
Transform: AffineTransform_float_3_3
Parameters: 1 -3.6071e-05 6.50164e-05 3.60254e-05 0.999994 -0.00345227 -6.47509e-05 0.00345226 0.999994 -0.00279504 0.147626 0.257583
FixedParameters: 0 0 0

#Transform 176
Transform: AffineTransform_float_3_3
Parameters: 1 -4.57724e-05 -0.000121826 4.5438e-05 0.999995 -0.00335151 0.000121948 0.0033515 0.999995 -0.000773386 0.113031 0.275859
FixedParameters: 0 0 0

#Transform 177
Transform: AffineTransform_float_3_3
Parameters: 1 -0.000312596 -6.21436e-05 0.000312389 0.999994 -0.00325771 6.30486e-05 0.00325772 0.999994 0.00863681 0.106775 0.254646
FixedParameters: 0 0 0

#Transform 178
Transform: AffineTransform_float_3_3
Parameters: 1 -9.71702e-05 -6.54735e-05 9.62806e-05 0.999994 -0.00361924 6.61596e-05 0.00361922 0.999994 0.0115324 0.168495 0.277124
FixedParameters: 0 0 0

#Transform 179
Transform: AffineTransform_float_3_3
Parameters: 1 -0.000318569 -7.77269e-05 0.000318359 0.999994 -0.00364736 7.88578e-05 0.00364736 0.999994 0.0154082 0.136291 0.310276
FixedParameters: 0 0 0

#Transform 180
Transform: AffineTransform_float_3_3
Parameters: 1 -0.000155766 -0.00011904 0.000155417 0.999992 -0.00381636 0.000120014 0.00381633 0.999992 0.0119129 0.186898 0.280688
FixedParameters: 0 0 0

#Transform 181
Transform: AffineTransform_float_3_3
Parameters: 1 0.000347482 -0.000218441 -0.000348321 0.999993 -0.00368493 0.000216642 0.00368505 0.999993 0.0212454 0.143661 0.269106
FixedParameters: 0 0 0

#Transform 182
Transform: AffineTransform_float_3_3
Parameters: 1 -1.88004e-05 -2.57578e-05 1.91013e-05 0.999994 -0.00352894 2.57083e-05 0.00352895 0.999994 0.0060354 0.120955 0.272704
FixedParameters: 0 0 0

#Transform 183
Transform: AffineTransform_float_3_3
Parameters: 1 5.77595e-06 -0.000144546 -6.26047e-06 0.999994 -0.00362664 0.000144288 0.00362665 0.999994 0.011901 0.17548 0.2732
FixedParameters: 0 0 0

#Transform 184
Transform: AffineTransform_float_3_3
Parameters: 1 -6.75163e-05 -0.000126048 6.71021e-05 0.999993 -0.00355319 0.000126343 0.00355318 0.999993 0.00895531 0.115747 0.296236
FixedParameters: 0 0 0

#Transform 185
Transform: AffineTransform_float_3_3
Parameters: 1 0.000196803 -0.000416137 -0.000197978 0.999994 -0.00340733 0.000415344 0.00340657 0.999994 0.0200777 0.172374 0.278789
FixedParameters: 0 0 0

#Transform 186
Transform: AffineTransform_float_3_3
Parameters: 1 -2.7232e-05 -0.000497389 2.56023e-05 0.999995 -0.00322357 0.000498185 0.00322353 0.999994 0.0268146 0.172924 0.244626
FixedParameters: 0 0 0

#Transform 187
Transform: AffineTransform_float_3_3
Parameters: 1 8.49204e-05 -0.000449347 -8.62413e-05 0.999995 -0.00322718 0.000449421 0.00322725 0.999994 0.0207973 0.133567 0.243535
FixedParameters: 0 0 0

#Transform 188
Transform: AffineTransform_float_3_3
Parameters: 1 3.60861e-05 -0.000350885 -3.77618e-05 0.999995 -0.00335955 0.000351432 0.00335955 0.999995 0.0114286 0.15834 0.272354
FixedParameters: 0 0 0

#Transform 189
Transform: AffineTransform_float_3_3
Parameters: 1 -0.000208452 -7.61392e-05 0.000208407 0.999994 -0.00343392 7.73875e-05 0.00343389 0.999994 0.00872174 0.131505 0.291393
FixedParameters: 0 0 0

#Transform 190
Transform: AffineTransform_float_3_3
Parameters: 1 -0.000249105 0.000254001 0.000250333 0.999994 -0.00363268 -0.000253179 0.00363283 0.999994 -0.0134028 0.193396 0.279307
FixedParameters: 0 0 0

#Transform 191
Transform: AffineTransform_float_3_3
Parameters: 1 -0.000289322 5.65335e-05 0.000289993 0.999994 -0.00347501 -5.5682e-05 0.00347508 0.999994 -0.00224663 0.17002 0.297411
FixedParameters: 0 0 0

#Transform 192
Transform: AffineTransform_float_3_3
Parameters: 1 -6.89022e-05 0.000127896 6.93272e-05 0.999993 -0.00359841 -0.000127382 0.00359841 0.999993 -0.00883369 0.153232 0.288018
FixedParameters: 0 0 0

#Transform 193
Transform: AffineTransform_float_3_3
Parameters: 1 -0.000147187 -5.47402e-06 0.000146728 0.999993 -0.00379704 6.57611e-06 0.00379702 0.999993 -0.00795001 0.183144 0.30804
FixedParameters: 0 0 0

