# transform file /out/sourcedata/freesurfer/sub-v1s4x0050695_ses-1/mri/transforms/cc_up.lta
# created by oesteban on Tue Mar 10 04:16:59 2026

type      = 0 # LINEAR_VOX_TO_VOX
nxforms   = 1
mean      = 136.0000 112.0000 116.0000
sigma     = 10000.0000
1 4 4
9.683696627616882e-01 1.878070384263992e-01 1.642822623252869e-01 -3.987970733642578e+01 
-1.851614117622375e-01 9.822059273719788e-01 -3.141231834888458e-02 6.134288787841797e+01 
-1.672584712505341e-01 1.862645149230957e-09 9.859130382537842e-01 4.633539581298828e+01 
0.000000000000000e+00 0.000000000000000e+00 0.000000000000000e+00 1.000000000000000e+00 
src volume info
valid = 1  # volume info valid
filename = /out/sourcedata/freesurfer/sub-v1s4x0050695_ses-1/mri/norm.mgz
volume = 256 256 256
voxelsize = 1.000000000000000e+00 1.000000000000000e+00 1.000000000000000e+00
xras   = -9.999998807907104e-01 -1.117587089538574e-08 0.000000000000000e+00
yras   = 1.490116119384766e-08 0.000000000000000e+00 -9.999998807907104e-01
zras   = 1.117587089538574e-08 9.999998807907104e-01 0.000000000000000e+00
cras   = 2.979873657226562e+00 1.435490417480469e+01 4.062728881835938e+00
dst volume info
valid = 1  # volume info valid
filename = /out/sourcedata/freesurfer/sub-v1s4x0050695_ses-1/mri/norm.mgz
volume = 256 256 256
voxelsize = 1.000000000000000e+00 1.000000000000000e+00 1.000000000000000e+00
xras   = -9.999998807907104e-01 -1.117587089538574e-08 0.000000000000000e+00
yras   = 1.490116119384766e-08 0.000000000000000e+00 -9.999998807907104e-01
zras   = 1.117587089538574e-08 9.999998807907104e-01 0.000000000000000e+00
cras   = 2.979873657226562e+00 1.435490417480469e+01 4.062728881835938e+00
