# transform file transforms/talairach.lta
# created by oesteban on Tue Mar 10 02:42:37 2026

type      = 0 # LINEAR_VOX_TO_VOX
nxforms   = 1
mean      = 135.0000 112.0000 116.0000
sigma     = 10000.0000
1 4 4
9.827916622161865e-01 1.964308321475983e-01 1.840016543865204e-01 -4.734243774414062e+01 
-2.534094452857971e-01 1.128175139427185e+00 2.125877290964127e-01 8.951025009155273e+00 
-1.478206962347031e-01 -2.053241729736328e-01 9.485424160957336e-01 4.326493072509766e+01 
0.000000000000000e+00 0.000000000000000e+00 0.000000000000000e+00 1.000000000000000e+00 
src volume info
valid = 1  # volume info valid
filename = nu.mgz
volume = 256 256 256
voxelsize = 1.000000000000000e+00 1.000000000000000e+00 1.000000000000000e+00
xras   = -9.999998807907104e-01 -1.117587089538574e-08 0.000000000000000e+00
yras   = 1.490116119384766e-08 0.000000000000000e+00 -9.999998807907104e-01
zras   = 1.117587089538574e-08 9.999998807907104e-01 0.000000000000000e+00
cras   = 2.979873657226562e+00 1.435490417480469e+01 4.062728881835938e+00
dst volume info
valid = 1  # volume info valid
filename = /opt/freesurfer/average/RB_all_2020-01-02.gca
volume = 256 256 256
voxelsize = 1.000000000000000e+00 1.000000000000000e+00 1.000000000000000e+00
xras   = -1.000000000000000e+00 0.000000000000000e+00 0.000000000000000e+00
yras   = 0.000000000000000e+00 0.000000000000000e+00 -1.000000000000000e+00
zras   = 0.000000000000000e+00 1.000000000000000e+00 0.000000000000000e+00
cras   = 0.000000000000000e+00 0.000000000000000e+00 0.000000000000000e+00
