type      = 1 # LINEAR_RAS_TO_RAS
nxforms   = 1
mean      = 0.0000 0.0000 0.0000
sigma     = 1.0000
1 4 4
1.009858965873718e+00 -1.769669950008392e-01 1.806299984455109e-01 -1.594619989395142e+00 
1.067000031471252e-01 9.841210246086121e-01 2.098470032215118e-01 -2.584649658203125e+01 
-2.050299942493439e-01 -1.631319969892502e-01 1.085394024848938e+00 -1.874856567382812e+01 
0.000000000000000e+00 0.000000000000000e+00 0.000000000000000e+00 1.000000000000000e+00 
src volume info
valid = 1  # volume info valid
filename = /out/sourcedata/freesurfer/sub-v1s4x0050695_ses-1/mri/orig_nu.mgz
volume = 256 256 256
voxelsize = 1.000000000000000e+00 1.000000000000000e+00 1.000000000000000e+00
xras   = -9.999998807907104e-01 -1.117587089538574e-08 0.000000000000000e+00
yras   = 1.490116119384766e-08 0.000000000000000e+00 -9.999998807907104e-01
zras   = 1.117587089538574e-08 9.999998807907104e-01 0.000000000000000e+00
cras   = 2.979873657226562e+00 1.435490417480469e+01 4.062728881835938e+00
dst volume info
valid = 1  # volume info valid
filename = /opt/freesurfer/average/mni305.cor.mgz
volume = 256 256 256
voxelsize = 1.000000000000000e+00 1.000000000000000e+00 1.000000000000000e+00
xras   = -1.000000000000000e+00 0.000000000000000e+00 0.000000000000000e+00
yras   = 0.000000000000000e+00 0.000000000000000e+00 -1.000000000000000e+00
zras   = 0.000000000000000e+00 1.000000000000000e+00 0.000000000000000e+00
cras   = 0.000000000000000e+00 0.000000000000000e+00 0.000000000000000e+00
subject fsaverage
fscale 0.100000
