type      = 0 # LINEAR_VOX_TO_VOX
nxforms   = 1
mean      = 0.0000 0.0000 0.0000
sigma     = 1.0000
1 4 4
1.009858846664429e+00 1.806299686431885e-01 1.769669651985168e-01 -4.664248657226562e+01 
-2.050299644470215e-01 1.085393905639648e+00 1.631319820880890e-01 1.172412109375000e+01 
-1.066999956965446e-01 -2.098469734191895e-01 9.841209053993225e-01 3.200151062011719e+01 
0.000000000000000e+00 0.000000000000000e+00 0.000000000000000e+00 1.000000000000000e+00 
src volume info
valid = 1  # volume info valid
filename = /out/sourcedata/freesurfer/sub-v1s4x0050695_ses-1/mri/orig.mgz
volume = 256 256 256
voxelsize = 1.000000000000000e+00 1.000000000000000e+00 1.000000000000000e+00
xras   = -9.999998807907104e-01 -1.117587089538574e-08 0.000000000000000e+00
yras   = 1.490116119384766e-08 0.000000000000000e+00 -9.999998807907104e-01
zras   = 1.117587089538574e-08 9.999998807907104e-01 0.000000000000000e+00
cras   = 2.979873657226562e+00 1.435490417480469e+01 4.062728881835938e+00
dst volume info
valid = 1  # volume info valid
filename = /opt/freesurfer/average/mni305.cor.mgz
volume = 256 256 256
voxelsize = 1.000000000000000e+00 1.000000000000000e+00 1.000000000000000e+00
xras   = -1.000000000000000e+00 0.000000000000000e+00 0.000000000000000e+00
yras   = 0.000000000000000e+00 0.000000000000000e+00 -1.000000000000000e+00
zras   = 0.000000000000000e+00 1.000000000000000e+00 0.000000000000000e+00
cras   = 0.000000000000000e+00 0.000000000000000e+00 0.000000000000000e+00
subject fsaverage
fscale 0.100000
