#Insight Transform File V1.0
#Transform 0
Transform: AffineTransform_float_3_3
Parameters: 0.99999 -0.000539216 -0.00436926 0.000545238 0.999999 0.00120326 0.00436863 -0.00120589 0.999989 0.0270877 0.081486 0.326933
FixedParameters: 0 0 0

#Transform 1
Transform: AffineTransform_float_3_3
Parameters: 0.99999 -0.000130614 -0.00448013 0.000133684 1 0.000668084 0.00448017 -0.000668461 0.99999 0.02485 0.0729439 0.322178
FixedParameters: 0 0 0

#Transform 2
Transform: AffineTransform_float_3_3
Parameters: 0.999993 -0.000111559 -0.00383789 0.000113648 1 0.000572215 0.00383748 -0.000572356 0.999992 0.0184109 0.0657495 0.377249
FixedParameters: 0 0 0

#Transform 3
Transform: AffineTransform_float_3_3
Parameters: 0.999992 0.000334869 -0.00404213 -0.000329331 0.999999 0.00142371 0.00404235 -0.00142226 0.99999 0.0167776 0.0457562 0.254253
FixedParameters: 0 0 0

#Transform 4
Transform: AffineTransform_float_3_3
Parameters: 0.999994 -0.000439139 -0.00357829 0.000443185 0.999999 0.00123341 0.00357796 -0.00123532 0.999993 0.0274854 0.0586934 0.314773
FixedParameters: 0 0 0

#Transform 5
Transform: AffineTransform_float_3_3
Parameters: 0.999993 0.000320532 -0.00359267 -0.000314949 0.999999 0.00150161 0.00359335 -0.00150007 0.999992 0.0181435 0.0140878 0.335327
FixedParameters: 0 0 0

#Transform 6
Transform: AffineTransform_float_3_3
Parameters: 0.999996 -0.000214422 -0.00297013 0.000220374 0.999998 0.00184256 0.00297065 -0.00184318 0.999994 0.0129751 0.0220608 0.234322
FixedParameters: 0 0 0

#Transform 7
Transform: AffineTransform_float_3_3
Parameters: 0.999997 -0.000310052 -0.00269227 0.000315329 0.999998 0.00223075 0.00269169 -0.00223155 0.999994 -0.00377857 -0.0185794 0.170629
FixedParameters: 0 0 0

#Transform 8
Transform: AffineTransform_float_3_3
Parameters: 0.999998 0.000220513 -0.00163669 -0.000219938 1 0.000602588 0.00163713 -0.000602226 0.999998 0.0281129 0.0386136 0.170711
FixedParameters: 0 0 0

#Transform 9
Transform: AffineTransform_float_3_3
Parameters: 0.999999 -0.000238163 -0.00131857 0.000240202 0.999999 0.00123401 0.00131774 -0.00123489 0.999999 0.0118005 -0.046908 0.14958
FixedParameters: 0 0 0

#Transform 10
Transform: AffineTransform_float_3_3
Parameters: 0.999999 0.000278053 -0.00129329 -0.000277675 1 0.000329781 0.00129345 -0.000329618 0.999999 0.0274928 0.056557 0.0237825
FixedParameters: 0 0 0

#Transform 11
Transform: AffineTransform_float_3_3
Parameters: 1 0.00014048 -0.000891975 -0.000140119 0.999999 0.00104538 0.000891586 -0.00104531 0.999999 0.00333297 -0.0200618 0.11795
FixedParameters: 0 0 0

#Transform 12
Transform: AffineTransform_float_3_3
Parameters: 0.999999 -5.38732e-05 -0.000923526 5.44577e-05 1 0.000316042 0.000923491 -0.000316143 0.999999 0.0239686 0.0260359 0.000125527
FixedParameters: 0 0 0

#Transform 13
Transform: AffineTransform_float_3_3
Parameters: 1 -0.000260566 -0.000439889 0.000261404 0.999999 0.000868332 0.000439917 -0.000868277 1 -0.00282381 0.032144 0.0141092
FixedParameters: 0 0 0

#Transform 14
Transform: AffineTransform_float_3_3
Parameters: 0.999999 -0.00019591 -0.000804393 0.000196564 1 0.000405929 0.000804233 -0.000406245 0.999999 0.0133701 0.0186746 -0.0279204
FixedParameters: 0 0 0

#Transform 15
Transform: AffineTransform_float_3_3
Parameters: 1 -0.000522966 -5.79626e-05 0.000522101 1 0.000504181 5.76353e-05 -0.000504044 1 0.0102209 -0.00949391 0.0597731
FixedParameters: 0 0 0

#Transform 16
Transform: AffineTransform_float_3_3
Parameters: 1 0.000232505 -0.000522472 -0.000232101 1 0.000386507 0.000522651 -0.000386265 1 0.0115937 0.0387229 -0.0112444
FixedParameters: 0 0 0

#Transform 17
Transform: AffineTransform_float_3_3
Parameters: 1 -0.000452344 -4.18145e-05 0.000452348 1 4.93934e-05 4.17701e-05 -4.94313e-05 1 0.0292676 0.0475045 0.1122
FixedParameters: 0 0 0

#Transform 18
Transform: AffineTransform_float_3_3
Parameters: 1 -0.000118349 -7.79182e-05 0.000118414 1 0.000416447 7.78199e-05 -0.000416466 1 -0.00180493 0.0458741 0.0544804
FixedParameters: 0 0 0

#Transform 19
Transform: AffineTransform_float_3_3
Parameters: 1 -0.000503017 0.000546232 0.000503296 0.999999 0.000589395 -0.000547022 -0.000589042 0.999999 -0.0131141 0.0323793 0.00408469
FixedParameters: 0 0 0

#Transform 20
Transform: AffineTransform_float_3_3
Parameters: 1 -6.20903e-05 -0.000546024 6.20913e-05 1 5.90695e-07 0.000546024 -6.58863e-07 1 0.00601896 -0.00338854 -0.00706454
FixedParameters: 0 0 0

#Transform 21
Transform: AffineTransform_float_3_3
Parameters: 1 -0.000391827 0.000213787 0.000391748 1 0.000185261 -0.000213931 -0.000185094 1 -0.0152989 0.0481636 0.0479321
FixedParameters: 0 0 0

#Transform 22
Transform: AffineTransform_float_3_3
Parameters: 0.999999 -0.000302348 -0.000792189 0.000302901 1 0.000348418 0.000791978 -0.000348898 0.999999 -0.00256196 0.0754745 -0.00170999
FixedParameters: 0 0 0

#Transform 23
Transform: AffineTransform_float_3_3
Parameters: 0.999999 -0.00080568 0.000147248 0.00080575 0.999999 -0.000236773 -0.000146866 0.00023701 1 0.00605927 0.0609846 0.111894
FixedParameters: 0 0 0

#Transform 24
Transform: AffineTransform_float_3_3
Parameters: 1 -0.000427647 -3.05296e-05 0.000427644 1 -3.79644e-05 3.05623e-05 3.79382e-05 1 -0.00361537 0.0726799 0.0283152
FixedParameters: 0 0 0

#Transform 25
Transform: AffineTransform_float_3_3
Parameters: 0.999999 -0.001352 0.00028556 0.00135205 0.999999 -4.54302e-05 -0.000285054 4.57396e-05 1 -0.00708623 0.0340515 -6.29307e-05
FixedParameters: 0 0 0

#Transform 26
Transform: AffineTransform_float_3_3
Parameters: 1 -0.000382298 -2.49628e-05 0.000381516 0.999999 0.000712454 2.54804e-05 -0.000712453 0.999999 -0.026766 0.0305667 0.011326
FixedParameters: 0 0 0

#Transform 27
Transform: AffineTransform_float_3_3
Parameters: 0.999999 -0.000857566 0.000282948 0.000857808 0.999999 -0.000428211 -0.000282213 0.000428696 1 0.00146236 0.0610701 0.0854756
FixedParameters: 0 0 0

#Transform 28
Transform: AffineTransform_float_3_3
Parameters: 0.999999 -0.000421888 0.000258963 0.000422249 1 -0.000994596 -0.000259085 0.00099373 0.999999 -0.0219715 0.032442 -0.0406727
FixedParameters: 0 0 0

#Transform 29
Transform: AffineTransform_float_3_3
Parameters: 1 -0.000793818 0.000425498 0.000793922 1 -0.000519448 -0.000425213 0.000518931 1 -0.0148996 0.0894729 -0.011612
FixedParameters: 0 0 0

#Transform 30
Transform: AffineTransform_float_3_3
Parameters: 0.999999 -0.000679375 -0.000379323 0.000678763 0.999999 -0.000668628 0.000379368 0.00066829 1 -0.0163371 0.0807934 0.046485
FixedParameters: 0 0 0

#Transform 31
Transform: AffineTransform_float_3_3
Parameters: 1 -0.000864023 0.000159445 0.000863889 1 -0.000637327 -0.000158884 0.000636409 1 -0.0102282 0.0771805 0.112932
FixedParameters: 0 0 0

#Transform 32
Transform: AffineTransform_float_3_3
Parameters: 1 -0.000553453 3.77652e-05 0.000553507 0.999999 0.000680379 -3.76553e-05 -0.000680515 0.999999 -0.0326153 0.016864 0.0759998
FixedParameters: 0 0 0

#Transform 33
Transform: AffineTransform_float_3_3
Parameters: 0.999999 -0.00148715 0.000107882 0.00148723 0.999999 -0.000241472 -0.000106781 0.000241329 1 0.00121494 0.0813617 -0.0104423
FixedParameters: 0 0 0

#Transform 34
Transform: AffineTransform_float_3_3
Parameters: 1 -0.000918881 0.000381362 0.000918651 0.999999 -0.00114628 -0.000380399 0.00114707 0.999999 -0.0010744 0.049992 0.116325
FixedParameters: 0 0 0

#Transform 35
Transform: AffineTransform_float_3_3
Parameters: 1 -0.00100638 0.000316165 0.00100668 1 -0.0006062 -0.000315424 0.000606551 1 0.00379272 0.0999863 0.07156
FixedParameters: 0 0 0

#Transform 36
Transform: AffineTransform_float_3_3
Parameters: 0.999999 -0.000826693 -8.11866e-05 0.000826904 0.999999 -0.000311455 8.17617e-05 0.000312227 1 -0.0169191 0.0856601 -0.00450685
FixedParameters: 0 0 0

#Transform 37
Transform: AffineTransform_float_3_3
Parameters: 0.999999 -0.00107947 0.000409171 0.00107884 0.999999 -0.000766615 -0.000407857 0.000766501 0.999999 0.0125264 0.0855302 0.0811807
FixedParameters: 0 0 0

#Transform 38
Transform: AffineTransform_float_3_3
Parameters: 0.999999 -0.000628436 0.000434787 0.000628841 0.999999 -0.000465861 -0.000434201 0.000466407 1 -0.0128843 0.0492984 0.0778518
FixedParameters: 0 0 0

#Transform 39
Transform: AffineTransform_float_3_3
Parameters: 1 -0.00107608 0.000420483 0.00107595 1 6.28577e-05 -0.000421097 -6.22366e-05 1 -0.00812099 0.0724784 0.0453633
FixedParameters: 0 0 0

#Transform 40
Transform: AffineTransform_float_3_3
Parameters: 1 -0.000805237 -0.000164477 0.000805363 0.999999 6.21864e-05 0.000165239 -6.26296e-05 1 -0.033177 0.0587763 0.020613
FixedParameters: 0 0 0

#Transform 41
Transform: AffineTransform_float_3_3
Parameters: 0.999999 -0.00117995 0.000272596 0.00118016 0.999999 -0.000532647 -0.000271818 0.000533004 1 0.00177314 0.0899201 0.124232
FixedParameters: 0 0 0

#Transform 42
Transform: AffineTransform_float_3_3
Parameters: 0.999999 -0.000943371 -0.000172469 0.000943288 0.999999 -0.000240834 0.000172923 0.000240507 1 -0.0172746 0.0546126 0.0834389
FixedParameters: 0 0 0

#Transform 43
Transform: AffineTransform_float_3_3
Parameters: 1 -0.00110807 -0.000203781 0.00110825 1 0.000368005 0.000203347 -0.000368919 1 -0.0256007 0.115319 0.014295
FixedParameters: 0 0 0

#Transform 44
Transform: AffineTransform_float_3_3
Parameters: 1 -0.000678641 -9.94802e-05 0.000678612 1 -0.000146379 9.96791e-05 0.000146243 1 -0.0215332 0.0414392 0.155829
FixedParameters: 0 0 0

#Transform 45
Transform: AffineTransform_float_3_3
Parameters: 0.999999 -0.000879409 0.000268793 0.000879267 0.999999 -0.000223182 -0.000268459 0.000222747 1 -0.0183781 0.105813 0.106092
FixedParameters: 0 0 0

#Transform 46
Transform: AffineTransform_float_3_3
Parameters: 1 -0.000618957 -0.000246546 0.000619089 1 0.000268071 0.000246215 -0.000268376 1 -0.0492612 0.0206648 0.0299366
FixedParameters: 0 0 0

#Transform 47
Transform: AffineTransform_float_3_3
Parameters: 0.999999 -0.000736699 3.23888e-05 0.000736706 0.999999 -0.000105827 -3.22324e-05 0.000105875 1 -0.0258093 0.0854202 0.124005
FixedParameters: 0 0 0

#Transform 48
Transform: AffineTransform_float_3_3
Parameters: 1 -0.000433767 -2.46281e-05 0.000433653 1 -0.000170271 2.39138e-05 0.000170427 1 -0.0496367 0.0467308 0.150869
FixedParameters: 0 0 0

#Transform 49
Transform: AffineTransform_float_3_3
Parameters: 0.999999 -0.000734801 4.28395e-05 0.000734785 0.999999 0.000175797 -4.30971e-05 -0.000175734 1 -0.0170294 0.0869728 0.0563387
FixedParameters: 0 0 0

#Transform 50
Transform: AffineTransform_float_3_3
Parameters: 1 -0.000461311 0.000320194 0.000460815 1 0.000364385 -0.000320588 -0.000364997 1 -0.0502528 0.056301 0.106937
FixedParameters: 0 0 0

#Transform 51
Transform: AffineTransform_float_3_3
Parameters: 1 6.41847e-05 -0.000164731 -6.40533e-05 1 0.000398664 0.000164782 -0.000398643 1 -0.0542027 0.102381 0.102234
FixedParameters: 0 0 0

#Transform 52
Transform: AffineTransform_float_3_3
Parameters: 0.999999 0.000173832 0.000785517 -0.000174684 1 0.000541843 -0.000785327 -0.000542116 0.999999 -0.088024 0.0810148 0.166649
FixedParameters: 0 0 0

#Transform 53
Transform: AffineTransform_float_3_3
Parameters: 1 0.000472695 0.000432769 -0.000472851 0.999999 -0.000801062 -0.000432848 0.000801134 1 -0.0534382 0.0812348 -0.00886005
FixedParameters: 0 0 0

#Transform 54
Transform: AffineTransform_float_3_3
Parameters: 1 0.000310214 0.000605645 -0.000310116 1 -8.19635e-05 -0.000605695 8.15882e-05 1 -0.0402574 0.0712405 0.153182
FixedParameters: 0 0 0

#Transform 55
Transform: AffineTransform_float_3_3
Parameters: 1 2.39034e-05 0.00042932 -2.35966e-05 1 -0.000357596 -0.000429337 0.000357576 1 -0.0260241 0.0593701 0.0466828
FixedParameters: 0 0 0

#Transform 56
Transform: AffineTransform_float_3_3
Parameters: 0.999999 6.55056e-05 0.000940118 -6.59328e-05 1 0.000226783 -0.000940087 -0.000226906 0.999999 -0.0460178 0.0382349 0.140123
FixedParameters: 0 0 0

#Transform 57
Transform: AffineTransform_float_3_3
Parameters: 1 0.000516587 0.000858804 -0.000516641 1 -0.000136916 -0.000859386 0.000136098 0.999999 -0.0408057 0.0791043 0.0845853
FixedParameters: 0 0 0

#Transform 58
Transform: AffineTransform_float_3_3
Parameters: 0.999999 0.000184374 0.00129421 -0.000185736 0.999999 0.000799922 -0.00129407 -0.000800243 0.999999 -0.0419308 0.0505175 0.131558
FixedParameters: 0 0 0

#Transform 59
Transform: AffineTransform_float_3_3
Parameters: 1 0.000598644 0.000824165 -0.000597772 0.999999 -0.000658908 -0.000824914 0.000658275 1 -0.0221678 0.0678684 0.0606329
FixedParameters: 0 0 0

#Transform 60
Transform: AffineTransform_float_3_3
Parameters: 0.999999 -4.85748e-05 0.00134411 4.82613e-05 1 3.70885e-05 -0.00134407 -3.66042e-05 0.999999 -0.0332867 0.0509383 0.0874888
FixedParameters: 0 0 0

#Transform 61
Transform: AffineTransform_float_3_3
Parameters: 1 -8.71638e-05 0.00110201 8.68604e-05 1 4.06911e-05 -0.00110198 -4.01453e-05 1 -0.0387988 0.0438597 0.0211875
FixedParameters: 0 0 0

#Transform 62
Transform: AffineTransform_float_3_3
Parameters: 0.999999 -0.000359049 0.00127499 0.000359165 1 -0.000594392 -0.00127439 0.00059495 0.999999 0.00568372 0.116519 0.108165
FixedParameters: 0 0 0

#Transform 63
Transform: AffineTransform_float_3_3
Parameters: 0.999999 0.000466469 0.0011285 -0.00046634 1 -0.000152353 -0.00112861 0.000151654 1 -0.0228542 0.018529 0.0370227
FixedParameters: 0 0 0

#Transform 64
Transform: AffineTransform_float_3_3
Parameters: 0.999998 -0.000512219 0.00169442 0.000511012 1 0.000604725 -0.00169396 -0.000603988 0.999999 -0.0192925 0.0670121 0.0328096
FixedParameters: 0 0 0

#Transform 65
Transform: AffineTransform_float_3_3
Parameters: 0.999999 0.000692365 0.00163817 -0.000692266 1 -0.000161709 -0.00163832 0.000160149 0.999999 -0.0256608 0.0727591 0.104938
FixedParameters: 0 0 0

#Transform 66
Transform: AffineTransform_float_3_3
Parameters: 0.999998 -0.000156061 0.00191395 0.00015497 1 0.000346285 -0.00191423 -0.000346087 0.999998 -0.0271122 0.0736219 0.0607389
FixedParameters: 0 0 0

#Transform 67
Transform: AffineTransform_float_3_3
Parameters: 0.999998 0.000478078 0.00159781 -0.00047776 1 -0.000373718 -0.00159787 0.00037365 0.999998 -0.0183715 0.0300398 0.0903483
FixedParameters: 0 0 0

#Transform 68
Transform: AffineTransform_float_3_3
Parameters: 0.999998 0.000499113 0.002199 -0.000499659 1 -2.24648e-05 -0.0021989 2.13299e-05 0.999998 -0.020872 0.0582286 0.0692668
FixedParameters: 0 0 0

#Transform 69
Transform: AffineTransform_float_3_3
Parameters: 0.999998 0.000396654 0.00197547 -0.000397292 1 0.000352897 -0.00197525 -0.000353046 0.999998 -0.0435769 0.0101911 0.00634878
FixedParameters: 0 0 0

#Transform 70
Transform: AffineTransform_float_3_3
Parameters: 0.999999 0.000551478 0.00163621 -0.000549592 1 -0.00120673 -0.0016371 0.00120568 0.999998 0.00194265 0.110453 0.111762
FixedParameters: 0 0 0

#Transform 71
Transform: AffineTransform_float_3_3
Parameters: 0.999997 0.000241569 0.00240202 -0.000241529 1 -0.000142112 -0.00240197 0.000142013 0.999997 -3.00095e-05 0.0693872 0.172049
FixedParameters: 0 0 0

#Transform 72
Transform: AffineTransform_float_3_3
Parameters: 0.999998 0.000952094 0.00171616 -0.000952229 0.999999 -0.000278735 -0.00171635 0.00027728 0.999999 -0.0165904 0.017915 -0.0135353
FixedParameters: 0 0 0

#Transform 73
Transform: AffineTransform_float_3_3
Parameters: 0.999997 0.000740741 0.00221612 -0.000740365 1 -0.000439124 -0.00221645 0.0004371 0.999998 -0.000636562 0.0517185 0.1687
FixedParameters: 0 0 0

#Transform 74
Transform: AffineTransform_float_3_3
Parameters: 0.999998 0.00086012 0.00202819 -0.000858679 0.999999 -0.000904627 -0.00202917 0.000903503 0.999998 -0.0160395 0.0528665 0.0905458
FixedParameters: 0 0 0

#Transform 75
Transform: AffineTransform_float_3_3
Parameters: 0.999998 8.37191e-05 0.00229192 -8.3128e-05 1 -0.000124887 -0.00229208 0.000124461 0.999998 -0.0200233 0.085672 0.159188
FixedParameters: 0 0 0

#Transform 76
Transform: AffineTransform_float_3_3
Parameters: 0.999998 0.000142108 0.00190047 -0.000141537 1 -0.000575088 -0.00190041 0.000574546 0.999998 0.00438336 0.0683386 0.139465
FixedParameters: 0 0 0

#Transform 77
Transform: AffineTransform_float_3_3
Parameters: 0.999996 -0.000443669 0.00291951 0.000443778 0.999999 3.48508e-05 -0.00291909 -3.41405e-05 0.999996 0.00218632 0.0696247 0.0815099
FixedParameters: 0 0 0

#Transform 78
Transform: AffineTransform_float_3_3
Parameters: 0.999998 0.000601705 0.00211179 -0.000599792 0.999999 -0.000823941 -0.00211246 0.000822662 0.999998 0.0390986 0.0438129 0.18083
FixedParameters: 0 0 0

#Transform 79
Transform: AffineTransform_float_3_3
Parameters: 0.999997 -0.000436366 0.00255737 0.000436868 0.999999 5.61697e-05 -0.00255696 -5.52628e-05 0.999997 0.0192084 0.080679 0.102763
FixedParameters: 0 0 0

#Transform 80
Transform: AffineTransform_float_3_3
Parameters: 0.999998 0.000171074 0.00221091 -0.000168764 0.999999 -0.000935922 -0.00221097 0.000935521 0.999997 0.0351761 0.0745843 0.213417
FixedParameters: 0 0 0

#Transform 81
Transform: AffineTransform_float_3_3
Parameters: 0.999998 -0.000315323 0.00186275 0.000317645 1 -0.00106969 -0.00186196 0.00106961 0.999998 0.0456293 0.0884639 0.145968
FixedParameters: 0 0 0

#Transform 82
Transform: AffineTransform_float_3_3
Parameters: 0.999996 -0.000123945 0.00289086 0.000126057 1 -0.000558215 -0.00289062 0.000559445 0.999995 0.0119073 0.0503807 0.14302
FixedParameters: 0 0 0

#Transform 83
Transform: AffineTransform_float_3_3
Parameters: 0.999998 0.000153146 0.00210403 -0.000149929 0.999999 -0.00139259 -0.0021049 0.00139232 0.999997 0.036361 0.0903223 0.0727295
FixedParameters: 0 0 0

#Transform 84
Transform: AffineTransform_float_3_3
Parameters: 0.999996 -0.000359839 0.00274097 0.000361495 0.999999 -0.000384591 -0.00274085 0.00038597 0.999997 0.0110325 0.0508587 0.172738
FixedParameters: 0 0 0

#Transform 85
Transform: AffineTransform_float_3_3
Parameters: 0.999998 0.000137123 0.00204018 -0.000135966 1 -0.000679235 -0.00204015 0.000678675 0.999997 0.0333882 0.0885954 0.120881
FixedParameters: 0 0 0

#Transform 86
Transform: AffineTransform_float_3_3
Parameters: 0.999998 -0.00023417 0.00208648 0.000236505 1 -0.0010271 -0.00208632 0.00102688 0.999997 0.0349335 0.11112 0.192705
FixedParameters: 0 0 0

#Transform 87
Transform: AffineTransform_float_3_3
Parameters: 0.999999 -0.000356845 0.00177556 0.000359757 0.999999 -0.00128853 -0.00177451 0.00128853 0.999997 0.0472496 0.0672438 0.131402
FixedParameters: 0 0 0

#Transform 88
Transform: AffineTransform_float_3_3
Parameters: 0.999998 -0.000748289 0.00208166 0.00074904 1 -0.000426181 -0.00208154 0.000427905 0.999998 0.0356373 0.0773879 0.124506
FixedParameters: 0 0 0

#Transform 89
Transform: AffineTransform_float_3_3
Parameters: 0.999999 0.000523968 0.00168948 -0.00052257 0.999999 -0.00108719 -0.00169015 0.00108652 0.999998 0.0397734 0.0541896 0.208703
FixedParameters: 0 0 0

#Transform 90
Transform: AffineTransform_float_3_3
Parameters: 0.999998 -0.000470849 0.00189789 0.000473695 1 -0.000875106 -0.00189708 0.000876345 0.999998 0.0366282 0.108409 0.173892
FixedParameters: 0 0 0

#Transform 91
Transform: AffineTransform_float_3_3
Parameters: 0.999999 -5.36638e-05 0.00172122 5.40691e-05 1 -0.000340026 -0.00172164 0.000339726 0.999998 0.00260731 0.0632327 0.168329
FixedParameters: 0 0 0

#Transform 92
Transform: AffineTransform_float_3_3
Parameters: 0.999998 0.000134106 0.00207261 -0.000131892 1 -0.00121006 -0.00207258 0.00120879 0.999997 0.0365065 0.135152 0.218399
FixedParameters: 0 0 0

#Transform 93
Transform: AffineTransform_float_3_3
Parameters: 0.999998 8.77097e-05 0.00176985 -8.53529e-05 0.999999 -0.00159175 -0.00176993 0.00159194 0.999997 0.0395365 0.0789013 0.238201
FixedParameters: 0 0 0

#Transform 94
Transform: AffineTransform_float_3_3
Parameters: 0.999999 -0.000403971 0.00165972 0.000405663 1 -0.0012409 -0.0016592 0.00124226 0.999998 0.0452407 0.115386 0.16824
FixedParameters: 0 0 0

#Transform 95
Transform: AffineTransform_float_3_3
Parameters: 0.999999 -0.000134054 0.00156671 0.000136719 0.999999 -0.00162536 -0.00156675 0.0016258 0.999997 0.0145244 0.0760882 0.210886
FixedParameters: 0 0 0

#Transform 96
Transform: AffineTransform_float_3_3
Parameters: 0.999999 -8.34743e-05 0.00159517 8.66863e-05 0.999997 -0.00228933 -0.00159529 0.00229012 0.999996 0.0323015 0.139207 0.158497
FixedParameters: 0 0 0

#Transform 97
Transform: AffineTransform_float_3_3
Parameters: 0.999998 9.14559e-05 0.00214844 -8.83972e-05 0.999999 -0.00132672 -0.00214913 0.0013267 0.999997 0.00309874 0.0535969 0.110056
FixedParameters: 0 0 0

#Transform 98
Transform: AffineTransform_float_3_3
Parameters: 0.999999 0.00072603 0.00166677 -0.000723174 0.999999 -0.00142182 -0.00166705 0.00142026 0.999998 -0.00240824 0.134351 0.158937
FixedParameters: 0 0 0

#Transform 99
Transform: AffineTransform_float_3_3
Parameters: 0.999997 2.40848e-06 0.00211618 -1.80382e-06 1 -0.000524252 -0.00211597 0.00052424 0.999997 -0.016253 0.0584271 0.189621
FixedParameters: 0 0 0

#Transform 100
Transform: AffineTransform_float_3_3
Parameters: 0.999999 0.000225473 0.00151376 -0.00022434 1 -0.000445526 -0.00151392 0.0004452 0.999998 -0.0227338 0.0522161 0.0176045
FixedParameters: 0 0 0

#Transform 101
Transform: AffineTransform_float_3_3
Parameters: 0.999998 0.00040442 0.00197722 -0.000401321 1 -0.00128647 -0.00197734 0.0012859 0.999997 -0.00164724 0.113669 0.246083
FixedParameters: 0 0 0

#Transform 102
Transform: AffineTransform_float_3_3
Parameters: 0.999999 0.000581508 0.00158997 -0.000578933 0.999999 -0.00143458 -0.00159071 0.00143377 0.999998 -0.010028 0.119285 0.161456
FixedParameters: 0 0 0

#Transform 103
Transform: AffineTransform_float_3_3
Parameters: 0.999998 -6.13734e-06 0.00219916 6.18579e-06 1 -0.000443476 -0.00219937 0.000443568 0.999997 -0.0108513 0.0843957 0.183118
FixedParameters: 0 0 0

#Transform 104
Transform: AffineTransform_float_3_3
Parameters: 0.999996 0.00113446 0.002689 -0.0011307 0.999998 -0.00170327 -0.00269122 0.00169986 0.999995 0.00830834 0.108429 0.188732
FixedParameters: 0 0 0

#Transform 105
Transform: AffineTransform_float_3_3
Parameters: 0.999996 0.000409908 0.0028851 -0.000406406 0.999999 -0.000998179 -0.00288558 0.000996881 0.999996 0.0174927 0.140455 0.170663
FixedParameters: 0 0 0

#Transform 106
Transform: AffineTransform_float_3_3
Parameters: 0.999996 0.000611435 0.00289142 -0.000609921 1 -0.000607345 -0.00289176 0.000605778 0.999996 -0.0379802 0.0761004 0.0191171
FixedParameters: 0 0 0

#Transform 107
Transform: AffineTransform_float_3_3
Parameters: 0.999995 0.000337746 0.00327299 -0.000335072 0.999999 -0.00110847 -0.00327302 0.00110716 0.999994 0.00342268 0.12124 0.210552
FixedParameters: 0 0 0

#Transform 108
Transform: AffineTransform_float_3_3
Parameters: 0.999995 0.000764892 0.00316941 -0.000760469 0.999998 -0.00137999 -0.00317074 0.00137696 0.999994 -0.0258607 0.116613 0.198775
FixedParameters: 0 0 0

#Transform 109
Transform: AffineTransform_float_3_3
Parameters: 0.999992 0.000673396 0.00399132 -0.000666501 0.999998 -0.00194536 -0.00399185 0.00194268 0.99999 -0.0191645 0.163743 0.188685
FixedParameters: 0 0 0

#Transform 110
Transform: AffineTransform_float_3_3
Parameters: 0.999993 0.000453588 0.00358148 -0.000449397 0.999999 -0.00136127 -0.00358256 0.00136057 0.999992 -0.0495188 0.0937872 0.102154
FixedParameters: 0 0 0

#Transform 111
Transform: AffineTransform_float_3_3
Parameters: 0.999995 9.92993e-05 0.00307353 -9.88734e-05 1 -0.00032885 -0.00307351 0.000328194 0.999996 -0.0417217 0.0935144 0.00498747
FixedParameters: 0 0 0

#Transform 112
Transform: AffineTransform_float_3_3
Parameters: 0.999994 0.000464194 0.00341717 -0.000459066 0.999999 -0.00170652 -0.00341849 0.00170483 0.999993 -0.0193399 0.105952 0.154348
FixedParameters: 0 0 0

#Transform 113
Transform: AffineTransform_float_3_3
Parameters: 0.999995 -0.000255634 0.00318674 0.000259548 0.999999 -0.00154233 -0.00318605 0.00154307 0.999994 -0.00329431 0.131966 0.145789
FixedParameters: 0 0 0

#Transform 114
Transform: AffineTransform_float_3_3
Parameters: 0.999994 0.000287078 0.00340547 -0.000282173 0.999999 -0.0013659 -0.00340595 0.00136497 0.999994 -0.00856932 0.0959464 0.197041
FixedParameters: 0 0 0

#Transform 115
Transform: AffineTransform_float_3_3
Parameters: 0.999995 0.00049999 0.00308989 -0.000495817 0.999999 -0.00115232 -0.00309083 0.00115187 0.999995 -0.0420331 0.083821 0.162642
FixedParameters: 0 0 0

#Transform 116
Transform: AffineTransform_float_3_3
Parameters: 0.999996 0.000556749 0.00268625 -0.0005558 1 -0.000336708 -0.00268646 0.000335134 0.999997 -0.0766143 0.0601539 0.0302474
FixedParameters: 0 0 0

#Transform 117
Transform: AffineTransform_float_3_3
Parameters: 0.999996 0.000281718 0.00292165 -0.000279728 1 -0.000902737 -0.00292248 0.000902528 0.999996 -0.0132197 0.139886 0.155134
FixedParameters: 0 0 0

#Transform 118
Transform: AffineTransform_float_3_3
Parameters: 0.999996 0.000204407 0.00286951 -0.000202695 1 -0.000654166 -0.00286947 0.000653702 0.999995 -0.0234259 0.070925 0.147284
FixedParameters: 0 0 0

#Transform 119
Transform: AffineTransform_float_3_3
Parameters: 0.999998 0.000244832 0.00216082 -0.000245641 0.999999 0.000532557 -0.00216039 -0.000533018 0.999998 -0.0243892 0.102546 0.0224539
FixedParameters: 0 0 0

#Transform 120
Transform: AffineTransform_float_3_3
Parameters: 0.999998 0.000327747 0.00204004 -0.00032786 1 0.000148698 -0.00204006 -0.000149525 0.999998 -0.0254706 0.0973614 0.164584
FixedParameters: 0 0 0

#Transform 121
Transform: AffineTransform_float_3_3
Parameters: 0.999997 0.000482909 0.00211214 -0.000484544 0.999999 0.00104648 -0.002112 -0.00104739 0.999997 -0.0238794 0.0523996 0.160448
FixedParameters: 0 0 0

#Transform 122
Transform: AffineTransform_float_3_3
Parameters: 0.999998 -0.000119609 0.00199603 0.000113611 0.999994 0.00330935 -0.00199611 -0.00330904 0.999992 0.00296162 0.00437074 0.25876
FixedParameters: 0 0 0

#Transform 123
Transform: AffineTransform_float_3_3
Parameters: 1 -0.000529836 0.000659286 0.000528489 0.999997 0.00259411 -0.000660463 -0.00259388 0.999997 0.0282328 0.0634985 0.235206
FixedParameters: 0 0 0

#Transform 124
Transform: AffineTransform_float_3_3
Parameters: 0.999999 -0.000244843 0.00129299 0.000241725 0.999996 0.00268088 -0.00129399 -0.00268094 0.999995 0.0061423 0.0372431 0.267497
FixedParameters: 0 0 0

#Transform 125
Transform: AffineTransform_float_3_3
Parameters: 0.999999 0.000952584 0.00118104 -0.000957098 0.999993 0.00362044 -0.00117805 -0.00362103 0.999992 -0.0382219 -0.0171458 0.172774
FixedParameters: 0 0 0

#Transform 126
Transform: AffineTransform_float_3_3
Parameters: 1 -6.4687e-05 0.00112484 5.8802e-05 0.999986 0.00532463 -0.00112557 -0.00532526 0.999985 -0.0345785 -0.0343871 0.156116
FixedParameters: 0 0 0

#Transform 127
Transform: AffineTransform_float_3_3
Parameters: 0.999999 0.000505196 0.000944156 -0.000510134 0.999987 0.00518083 -0.000941737 -0.00518085 0.999987 -0.0397959 -0.0368591 0.311527
FixedParameters: 0 0 0

#Transform 128
Transform: AffineTransform_float_3_3
Parameters: 0.999999 -0.000266733 0.00130801 0.000259202 0.999986 0.00537619 -0.00130951 -0.00537526 0.999985 -0.0138561 0.0158798 0.290034
FixedParameters: 0 0 0

#Transform 129
Transform: AffineTransform_float_3_3
Parameters: 1 -0.000323507 0.000986291 0.000318217 0.999983 0.00586989 -0.000988546 -0.00586912 0.999982 -0.0305393 -0.0530938 0.228615
FixedParameters: 0 0 0

#Transform 130
Transform: AffineTransform_float_3_3
Parameters: 0.999999 -0.000635513 0.00165499 0.000626948 0.999987 0.004982 -0.00165822 -0.00498108 0.999986 -0.00655504 -0.0224711 0.368515
FixedParameters: 0 0 0

#Transform 131
Transform: AffineTransform_float_3_3
Parameters: 0.999999 0.000353024 0.000969437 -0.00035787 0.99999 0.004577 -0.000967819 -0.00457798 0.999989 0.000681041 -0.0140437 0.368423
FixedParameters: 0 0 0

#Transform 132
Transform: AffineTransform_float_3_3
Parameters: 0.999999 -0.000574438 0.00125642 0.000567491 0.999984 0.00564261 -0.0012594 -0.00564222 0.999984 -0.00644124 -0.00853018 0.333734
FixedParameters: 0 0 0

#Transform 133
Transform: AffineTransform_float_3_3
Parameters: 0.999998 1.64241e-05 0.00193628 -2.79159e-05 0.999983 0.00570443 -0.00193633 -0.00570484 0.999982 -0.0334051 -0.0394458 0.382246
FixedParameters: 0 0 0

#Transform 134
Transform: AffineTransform_float_3_3
Parameters: 0.999999 -0.000619682 0.00152447 0.000610613 0.99998 0.00628473 -0.00152862 -0.00628341 0.999979 -0.0120649 -0.0433692 0.421784
FixedParameters: 0 0 0

#Transform 135
Transform: AffineTransform_float_3_3
Parameters: 0.999999 -0.000834893 0.000708497 0.000830423 0.999983 0.00584556 -0.000713535 -0.0058447 0.999983 -0.0141513 -0.0933709 0.206714
FixedParameters: 0 0 0

#Transform 136
Transform: AffineTransform_float_3_3
Parameters: 0.999999 -0.000477194 0.00121805 0.000470542 0.999988 0.00477451 -0.00122026 -0.00477403 0.999988 -0.0181416 -0.0694801 0.381006
FixedParameters: 0 0 0

#Transform 137
Transform: AffineTransform_float_3_3
Parameters: 0.999999 -0.000791416 0.00120329 0.000784315 0.999982 0.00596209 -0.00120722 -0.00596044 0.999982 0.00420569 -0.0561669 0.315552
FixedParameters: 0 0 0

#Transform 138
Transform: AffineTransform_float_3_3
Parameters: 1 -0.000202101 0.0010422 0.000196049 0.999985 0.00547037 -0.00104291 -0.00547042 0.999984 -0.0229737 -0.0221446 0.393024
FixedParameters: 0 0 0

#Transform 139
Transform: AffineTransform_float_3_3
Parameters: 0.999999 -0.00116429 0.000663941 0.0011626 0.999992 0.00376675 -0.000668509 -0.00376612 0.999993 0.00757997 -0.02749 0.263581
FixedParameters: 0 0 0

#Transform 140
Transform: AffineTransform_float_3_3
Parameters: 0.999998 -0.00114303 0.00139868 0.0011362 0.999984 0.00550271 -0.00140451 -0.00550147 0.999984 -0.0364841 -0.106165 0.183133
FixedParameters: 0 0 0

#Transform 141
Transform: AffineTransform_float_3_3
Parameters: 0.999998 -0.00128236 0.00128114 0.00127654 0.999991 0.00415092 -0.00128688 -0.00414889 0.99999 0.02523 -0.010116 0.307438
FixedParameters: 0 0 0

#Transform 142
Transform: AffineTransform_float_3_3
Parameters: 0.999999 -0.000796223 0.00105335 0.000791974 0.999991 0.00420501 -0.00105687 -0.00420424 0.999991 0.0126557 -0.0268028 0.242617
FixedParameters: 0 0 0

#Transform 143
Transform: AffineTransform_float_3_3
Parameters: 0.999998 -0.0013913 0.00115878 0.00138632 0.999989 0.0043912 -0.00116479 -0.00438948 0.999989 0.0283974 -0.0563781 0.331738
FixedParameters: 0 0 0

#Transform 144
Transform: AffineTransform_float_3_3
Parameters: 0.999999 -0.0012355 0.000745723 0.00123194 0.999986 0.00507232 -0.000752057 -0.00507144 0.999987 0.0165491 -0.0462124 0.218199
FixedParameters: 0 0 0

#Transform 145
Transform: AffineTransform_float_3_3
Parameters: 0.999997 -0.00190559 0.00123602 0.00190029 0.999988 0.0044451 -0.00124458 -0.0044423 0.999989 0.0513467 0.0144013 0.355973
FixedParameters: 0 0 0

#Transform 146
Transform: AffineTransform_float_3_3
Parameters: 0.999998 -0.00117697 0.00141664 0.00116852 0.999983 0.00573753 -0.00142361 -0.00573585 0.999982 0.0110297 -0.0782784 0.356906
FixedParameters: 0 0 0

#Transform 147
Transform: AffineTransform_float_3_3
Parameters: 0.999997 -0.00182561 0.00147641 0.00181683 0.99998 0.00605008 -0.00148718 -0.00604725 0.999981 0.0165954 -0.0620977 0.293063
FixedParameters: 0 0 0

#Transform 148
Transform: AffineTransform_float_3_3
Parameters: 0.999999 -0.00108682 0.000854429 0.00108171 0.999982 0.00588129 -0.000860961 -0.0058803 0.999982 0.0424804 -0.0858179 0.391614
FixedParameters: 0 0 0

#Transform 149
Transform: AffineTransform_float_3_3
Parameters: 0.999998 -0.00163616 0.00135002 0.00162713 0.999977 0.00660443 -0.00136052 -0.00660223 0.999977 0.0264318 -0.0673499 0.413104
FixedParameters: 0 0 0

#Transform 150
Transform: AffineTransform_float_3_3
Parameters: 0.999997 -0.00166766 0.0014704 0.00165981 0.999985 0.00518311 -0.00147865 -0.00518133 0.999986 0.0430047 -0.0455589 0.36297
FixedParameters: 0 0 0

#Transform 151
Transform: AffineTransform_float_3_3
Parameters: 0.999996 -0.00206359 0.00193652 0.00205252 0.999981 0.00575429 -0.00194875 -0.00575058 0.999981 0.0465377 -0.0653147 0.363731
FixedParameters: 0 0 0

#Transform 152
Transform: AffineTransform_float_3_3
Parameters: 0.999997 -0.00203736 0.000717394 0.00203384 0.999983 0.00547281 -0.00072852 -0.00547154 0.999985 0.0383688 -0.0658338 0.193442
FixedParameters: 0 0 0

#Transform 153
Transform: AffineTransform_float_3_3
Parameters: 0.999997 -0.00155048 0.0016491 0.00154133 0.999985 0.00535187 -0.00165727 -0.00534997 0.999985 0.0456511 -0.0470869 0.404266
FixedParameters: 0 0 0

#Transform 154
Transform: AffineTransform_float_3_3
Parameters: 0.999997 -0.00147681 0.00167705 0.00146813 0.999987 0.00503332 -0.00168432 -0.00503054 0.999986 0.0433147 -0.0481833 0.292147
FixedParameters: 0 0 0

#Transform 155
Transform: AffineTransform_float_3_3
Parameters: 0.999997 -0.00213529 0.00174905 0.00212552 0.99998 0.00592084 -0.00176126 -0.00591678 0.999981 0.0411454 -0.0583019 0.312075
FixedParameters: 0 0 0

#Transform 156
Transform: AffineTransform_float_3_3
Parameters: 0.999999 -0.000869265 0.00166165 0.00086205 0.99999 0.00444597 -0.00166544 -0.00444447 0.999989 0.0265359 -0.0707687 0.283465
FixedParameters: 0 0 0

#Transform 157
Transform: AffineTransform_float_3_3
Parameters: 0.999995 -0.00187618 0.00246118 0.00186401 0.999987 0.00479607 -0.00247023 -0.00479083 0.999986 0.0562726 -0.0945395 0.260325
FixedParameters: 0 0 0

#Transform 158
Transform: AffineTransform_float_3_3
Parameters: 0.999998 -0.000703628 0.0016093 0.00069453 0.999983 0.00570285 -0.00161287 -0.00570193 0.999983 0.0370641 -0.118862 0.290795
FixedParameters: 0 0 0

#Transform 159
Transform: AffineTransform_float_3_3
Parameters: 0.999998 -0.000958047 0.00178332 0.000949237 0.999987 0.00511811 -0.00178895 -0.00511667 0.999985 0.0284538 -0.0220538 0.316814
FixedParameters: 0 0 0

#Transform 160
Transform: AffineTransform_float_3_3
Parameters: 0.999998 -0.00145714 0.00156795 0.00145005 0.999988 0.0046451 -0.00157398 -0.00464365 0.999988 0.0290412 -0.0297175 0.203815
FixedParameters: 0 0 0

#Transform 161
Transform: AffineTransform_float_3_3
Parameters: 0.999997 -0.00165584 0.00187854 0.00164667 0.999988 0.00470086 -0.00188592 -0.00469814 0.999987 0.0571398 -0.0422532 0.36255
FixedParameters: 0 0 0

#Transform 162
Transform: AffineTransform_float_3_3
Parameters: 0.999999 -0.000865636 0.00170489 0.000858278 0.99999 0.00429043 -0.00170882 -0.00428881 0.999989 0.0242584 -0.0558833 0.227587
FixedParameters: 0 0 0

#Transform 163
Transform: AffineTransform_float_3_3
Parameters: 0.999997 -0.00178902 0.00195313 0.00177853 0.999984 0.00538755 -0.00196264 -0.00538453 0.999984 0.0199661 -0.0879879 0.144448
FixedParameters: 0 0 0

#Transform 164
Transform: AffineTransform_float_3_3
Parameters: 0.999996 -0.00178099 0.00188409 0.00177448 0.999993 0.00328134 -0.00189006 -0.00327751 0.999993 0.0938256 -0.0615858 0.183035
FixedParameters: 0 0 0

#Transform 165
Transform: AffineTransform_float_3_3
Parameters: 0.999996 -0.00195587 0.00226187 0.00194649 0.999989 0.00415993 -0.00227001 -0.00415603 0.999988 0.104782 -0.00195308 0.308385
FixedParameters: 0 0 0

#Transform 166
Transform: AffineTransform_float_3_3
Parameters: 0.999997 -0.00123501 0.0019768 0.00122626 0.999991 0.0041047 -0.00198171 -0.0041015 0.999989 0.0658627 -0.027808 0.141178
FixedParameters: 0 0 0

#Transform 167
Transform: AffineTransform_float_3_3
Parameters: 0.999995 -0.00119731 0.00291213 0.00118438 0.999989 0.00452317 -0.0029176 -0.00451984 0.999986 0.0651193 -0.102618 0.370365
FixedParameters: 0 0 0

#Transform 168
Transform: AffineTransform_float_3_3
Parameters: 0.999995 -0.00123672 0.00288537 0.00122272 0.999987 0.00479881 -0.00289143 -0.00479538 0.999984 0.0410084 -0.0045197 0.177605
FixedParameters: 0 0 0

#Transform 169
Transform: AffineTransform_float_3_3
Parameters: 0.999995 -0.00135046 0.00303583 0.0013362 0.999988 0.00477354 -0.00304225 -0.00476944 0.999984 0.0667019 -0.0817979 0.352413
FixedParameters: 0 0 0

#Transform 170
Transform: AffineTransform_float_3_3
Parameters: 0.999996 -0.000700993 0.0029725 0.000689367 0.999992 0.00399588 -0.00297576 -0.00399444 0.999988 0.0579507 -0.028309 0.231386
FixedParameters: 0 0 0

#Transform 171
Transform: AffineTransform_float_3_3
Parameters: 0.999993 -0.00139425 0.00351942 0.00137502 0.999984 0.00541261 -0.00352701 -0.00540817 0.99998 0.0433301 -0.0978478 0.283933
FixedParameters: 0 0 0

#Transform 172
Transform: AffineTransform_float_3_3
Parameters: 0.999994 -0.000128587 0.00344575 0.000113477 0.999991 0.00427804 -0.00344602 -0.00427785 0.999985 0.06033 -0.048003 0.205418
FixedParameters: 0 0 0

#Transform 173
Transform: AffineTransform_float_3_3
Parameters: 0.999991 -0.000930539 0.00419911 0.000910274 0.999988 0.00484496 -0.00420414 -0.00484096 0.99998 0.0615459 -0.0798889 0.204704
FixedParameters: 0 0 0

#Transform 174
Transform: AffineTransform_float_3_3
Parameters: 0.999992 -0.000342168 0.00383033 0.000326167 0.999991 0.00419185 -0.00383186 -0.00419015 0.999984 0.0948599 -0.0797141 0.0835329
FixedParameters: 0 0 0

#Transform 175
Transform: AffineTransform_float_3_3
Parameters: 0.99999 -0.00125938 0.00433425 0.00124071 0.99999 0.00428001 -0.00433971 -0.00427485 0.999981 0.098551 -0.101956 0.161191
FixedParameters: 0 0 0

#Transform 176
Transform: AffineTransform_float_3_3
Parameters: 0.999992 -0.000548825 0.00385562 0.000533672 0.999992 0.00397605 -0.00385749 -0.00397483 0.999984 0.0794474 -0.0894589 0.0698188
FixedParameters: 0 0 0

#Transform 177
Transform: AffineTransform_float_3_3
Parameters: 0.999991 -0.00113272 0.00406395 0.00111877 0.999993 0.00359636 -0.00406752 -0.00359153 0.999985 0.106877 -0.0288771 0.129819
FixedParameters: 0 0 0

#Transform 178
Transform: AffineTransform_float_3_3
Parameters: 0.999993 -0.000910529 0.00361335 0.000897624 0.999992 0.00384811 -0.00361685 -0.00384487 0.999986 0.0914487 -0.106098 0.124
FixedParameters: 0 0 0

#Transform 179
Transform: AffineTransform_float_3_3
Parameters: 0.999994 -0.00131647 0.00339145 0.00130272 0.999991 0.00413725 -0.00339742 -0.00413296 0.999986 0.0909387 -0.0612284 0.142012
FixedParameters: 0 0 0

#Transform 180
Transform: AffineTransform_float_3_3
Parameters: 0.999994 -0.000981773 0.00335144 0.000967854 0.99999 0.00431893 -0.0033553 -0.00431507 0.999984 0.0542653 -0.0470496 0.214354
FixedParameters: 0 0 0

#Transform 181
Transform: AffineTransform_float_3_3
Parameters: 0.999993 -0.00181951 0.00324549 0.00180158 0.999983 0.00552782 -0.00325562 -0.00552211 0.99998 0.0584588 0.00937984 0.093771
FixedParameters: 0 0 0

#Transform 182
Transform: AffineTransform_float_3_3
Parameters: 0.999997 -0.000833108 0.00257321 0.000819338 0.999986 0.00524398 -0.00257807 -0.00524219 0.999983 0.0781364 -0.0976748 0.148764
FixedParameters: 0 0 0

#Transform 183
Transform: AffineTransform_float_3_3
Parameters: 0.999993 -0.00137489 0.00354443 0.0013568 0.999988 0.00487783 -0.00355046 -0.00487339 0.999982 0.084591 -0.0114655 0.138789
FixedParameters: 0 0 0

#Transform 184
Transform: AffineTransform_float_3_3
Parameters: 0.999995 -0.00162433 0.00278143 0.00161059 0.999987 0.00485532 -0.00278903 -0.00485022 0.999985 0.0363089 -0.0929014 0.0468711
FixedParameters: 0 0 0

#Transform 185
Transform: AffineTransform_float_3_3
Parameters: 0.999993 -0.00172111 0.00345345 0.00170654 0.99999 0.00423306 -0.00346012 -0.00422732 0.999985 0.0901405 -0.0409843 0.177404
FixedParameters: 0 0 0

#Transform 186
Transform: AffineTransform_float_3_3
Parameters: 0.999993 -0.00126129 0.00352222 0.00124535 0.999988 0.004649 -0.00352805 -0.00464502 0.999983 0.0491177 -0.0608485 0.137013
FixedParameters: 0 0 0

#Transform 187
Transform: AffineTransform_float_3_3
Parameters: 0.999993 -0.00210536 0.00321503 0.00208691 0.999982 0.00554936 -0.00322648 -0.00554207 0.999979 0.112168 -0.0343402 0.480419
FixedParameters: 0 0 0

#Transform 188
Transform: AffineTransform_float_3_3
Parameters: 0.999991 -0.00270546 0.00312693 0.00268079 0.999967 0.00768007 -0.00314786 -0.00767049 0.999965 0.0622774 -0.120586 0.321953
FixedParameters: 0 0 0

#Transform 189
Transform: AffineTransform_float_3_3
