#Insight Transform File V1.0
#Transform 0
Transform: AffineTransform_float_3_3
Parameters: 1 -0.000377662 0.000381141 0.000377817 1 -0.00090854 -0.000381289 0.000907959 0.999999 0.0146319 0.0141835 0.0643516
FixedParameters: 0 0 0

#Transform 1
Transform: AffineTransform_float_3_3
Parameters: 0.999999 0.000130978 0.000759317 -0.000130945 1 -0.00039075 -0.000760238 0.000390615 0.999999 0.000674205 -0.0237693 0.0893702
FixedParameters: 0 0 0

#Transform 2
Transform: AffineTransform_float_3_3
Parameters: 1 -6.73581e-05 5.30751e-05 6.7571e-05 1 -0.00112775 -5.28358e-05 0.00112775 1 0.000862086 -0.0256291 0.0151942
FixedParameters: 0 0 0

#Transform 3
Transform: AffineTransform_float_3_3
Parameters: 1 -9.23636e-05 0.000237889 9.24819e-05 1 -0.000248678 -0.000237844 0.000248722 1 -0.0114842 -0.0262076 0.0780175
FixedParameters: 0 0 0

#Transform 4
Transform: AffineTransform_float_3_3
Parameters: 1 -0.000182785 3.2994e-05 0.00018288 1 -0.000542968 -3.28196e-05 0.000543339 0.999999 0.00329863 -0.00330723 0.0110563
FixedParameters: 0 0 0

#Transform 5
Transform: AffineTransform_float_3_3
Parameters: 1 9.90653e-05 6.41186e-05 -9.89726e-05 0.999999 -0.000722169 -6.42617e-05 0.000722157 0.999999 0.000814607 -0.022829 0.0740389
FixedParameters: 0 0 0

#Transform 6
Transform: AffineTransform_float_3_3
Parameters: 1 6.95634e-05 0.000160109 -6.97328e-05 1 0.000529621 -0.000160035 -0.000529644 1 -0.00518577 0.0402655 0.0470919
FixedParameters: 0 0 0

#Transform 7
Transform: AffineTransform_float_3_3
Parameters: 1 -0.000107656 0.000129343 0.000107835 1 -0.000692178 -0.000129194 0.000692207 1 -0.00649831 -0.0176703 0.0370892
FixedParameters: 0 0 0

#Transform 8
Transform: AffineTransform_float_3_3
Parameters: 1 0.000126221 -2.94115e-05 -0.000126254 1 -0.000550232 2.92726e-05 0.00055024 1 -0.0110122 -0.0291786 0.0255199
FixedParameters: 0 0 0

#Transform 9
Transform: AffineTransform_float_3_3
Parameters: 1 -0.000110127 -0.000154499 0.000109844 1 -0.00098908 0.000154701 0.000988114 0.999999 -0.00118573 -0.041027 0.0288785
FixedParameters: 0 0 0

#Transform 10
Transform: AffineTransform_float_3_3
Parameters: 1 -0.000145514 -0.000372852 0.000145106 1 -0.000546053 0.000373011 0.000545946 1 0.00122391 -0.032582 -0.0207256
FixedParameters: 0 0 0

#Transform 11
Transform: AffineTransform_float_3_3
Parameters: 1 -3.35377e-06 -0.000321373 2.7968e-06 0.999999 -0.000975614 0.000321482 0.000976543 1 -0.000613104 -0.0548985 0.00921962
FixedParameters: 0 0 0

#Transform 12
Transform: AffineTransform_float_3_3
Parameters: 1 0.00027274 -0.000279411 -0.000272477 1 -0.000532022 0.00027994 0.000532112 1 -0.013508 -0.02926 -0.0205346
FixedParameters: 0 0 0

#Transform 13
Transform: AffineTransform_float_3_3
Parameters: 1 0.000237945 -0.000397042 -0.000238756 1 -0.00113923 0.000396587 0.00113942 1 -0.0154387 -0.0695491 0.012799
FixedParameters: 0 0 0

#Transform 14
Transform: AffineTransform_float_3_3
Parameters: 1 0.000155605 -4.53587e-05 -0.000155632 1 -0.000297677 4.52661e-05 0.000297691 1 -0.00062178 -0.0139377 0.0483506
FixedParameters: 0 0 0

#Transform 15
Transform: AffineTransform_float_3_3
Parameters: 1 0.000158636 7.14167e-05 -0.000158633 1 -1.84597e-05 -7.14225e-05 1.8437e-05 1 -0.00118298 0.000424202 0.0343207
FixedParameters: 0 0 0

#Transform 16
Transform: AffineTransform_float_3_3
Parameters: 1 -0.000199497 -0.000333907 0.000199395 1 -0.000153453 0.000333969 0.000153321 1 0.00512656 0.01825 0.0898698
FixedParameters: 0 0 0

#Transform 17
Transform: AffineTransform_float_3_3
Parameters: 1 0.000231762 -0.000200514 -0.000231473 0.999999 0.000720058 0.000200847 -0.000719967 0.999999 -0.00101417 0.00273542 0.0487871
FixedParameters: 0 0 0

#Transform 18
Transform: AffineTransform_float_3_3
Parameters: 1 -5.24939e-05 7.93941e-05 5.24634e-05 1 0.000192384 -7.94143e-05 -0.000192376 1 0.00196014 0.0221784 0.0105514
FixedParameters: 0 0 0

#Transform 19
Transform: AffineTransform_float_3_3
Parameters: 1 -3.78496e-05 -0.000130599 3.78677e-05 1 6.96029e-05 0.000130594 -6.96129e-05 1 0.00482761 0.0335677 0.0524635
FixedParameters: 0 0 0

#Transform 20
Transform: AffineTransform_float_3_3
Parameters: 1 5.44957e-05 4.98285e-06 -5.44971e-05 1 0.000143444 -4.9672e-06 -0.000143445 1 0.000943571 0.0164607 0.0241385
FixedParameters: 0 0 0

#Transform 21
Transform: AffineTransform_float_3_3
Parameters: 1 0.000242791 0.000263666 -0.000242936 1 0.000273765 -0.000263533 -0.000273894 1 -0.0100101 -0.0162504 0.0866625
FixedParameters: 0 0 0

#Transform 22
Transform: AffineTransform_float_3_3
Parameters: 1 0.000104155 -3.81737e-05 -0.000103624 1 -0.000387475 3.89115e-05 0.00038742 1 -0.00165955 -0.00161511 -0.00809348
FixedParameters: 0 0 0

#Transform 23
Transform: AffineTransform_float_3_3
Parameters: 1 -0.000254029 -0.00034508 0.000253418 0.999999 -0.000884817 0.000345529 0.000884644 0.999999 0.00523976 -0.0369423 0.0345184
FixedParameters: 0 0 0

#Transform 24
Transform: AffineTransform_float_3_3
Parameters: 1 0.000196963 0.000323558 -0.000196549 1 -0.000638942 -0.00032381 0.000638816 0.999999 -0.00464629 -0.0154525 -0.00372989
FixedParameters: 0 0 0

#Transform 25
Transform: AffineTransform_float_3_3
Parameters: 1 -8.92373e-05 -2.54817e-05 8.91905e-05 0.999999 -0.000911578 2.56443e-05 0.000911575 0.999999 0.0181273 -0.028414 -0.0366094
FixedParameters: 0 0 0

#Transform 26
Transform: AffineTransform_float_3_3
Parameters: 1 -0.00037249 0.000295943 0.000372682 1 -0.000324712 -0.000295701 0.000324933 1 0.032292 0.012311 0.0426126
FixedParameters: 0 0 0

#Transform 27
Transform: AffineTransform_float_3_3
Parameters: 1 -6.01147e-05 0.000569135 6.08574e-05 1 -0.00106245 -0.000569738 0.00106258 1 0.0211748 0.0432722 0.0101127
FixedParameters: 0 0 0

#Transform 28
Transform: AffineTransform_float_3_3
Parameters: 1 -0.000484947 0.000364448 0.000485611 1 -0.000880378 -0.00036361 0.000879799 0.999999 0.03007 0.0148948 0.0767688
FixedParameters: 0 0 0

#Transform 29
Transform: AffineTransform_float_3_3
Parameters: 1 -0.000446253 7.64547e-05 0.000446549 0.999999 -0.0013408 -7.51706e-05 0.00134086 0.999999 0.0203911 -0.000288683 -0.0375069
FixedParameters: 0 0 0

#Transform 30
Transform: AffineTransform_float_3_3
Parameters: 0.999999 -0.000689207 1.13907e-05 0.00068877 0.999998 -0.00145559 -1.01162e-05 0.00145566 0.999999 0.0328687 0.0272917 0.0230764
FixedParameters: 0 0 0

#Transform 31
Transform: AffineTransform_float_3_3
Parameters: 1 -0.000533716 -0.000101577 0.000532973 0.999998 -0.00180527 0.000102859 0.00180522 0.999999 0.0286698 0.0207581 -0.0248873
FixedParameters: 0 0 0

#Transform 32
Transform: AffineTransform_float_3_3
Parameters: 1 -0.000554107 -7.99569e-05 0.000553423 0.999999 -0.00133922 8.0709e-05 0.00133919 0.999999 0.0205623 0.0204039 -0.0074004
FixedParameters: 0 0 0

#Transform 33
Transform: AffineTransform_float_3_3
Parameters: 1 -0.000567789 -6.53905e-05 0.000567246 1 -0.00102518 6.5799e-05 0.00102552 1 0.0300568 0.0498909 -0.0242758
FixedParameters: 0 0 0

#Transform 34
Transform: AffineTransform_float_3_3
Parameters: 1 -0.000554107 -7.99569e-05 0.000553423 0.999999 -0.00133922 8.0709e-05 0.00133919 0.999999 0.0281102 0.0215574 -0.0385774
FixedParameters: 0 0 0

#Transform 35
Transform: AffineTransform_float_3_3
Parameters: 1 -0.000575346 -5.74756e-05 0.000574686 0.999999 -0.000854202 5.76395e-05 0.000854201 0.999999 0.029823 0.0112081 -0.0438642
FixedParameters: 0 0 0

#Transform 36
Transform: AffineTransform_float_3_3
Parameters: 1 -0.000560384 -7.32808e-05 0.00055974 0.999999 -0.00119551 7.38887e-05 0.00119549 1 0.0256373 -0.00863677 -0.0630906
FixedParameters: 0 0 0

#Transform 37
Transform: AffineTransform_float_3_3
Parameters: 1 -0.000574779 -5.80779e-05 0.000574116 0.999999 -0.000867176 5.82557e-05 0.000867174 0.999999 0.00545116 -0.0494439 -0.0328402
FixedParameters: 0 0 0

#Transform 38
Transform: AffineTransform_float_3_3
Parameters: 1 -0.000563127 -6.32322e-05 0.000562523 1 -0.00106784 6.3703e-05 0.00106783 1 -0.0105903 -0.0523081 -0.0630451
FixedParameters: 0 0 0

#Transform 39
Transform: AffineTransform_float_3_3
Parameters: 0.999999 -0.000751532 0.000206346 0.000752356 1 -0.000995735 -0.00020617 0.000996454 1 0.00623245 -0.0267793 -0.00976018
FixedParameters: 0 0 0

#Transform 40
Transform: AffineTransform_float_3_3
Parameters: 0.999999 -0.000717548 2.26436e-05 0.000717998 0.999998 -0.00167028 -2.15597e-05 0.00166943 0.999999 0.00544898 -0.0166518 -0.0514912
FixedParameters: 0 0 0

#Transform 41
Transform: AffineTransform_float_3_3
Parameters: 0.999999 -0.000804973 2.98438e-05 0.000804596 0.999998 -0.00157473 -2.80404e-05 0.00157484 0.999999 0.0187007 0.00607671 -0.0275258
FixedParameters: 0 0 0

#Transform 42
Transform: AffineTransform_float_3_3
Parameters: 0.999999 -0.000699097 -0.000255372 0.000698668 0.999999 -0.00101883 0.000256883 0.00101847 1 0.00501115 -0.00931208 -0.0770615
FixedParameters: 0 0 0

#Transform 43
Transform: AffineTransform_float_3_3
Parameters: 0.999999 -0.000675919 -0.000280058 0.000675402 0.999998 -0.00155175 0.000280857 0.00155143 0.999999 0.0181268 -0.0105243 -0.0155443
FixedParameters: 0 0 0

#Transform 44
Transform: AffineTransform_float_3_3
Parameters: 0.999999 -0.000825959 -0.000477189 0.00082507 0.999999 -0.0013622 0.000478117 0.00136182 0.999999 0.0423286 0.00491719 -0.0898782
FixedParameters: 0 0 0

#Transform 45
Transform: AffineTransform_float_3_3
Parameters: 1 -0.000482722 -4.59397e-05 0.000482164 0.999998 -0.00197196 4.71985e-05 0.00197197 0.999998 0.0364457 0.0440992 -0.017271
FixedParameters: 0 0 0

#Transform 46
Transform: AffineTransform_float_3_3
Parameters: 1 -0.000439567 0.000238772 0.000439548 1 4.07778e-05 -0.000238809 -4.05679e-05 1 0.0316794 0.0546902 0.0342739
FixedParameters: 0 0 0

#Transform 47
Transform: AffineTransform_float_3_3
Parameters: 1 -0.000331212 0.000427261 0.000331502 1 0.000317264 -0.000426654 -0.000317045 1 0.0141523 1.52741e-06 0.00570439
FixedParameters: 0 0 0

#Transform 48
Transform: AffineTransform_float_3_3
Parameters: 0.999999 -0.000720639 0.000186614 0.000720744 0.999999 -0.000283698 -0.000186205 0.000283967 1 0.0256689 -0.0443684 -0.0203377
FixedParameters: 0 0 0

#Transform 49
Transform: AffineTransform_float_3_3
Parameters: 0.999999 -0.000851582 -0.000331617 0.000851026 1 0.000311358 0.000331629 -0.000311556 0.999999 0.0214589 -0.0401215 -0.000243202
FixedParameters: 0 0 0

#Transform 50
Transform: AffineTransform_float_3_3
Parameters: 1 -0.000411923 -7.91852e-05 0.000411961 1 0.000243161 7.89847e-05 -0.000243226 1 0.0177255 -0.0188977 -0.060158
FixedParameters: 0 0 0

#Transform 51
Transform: AffineTransform_float_3_3
Parameters: 1 -0.000640988 0.000140678 0.000640911 1 0.000270018 -0.000141024 -0.000269838 1 0.0249479 -0.0246077 -0.0492
FixedParameters: 0 0 0

#Transform 52
Transform: AffineTransform_float_3_3
Parameters: 1 -0.000697988 4.72154e-05 0.000697999 0.999999 -0.000129963 -4.70342e-05 0.000130029 1 0.0331489 -0.037512 -0.052535
FixedParameters: 0 0 0

#Transform 53
Transform: AffineTransform_float_3_3
Parameters: 0.999999 -0.000727968 0.000193121 0.000728042 0.999999 -0.000192131 -0.000192841 0.000192413 1 0.0355672 -0.0139531 -0.0203643
FixedParameters: 0 0 0

#Transform 54
Transform: AffineTransform_float_3_3
Parameters: 1 -0.000692113 0.0001647 0.000693074 0.999999 -0.000425768 -0.000164676 0.000425988 1 0.0348059 0.00352695 -0.0489634
FixedParameters: 0 0 0

#Transform 55
Transform: AffineTransform_float_3_3
Parameters: 0.999999 -0.000712225 0.000179263 0.00071236 0.999999 -0.00038119 -0.00017872 0.000381446 1 0.0345858 -0.02741 -0.0271134
FixedParameters: 0 0 0

#Transform 56
Transform: AffineTransform_float_3_3
Parameters: 0.999999 -0.00071499 0.000182172 0.000715105 0.999999 -0.000318317 -0.000181717 0.000318578 1 0.0171519 -0.0167556 -0.0323494
FixedParameters: 0 0 0

#Transform 57
Transform: AffineTransform_float_3_3
Parameters: 0.999999 -0.000862274 -0.000172548 0.000862172 0.999999 -0.000292353 0.000173052 0.000292056 1 0.0270697 -0.0210496 -0.0274805
FixedParameters: 0 0 0

#Transform 58
Transform: AffineTransform_float_3_3
Parameters: 1 -0.000197441 0.000221854 0.000197577 1 -0.000306617 -0.000221733 0.000306705 1 0.0320675 0.052715 0.0138589
FixedParameters: 0 0 0

#Transform 59
Transform: AffineTransform_float_3_3
Parameters: 1 -0.000403444 -2.41382e-05 0.000403452 1 0.000180848 2.39922e-05 -0.000180868 1 0.0353776 0.01553 0.0437734
FixedParameters: 0 0 0

#Transform 60
Transform: AffineTransform_float_3_3
Parameters: 1 -0.000537947 5.07263e-05 0.000538132 1 -0.000910726 -4.96592e-05 0.000910778 1 0.0303748 0.000236355 -0.0250333
FixedParameters: 0 0 0

#Transform 61
Transform: AffineTransform_float_3_3
Parameters: 0.999999 -0.000717831 -0.000249875 0.000718208 0.999999 -0.00102649 0.000250886 0.00102706 1 0.0346925 -0.0405371 -0.0532561
FixedParameters: 0 0 0

#Transform 62
Transform: AffineTransform_float_3_3
Parameters: 0.999999 -0.000759959 -2.4905e-05 0.000759444 1 -0.00093094 2.55882e-05 0.000930962 1 0.0262076 -0.0396509 -0.0407783
FixedParameters: 0 0 0

#Transform 63
Transform: AffineTransform_float_3_3
Parameters: 0.999999 -0.000871893 -0.000247217 0.000870786 0.999997 -0.00218713 0.000249087 0.00218681 0.999998 0.0420389 -0.0290611 -0.0508475
FixedParameters: 0 0 0

#Transform 64
Transform: AffineTransform_float_3_3
Parameters: 0.999999 -0.000692724 -0.00048068 0.000692717 0.999999 -0.000933536 0.000481511 0.000933792 1 0.0271281 -0.0172739 -0.0575331
FixedParameters: 0 0 0

#Transform 65
Transform: AffineTransform_float_3_3
Parameters: 0.999999 -0.000581566 -0.000407481 0.000580578 0.999998 -0.00164389 0.000408094 0.00164347 0.999998 0.0247023 -0.0163375 -0.0735253
FixedParameters: 0 0 0

#Transform 66
Transform: AffineTransform_float_3_3
Parameters: 1 -0.000528813 -0.000225148 0.000528507 0.999999 -0.000679063 0.000225866 0.000678825 0.999999 0.0142233 -0.0126623 -0.0551862
FixedParameters: 0 0 0

#Transform 67
Transform: AffineTransform_float_3_3
Parameters: 0.999999 -0.000647046 -0.000460411 0.0006463 0.999999 -0.00125787 0.000460717 0.00125769 0.999999 0.0147413 0.00435954 -0.072898
FixedParameters: 0 0 0

#Transform 68
Transform: AffineTransform_float_3_3
Parameters: 0.999999 -0.000634882 -0.000399046 0.000634587 1 -0.000857906 0.00039883 0.000858742 0.999999 0.0199228 -8.08668e-05 -0.0251647
FixedParameters: 0 0 0

#Transform 69
Transform: AffineTransform_float_3_3
Parameters: 0.999999 -0.000697899 -0.000674023 0.00069635 0.999999 -0.00145463 0.000674729 0.0014541 0.999998 0.0264309 -0.00279486 -0.0605138
FixedParameters: 0 0 0

#Transform 70
Transform: AffineTransform_float_3_3
Parameters: 1 -0.000911269 -0.000349925 0.00091124 0.999998 -0.00171625 0.000351189 0.00171565 0.999999 0.039175 -0.0091268 -0.0707409
FixedParameters: 0 0 0

#Transform 71
Transform: AffineTransform_float_3_3
Parameters: 0.999999 -0.00104317 -0.00062165 0.00104242 0.999998 -0.00152974 0.000622993 0.00152942 0.999999 0.0260072 -0.0273407 -0.0935046
FixedParameters: 0 0 0

#Transform 72
Transform: AffineTransform_float_3_3
Parameters: 1 -0.000867696 -0.000730807 0.000867386 0.999999 -0.000797801 0.000731617 0.000797815 0.999999 0.0158385 -0.0100828 -0.0347956
FixedParameters: 0 0 0

#Transform 73
Transform: AffineTransform_float_3_3
Parameters: 1 -0.000977026 -0.000664859 0.000975579 0.999999 -0.00137982 0.000666248 0.00137986 0.999999 0.0173872 -0.0349249 -0.0566952
FixedParameters: 0 0 0

#Transform 74
Transform: AffineTransform_float_3_3
Parameters: 0.999999 -0.00118441 -0.000515585 0.0011837 0.999999 -0.000990531 0.000516522 0.000989722 0.999999 0.0136811 -0.00611476 -0.0657634
FixedParameters: 0 0 0

#Transform 75
Transform: AffineTransform_float_3_3
Parameters: 1 -0.000948379 -0.000686133 0.00094751 0.999998 -0.00147146 0.000687075 0.00147114 0.999999 0.0316109 -0.0242203 -0.0364049
FixedParameters: 0 0 0

#Transform 76
Transform: AffineTransform_float_3_3
Parameters: 1 -0.00086052 -0.000738515 0.000859914 0.999999 -0.000965603 0.000739609 0.000964324 1 0.0144672 -0.0254785 -0.0575433
FixedParameters: 0 0 0

#Transform 77
Transform: AffineTransform_float_3_3
Parameters: 1 -0.000956496 -0.000675336 0.000955822 0.999999 -0.00114946 0.000676943 0.00114851 0.999999 0.0137459 -0.0504711 -0.0728675
FixedParameters: 0 0 0

#Transform 78
Transform: AffineTransform_float_3_3
Parameters: 1 -0.000821115 -0.000699147 0.000819795 0.999999 -0.00112997 0.000699616 0.00112888 0.999999 0.00766788 -0.0225101 -0.0991889
FixedParameters: 0 0 0

#Transform 79
Transform: AffineTransform_float_3_3
Parameters: 0.999999 -0.00100517 -0.000958555 0.00100396 0.999999 -0.00105711 0.000960112 0.00105517 0.999999 0.01679 -0.0406878 -0.0804881
FixedParameters: 0 0 0

#Transform 80
Transform: AffineTransform_float_3_3
Parameters: 0.999998 -0.00131075 -0.000943233 0.00130929 0.999999 -0.000976122 0.000944484 0.000974992 0.999999 0.0233973 0.00209464 -0.0786044
FixedParameters: 0 0 0

#Transform 81
Transform: AffineTransform_float_3_3
Parameters: 0.999999 -0.00124041 -0.000946729 0.00123896 0.999999 -0.000972817 0.000947835 0.000971811 0.999999 0.0291541 0.02047 -0.140832
FixedParameters: 0 0 0

#Transform 82
Transform: AffineTransform_float_3_3
Parameters: 1 -0.000914531 -0.000658504 0.000912917 0.999998 -0.0014742 0.000659916 0.00147398 0.999999 0.0253534 -0.0262332 -0.0811899
FixedParameters: 0 0 0

#Transform 83
Transform: AffineTransform_float_3_3
Parameters: 0.999999 -0.000966777 -0.00100255 0.000964934 0.999998 -0.00197809 0.00100402 0.00197748 0.999997 0.0319301 -0.0125856 -0.17161
FixedParameters: 0 0 0

#Transform 84
Transform: AffineTransform_float_3_3
Parameters: 0.999999 -0.00118632 -0.000692845 0.00118488 0.999997 -0.00198003 0.000695755 0.00197972 0.999998 0.0527598 -0.0286795 -0.149742
FixedParameters: 0 0 0

#Transform 85
Transform: AffineTransform_float_3_3
Parameters: 0.999999 -0.00128149 -0.00044684 0.00128061 0.999998 -0.00133664 0.000448855 0.00133591 0.999999 0.0358279 -0.00854055 -0.146275
FixedParameters: 0 0 0

#Transform 86
Transform: AffineTransform_float_3_3
Parameters: 0.999999 -0.00140897 -0.000350479 0.00140904 0.999998 -0.0017368 0.000353461 0.00173657 0.999998 0.0368597 -0.0401833 -0.129691
FixedParameters: 0 0 0

#Transform 87
Transform: AffineTransform_float_3_3
Parameters: 0.999999 -0.00113798 -0.000616752 0.00113679 0.999997 -0.00197404 0.000619481 0.00197361 0.999998 0.039921 0.0161611 -0.0495263
FixedParameters: 0 0 0

#Transform 88
Transform: AffineTransform_float_3_3
Parameters: 0.999999 -0.00136509 -0.000419846 0.00136479 0.999997 -0.00182456 0.000422938 0.00182381 0.999998 0.037957 -0.00392872 -0.136332
FixedParameters: 0 0 0

#Transform 89
Transform: AffineTransform_float_3_3
Parameters: 0.999999 -0.00117778 -0.000335795 0.00117799 0.999998 -0.00139129 0.000337098 0.0013909 0.999999 0.0367662 -0.0127916 -0.0748412
FixedParameters: 0 0 0

#Transform 90
Transform: AffineTransform_float_3_3
Parameters: 0.999999 -0.0011248 -0.000485963 0.00112462 0.999998 -0.0014327 0.000487314 0.00143294 0.999999 0.0284501 0.00831573 -0.0886083
FixedParameters: 0 0 0

#Transform 91
Transform: AffineTransform_float_3_3
Parameters: 0.999998 -0.00146936 -0.000607259 0.0014687 0.999999 -0.000853013 0.000608331 0.000851998 0.999999 0.0400459 -0.0593157 -0.0674973
FixedParameters: 0 0 0

#Transform 92
Transform: AffineTransform_float_3_3
Parameters: 0.999999 -0.00122966 -0.000777258 0.0012282 0.999998 -0.00115211 0.000778808 0.00115118 1 0.0270539 0.0287326 -0.0729333
FixedParameters: 0 0 0

#Transform 93
Transform: AffineTransform_float_3_3
Parameters: 0.999999 -0.00131187 -0.000719491 0.00131145 0.999999 -0.00108208 0.000720353 0.0010806 0.999999 0.0310732 -0.023589 -0.0300455
FixedParameters: 0 0 0

#Transform 94
Transform: AffineTransform_float_3_3
Parameters: 0.999999 -0.00113428 -0.000430417 0.00113392 1 -0.000795829 0.000430812 0.000795265 1 0.0193407 -0.0276991 -0.0676083
FixedParameters: 0 0 0

#Transform 95
Transform: AffineTransform_float_3_3
Parameters: 0.999999 -0.00122013 -0.000624309 0.00121955 0.999998 -0.00143259 0.000625932 0.00143239 0.999999 0.0375068 -0.0391324 -0.0682003
FixedParameters: 0 0 0

#Transform 96
Transform: AffineTransform_float_3_3
Parameters: 0.999999 -0.00114896 -0.000476113 0.00114831 0.999999 -0.00101983 0.000477046 0.00101915 0.999999 0.0157839 -0.00862619 -0.0907402
FixedParameters: 0 0 0

#Transform 97
Transform: AffineTransform_float_3_3
Parameters: 1 -0.00106306 -0.000386194 0.00106234 0.999999 -0.00133979 0.000387633 0.00133939 0.999999 0.02218 -0.0703039 -0.0309584
FixedParameters: 0 0 0

#Transform 98
Transform: AffineTransform_float_3_3
Parameters: 1 -0.00111355 -0.000396856 0.00111376 0.999999 -0.000765091 0.000397993 0.000764198 1 0.01355 -0.0267049 -0.0675283
FixedParameters: 0 0 0

#Transform 99
Transform: AffineTransform_float_3_3
Parameters: 0.999999 -0.00124846 -0.00060148 0.00124832 0.999999 -0.000843175 0.000602993 0.00084202 0.999999 0.0375788 -0.0605556 -0.0456573
FixedParameters: 0 0 0

#Transform 100
Transform: AffineTransform_float_3_3
Parameters: 1 -0.00100854 -0.000271608 0.00100825 0.999999 -0.00101568 0.000272272 0.00101519 1 0.0102069 -0.0409414 -0.0619469
FixedParameters: 0 0 0

#Transform 101
Transform: AffineTransform_float_3_3
Parameters: 0.999999 -0.00118022 -0.000571139 0.00117975 0.999998 -0.00147634 0.000572751 0.00147632 0.999999 0.0213827 -0.0457086 -0.13068
FixedParameters: 0 0 0

#Transform 102
Transform: AffineTransform_float_3_3
Parameters: 0.999999 -0.00124998 -0.000101053 0.00124932 0.999999 -0.000755853 0.0001021 0.000756022 1 0.0100069 -0.0589844 -0.0598565
FixedParameters: 0 0 0

#Transform 103
Transform: AffineTransform_float_3_3
Parameters: 0.999999 -0.00100193 -0.000278486 0.0010017 0.999999 -0.0011657 0.0002795 0.00116555 0.999999 0.00935999 -0.0229494 -0.10132
FixedParameters: 0 0 0

#Transform 104
Transform: AffineTransform_float_3_3
Parameters: 0.999999 -0.00148845 -0.00034097 0.0014881 0.999998 -0.000977875 0.000342471 0.000977271 1 0.0212185 -0.0757949 -0.061115
FixedParameters: 0 0 0

#Transform 105
Transform: AffineTransform_float_3_3
Parameters: 0.999999 -0.00150758 -0.000256182 0.0015074 0.999998 -0.000982576 0.000257735 0.000982214 1 0.0221718 -0.0119912 -0.105261
FixedParameters: 0 0 0

#Transform 106
Transform: AffineTransform_float_3_3
Parameters: 0.999998 -0.00159437 -0.000382167 0.001594 0.999998 -0.000981 0.000383861 0.00098055 0.999999 0.0237213 -0.0915512 -0.0263962
FixedParameters: 0 0 0

#Transform 107
Transform: AffineTransform_float_3_3
Parameters: 0.999999 -0.00132765 4.77392e-06 0.00132716 0.999999 -0.000986537 -2.99711e-06 0.00098697 1 0.019144 -0.0517613 -0.0503919
FixedParameters: 0 0 0

#Transform 108
Transform: AffineTransform_float_3_3
Parameters: 0.999998 -0.00156223 -0.000344963 0.00156181 0.999998 -0.00106912 0.000346893 0.00106845 0.999999 0.0231093 -0.0701097 -0.0504071
FixedParameters: 0 0 0

#Transform 109
Transform: AffineTransform_float_3_3
Parameters: 0.999998 -0.00157674 -0.000329765 0.00157664 0.999999 -0.000734114 0.000330646 0.000733843 0.999999 0.0358173 -0.0290829 -0.0660147
FixedParameters: 0 0 0

#Transform 110
Transform: AffineTransform_float_3_3
Parameters: 0.999998 -0.00164062 -0.000298387 0.00163953 0.999997 -0.00156063 0.000301365 0.00156011 0.999999 0.0418513 -0.0192352 -0.0738149
FixedParameters: 0 0 0

#Transform 111
Transform: AffineTransform_float_3_3
Parameters: 0.999998 -0.00157497 -0.000331633 0.00157478 0.999998 -0.000775709 0.000332667 0.000775076 1 0.057813 -0.00380011 -0.136192
FixedParameters: 0 0 0

#Transform 112
Transform: AffineTransform_float_3_3
Parameters: 0.999998 -0.00197289 -0.000423773 0.00197247 0.999997 -0.000823501 0.0004255 0.0008226 0.999999 0.0654614 -0.0346405 -0.076655
FixedParameters: 0 0 0

#Transform 113
Transform: AffineTransform_float_3_3
Parameters: 0.999999 -0.00180558 5.60499e-05 0.00180511 0.999998 -0.000662405 -5.46108e-05 0.000663389 1 0.0618358 -0.0248945 -0.0721959
FixedParameters: 0 0 0

#Transform 114
Transform: AffineTransform_float_3_3
Parameters: 0.999997 -0.00238705 -7.2866e-05 0.00238718 0.999997 -0.000577379 7.39976e-05 0.000576872 1 0.0730331 -0.000662298 -0.0531701
FixedParameters: 0 0 0

#Transform 115
Transform: AffineTransform_float_3_3
Parameters: 0.999997 -0.00217499 7.89089e-05 0.00217489 0.999997 -0.000976643 -7.70148e-05 0.000976886 1 0.0628794 -0.0193181 -0.0610098
FixedParameters: 0 0 0

#Transform 116
Transform: AffineTransform_float_3_3
Parameters: 0.999998 -0.00222262 0.000109958 0.00222257 0.999997 -0.00109466 -0.000107556 0.00109541 0.999999 0.0631045 -0.000556334 -0.0366788
FixedParameters: 0 0 0

#Transform 117
Transform: AffineTransform_float_3_3
Parameters: 0.999998 -0.00224382 -0.000120892 0.00224339 0.999993 -0.00294389 0.000127013 0.00294381 0.999996 0.0879426 0.0241724 -0.106753
FixedParameters: 0 0 0

#Transform 118
Transform: AffineTransform_float_3_3
Parameters: 0.999998 -0.00216826 0.000293673 0.00216862 0.999997 -0.00117181 -0.000291048 0.00117205 0.999999 0.0796348 -0.0639468 -0.128333
FixedParameters: 0 0 0

#Transform 119
Transform: AffineTransform_float_3_3
Parameters: 0.999997 -0.00216215 0.000181567 0.00216235 0.999996 -0.0012442 -0.00017854 0.00124488 0.999999 0.0755543 -0.0107098 -0.0954198
FixedParameters: 0 0 0

#Transform 120
Transform: AffineTransform_float_3_3
Parameters: 0.999999 -0.00182169 -0.000167093 0.00182182 0.999998 -0.00113517 0.00016833 0.0011341 1 0.0626626 -0.0121859 -0.0919804
FixedParameters: 0 0 0

#Transform 121
Transform: AffineTransform_float_3_3
Parameters: 0.999998 -0.00187883 -0.000148378 0.00187771 0.999995 -0.00252574 0.000153611 0.00252576 0.999997 0.081168 -0.0168988 -0.0891711
FixedParameters: 0 0 0

#Transform 122
Transform: AffineTransform_float_3_3
Parameters: 0.999999 -0.00168393 -4.15948e-05 0.00168438 0.999997 -0.00182016 4.49153e-05 0.00181955 0.999999 0.0752493 -1.61888e-05 -0.155749
FixedParameters: 0 0 0

#Transform 123
Transform: AffineTransform_float_3_3
Parameters: 0.999999 -0.00175834 0.000238014 0.00175887 0.999996 -0.00216715 -0.000234854 0.00216671 0.999998 0.0832329 -0.0109012 -0.125765
FixedParameters: 0 0 0

#Transform 124
Transform: AffineTransform_float_3_3
Parameters: 0.999997 -0.00214406 4.81593e-05 0.00214348 0.999996 -0.00162517 -4.42767e-05 0.00162533 0.999999 0.0804609 -0.00438565 -0.184508
FixedParameters: 0 0 0

#Transform 125
Transform: AffineTransform_float_3_3
Parameters: 0.999999 -0.00148077 0.000243456 0.00148101 0.999997 -0.00190736 -0.000240781 0.00190768 0.999998 0.0583612 0.0322149 -0.101695
FixedParameters: 0 0 0

#Transform 126
Transform: AffineTransform_float_3_3
Parameters: 0.999998 -0.0018948 0.00022136 0.00189511 0.999997 -0.00128044 -0.000218861 0.00128118 0.999999 0.0732856 0.00568798 -0.140662
FixedParameters: 0 0 0

#Transform 127
Transform: AffineTransform_float_3_3
Parameters: 0.999998 -0.00213313 2.83953e-05 0.00213308 0.999995 -0.00245893 -2.37769e-05 0.00245818 0.999997 0.10015 0.0553587 -0.047469
FixedParameters: 0 0 0

#Transform 128
Transform: AffineTransform_float_3_3
Parameters: 0.999998 -0.00180564 0.000650809 0.00180594 0.999998 -0.00110623 -0.000648575 0.00110814 0.999999 0.0760642 0.0278553 -0.146468
FixedParameters: 0 0 0

#Transform 129
Transform: AffineTransform_float_3_3
Parameters: 0.999998 -0.00189785 0.000465851 0.00189852 0.999997 -0.0015726 -0.000463068 0.0015734 0.999998 0.083979 0.00647419 -0.0758025
FixedParameters: 0 0 0

#Transform 130
Transform: AffineTransform_float_3_3
Parameters: 0.999999 -0.00172318 0.000592813 0.00172391 0.999998 -0.00110008 -0.000589965 0.00110161 0.999999 0.0663191 -0.0134632 -0.112002
FixedParameters: 0 0 0

#Transform 131
Transform: AffineTransform_float_3_3
Parameters: 0.999998 -0.00193498 0.000517582 0.00193496 0.999998 -0.000607302 -0.000516281 0.000607865 1 0.0663635 -0.0392898 -0.0525828
FixedParameters: 0 0 0

#Transform 132
Transform: AffineTransform_float_3_3
Parameters: 0.999998 -0.00177921 0.000742213 0.00178072 0.999997 -0.00158867 -0.00073972 0.00158998 0.999998 0.0729986 -0.0106788 -0.16418
FixedParameters: 0 0 0

#Transform 133
Transform: AffineTransform_float_3_3
Parameters: 0.999998 -0.00185721 0.000481955 0.00185778 0.999997 -0.00196501 -0.00047855 0.00196553 0.999998 0.0659151 -0.0188185 -0.053428
FixedParameters: 0 0 0

#Transform 134
Transform: AffineTransform_float_3_3
Parameters: 0.999998 -0.00190008 0.000546506 0.00190032 0.999998 -0.000806493 -0.000544489 0.000807129 0.999999 0.0584475 0.0149998 -0.123953
FixedParameters: 0 0 0

#Transform 135
Transform: AffineTransform_float_3_3
Parameters: 0.999998 -0.00204215 0.000307344 0.00204257 0.999997 -0.00110535 -0.000305181 0.00110651 0.999999 0.0819506 0.00184635 -0.0961757
FixedParameters: 0 0 0

#Transform 136
Transform: AffineTransform_float_3_3
Parameters: 0.999997 -0.00210949 0.000233017 0.00210965 0.999997 -0.00088952 -0.000231617 0.000890404 1 0.0577298 -0.00412153 -0.100931
FixedParameters: 0 0 0

#Transform 137
Transform: AffineTransform_float_3_3
Parameters: 0.999997 -0.00209038 0.000227538 0.0020901 0.999997 -0.00119502 -0.000225714 0.00119594 0.999999 0.0725805 -0.0347705 -0.0523997
FixedParameters: 0 0 0

#Transform 138
Transform: AffineTransform_float_3_3
Parameters: 0.999997 -0.00214699 0.000397236 0.00214738 0.999997 -0.000812347 -0.000396099 0.000813954 1 0.0689474 0.0113432 -0.079355
FixedParameters: 0 0 0

#Transform 139
Transform: AffineTransform_float_3_3
Parameters: 0.999998 -0.00204917 0.000140668 0.0020496 0.999995 -0.00254401 -0.000134535 0.00254458 0.999997 0.0859866 0.015268 -0.0532774
FixedParameters: 0 0 0

#Transform 140
Transform: AffineTransform_float_3_3
Parameters: 0.999998 -0.00209085 0.00024204 0.00209167 0.999997 -0.00105546 -0.00023916 0.00105631 0.999999 0.0687042 -0.0231531 -0.0790936
FixedParameters: 0 0 0

#Transform 141
Transform: AffineTransform_float_3_3
Parameters: 0.999998 -0.00205097 0.000264453 0.00205146 0.999997 -0.00138182 -0.000261155 0.00138187 0.999999 0.0725017 -0.0641302 -0.0558236
FixedParameters: 0 0 0

#Transform 142
Transform: AffineTransform_float_3_3
Parameters: 0.999998 -0.00187679 -6.68116e-05 0.00187721 0.999997 -0.00160488 7.00196e-05 0.00160545 0.999999 0.0525151 -0.0338057 -0.0984203
FixedParameters: 0 0 0

#Transform 143
Transform: AffineTransform_float_3_3
Parameters: 0.999998 -0.00195656 -0.000254457 0.00195581 0.999997 -0.000931577 0.000255763 0.000931417 0.999999 0.057968 -0.0867548 -0.0314301
FixedParameters: 0 0 0

#Transform 144
Transform: AffineTransform_float_3_3
Parameters: 0.999998 -0.00193456 9.09723e-05 0.001935 0.999998 -0.000779338 -8.94926e-05 0.000779528 1 0.0638151 -0.0445496 -0.0719285
FixedParameters: 0 0 0

#Transform 145
Transform: AffineTransform_float_3_3
Parameters: 0.999997 -0.00213838 -0.000222779 0.00213852 0.999997 -0.000941507 0.000223883 0.000940446 1 0.0726835 -0.0537635 -0.0449414
FixedParameters: 0 0 0

#Transform 146
Transform: AffineTransform_float_3_3
Parameters: 0.999998 -0.00227806 -0.000439314 0.00227772 0.999997 -0.00106708 0.000441244 0.00106626 0.999999 0.0580696 -0.0346535 -0.0665367
FixedParameters: 0 0 0

#Transform 147
Transform: AffineTransform_float_3_3
Parameters: 0.999997 -0.00228241 -0.000451736 0.00228199 0.999997 -0.00112382 0.000453934 0.00112294 0.999999 0.0717342 -0.0317275 -0.0233028
FixedParameters: 0 0 0

#Transform 148
Transform: AffineTransform_float_3_3
Parameters: 0.999998 -0.00227222 -0.000181943 0.00227235 0.999996 -0.00113512 0.000184197 0.00113511 1 0.0615839 -0.0384623 -0.0745475
FixedParameters: 0 0 0

#Transform 149
Transform: AffineTransform_float_3_3
Parameters: 0.999994 -0.00310037 -0.00101028 0.00309836 0.999992 -0.00266863 0.00101882 0.0026653 0.999997 0.111962 -0.0208331 -0.0650561
FixedParameters: 0 0 0

#Transform 150
Transform: AffineTransform_float_3_3
Parameters: 0.999996 -0.00248734 -0.000168423 0.0024875 0.999992 -0.00309175 0.000176236 0.00309135 0.999996 0.107388 0.0174687 -0.126156
FixedParameters: 0 0 0

#Transform 151
Transform: AffineTransform_float_3_3
Parameters: 0.999996 -0.00288633 -0.000779962 0.00288363 0.99999 -0.00341607 0.000788731 0.00341376 0.999994 0.137407 0.0192868 -0.0621549
FixedParameters: 0 0 0

#Transform 152
Transform: AffineTransform_float_3_3
Parameters: 0.999996 -0.0025152 -0.000100876 0.00251519 0.999994 -0.00209 0.000106328 0.00208984 0.999998 0.116852 0.0287724 -0.140571
FixedParameters: 0 0 0

#Transform 153
Transform: AffineTransform_float_3_3
Parameters: 0.999998 -0.00224086 0.000184642 0.00224144 0.999993 -0.00312389 -0.000177155 0.0031239 0.999995 0.149827 0.0845866 0.00613809
FixedParameters: 0 0 0

#Transform 154
Transform: AffineTransform_float_3_3
Parameters: 0.999997 -0.00209434 0.000676663 0.00209533 0.999998 -0.00055757 -0.000675963 0.000559314 0.999999 0.151185 0.0210025 -0.172234
FixedParameters: 0 0 0

#Transform 155
Transform: AffineTransform_float_3_3
Parameters: 0.999997 -0.00234605 0.00019488 0.00234674 0.999996 -0.00162287 -0.000191025 0.00162409 0.999998 0.152802 -0.0345046 -0.19123
FixedParameters: 0 0 0

#Transform 156
Transform: AffineTransform_float_3_3
Parameters: 0.999998 -0.00226113 0.000335324 0.00226211 0.999996 -0.00146461 -0.000332564 0.0014655 0.999998 0.140428 -0.0220838 -0.202968
FixedParameters: 0 0 0

#Transform 157
Transform: AffineTransform_float_3_3
Parameters: 0.999997 -0.0025183 0.000658696 0.00252011 0.999994 -0.0026079 -0.000651797 0.00260855 0.999996 0.137819 -0.0165166 -0.154623
FixedParameters: 0 0 0

#Transform 158
Transform: AffineTransform_float_3_3
Parameters: 0.999995 -0.00297297 0.000926227 0.00297377 0.999995 -0.0015509 -0.000922157 0.00155313 0.999998 0.142232 -0.0222002 -0.140817
FixedParameters: 0 0 0

#Transform 159
Transform: AffineTransform_float_3_3
Parameters: 0.999995 -0.00297484 0.000677729 0.00297753 0.999988 -0.00381498 -0.000666243 0.00381697 0.999992 0.1746 0.0566845 -0.208273
FixedParameters: 0 0 0

#Transform 160
Transform: AffineTransform_float_3_3
Parameters: 0.999996 -0.00210793 0.00199076 0.00210937 0.999997 -0.000601694 -0.00198939 0.000605717 0.999998 0.179872 0.169272 0.0653292
FixedParameters: 0 0 0

#Transform 161
Transform: AffineTransform_float_3_3
Parameters: 0.999995 -0.0030088 0.000452838 0.00301014 0.999991 -0.00309551 -0.000443993 0.00309644 0.999995 0.165388 0.00670039 -0.174982
FixedParameters: 0 0 0

#Transform 162
Transform: AffineTransform_float_3_3
Parameters: 0.999997 -0.00253795 0.00066209 0.00253979 0.999995 -0.00184497 -0.000657394 0.00184648 0.999998 0.154445 -0.00968123 -0.206714
FixedParameters: 0 0 0

#Transform 163
Transform: AffineTransform_float_3_3
Parameters: 0.999996 -0.00238917 0.00164619 0.00240056 0.999971 -0.00725253 -0.00162896 0.00725623 0.999972 0.174704 0.121607 -0.121689
FixedParameters: 0 0 0

#Transform 164
Transform: AffineTransform_float_3_3
Parameters: 0.999994 -0.00315359 0.00129951 0.00315715 0.999993 -0.00187632 -0.00129336 0.00188086 0.999998 0.172794 -0.0667152 -0.262179
FixedParameters: 0 0 0

#Transform 165
Transform: AffineTransform_float_3_3
Parameters: 0.999995 -0.00269552 0.00140142 0.00270735 0.999957 -0.00880881 -0.00137773 0.0088129 0.99996 0.168237 0.751603 -0.715617
FixedParameters: 0 0 0

#Transform 166
Transform: AffineTransform_float_3_3
Parameters: 0.999996 -0.00241082 0.00137156 0.00242078 0.999969 -0.00749423 -0.00135371 0.00749758 0.999971 0.16539 0.362457 -0.293524
FixedParameters: 0 0 0

#Transform 167
Transform: AffineTransform_float_3_3
Parameters: 0.999996 -0.0021345 0.00187034 0.00214577 0.999977 -0.00645056 -0.00185695 0.00645482 0.999978 0.161667 0.213445 -0.235449
FixedParameters: 0 0 0

#Transform 168
Transform: AffineTransform_float_3_3
Parameters: 0.999996 -0.00226051 0.00196006 0.00227298 0.999978 -0.00630155 -0.00194645 0.00630668 0.999978 0.146034 0.339804 -0.266606
FixedParameters: 0 0 0

#Transform 169
Transform: AffineTransform_float_3_3
Parameters: 0.999996 -0.00212979 0.00186565 0.00214138 0.999976 -0.00655436 -0.00185188 0.00655858 0.999976 0.166892 0.178068 -0.0877109
FixedParameters: 0 0 0

#Transform 170
Transform: AffineTransform_float_3_3
Parameters: 0.999997 -0.00210936 0.00127343 0.0021159 0.999986 -0.00483556 -0.00126365 0.00483798 0.999988 0.142705 0.0732738 -0.0928754
FixedParameters: 0 0 0

#Transform 171
Transform: AffineTransform_float_3_3
Parameters: 0.999994 -0.00364351 6.78854e-05 0.00364363 0.999993 -0.001105 -6.40723e-05 0.00110537 0.999999 0.131213 -0.0958946 -0.293576
FixedParameters: 0 0 0

#Transform 172
Transform: AffineTransform_float_3_3
Parameters: 0.999995 -0.00296704 0.00092712 0.00296842 0.999995 -0.00126471 -0.000923112 0.00126774 0.999999 0.133166 -0.0432339 -0.24098
FixedParameters: 0 0 0

#Transform 173
Transform: AffineTransform_float_3_3
Parameters: 0.999994 -0.00347725 0.000809588 0.00347797 0.999993 -0.00139744 -0.000804312 0.00140008 0.999999 0.143142 -0.0279577 -0.261173
FixedParameters: 0 0 0

#Transform 174
Transform: AffineTransform_float_3_3
Parameters: 0.999994 -0.00337699 0.000461419 0.00337615 0.999995 -6.32926e-05 -0.000461043 6.44899e-05 1 0.138701 -0.0162601 -0.458731
FixedParameters: 0 0 0

#Transform 175
Transform: AffineTransform_float_3_3
Parameters: 0.999995 -0.00253318 0.00152113 0.0025405 0.999983 -0.005259 -0.00150775 0.00526343 0.999985 0.161088 0.258221 -0.260678
FixedParameters: 0 0 0

#Transform 176
Transform: AffineTransform_float_3_3
Parameters: 0.999993 -0.00321894 0.00151562 0.003225 0.999987 -0.00396939 -0.00150278 0.00397417 0.999991 0.174786 0.119929 -0.0317255
FixedParameters: 0 0 0

#Transform 177
Transform: AffineTransform_float_3_3
Parameters: 0.999993 -0.00375322 0.000724036 0.00375539 0.999984 -0.00415754 -0.000708044 0.00416 0.999991 0.184256 0.101691 -0.0473238
FixedParameters: 0 0 0

#Transform 178
Transform: AffineTransform_float_3_3
Parameters: 0.999994 -0.00287115 0.00172855 0.00288177 0.999973 -0.00660249 -0.00170917 0.00660732 0.999977 0.142865 0.719789 -0.642271
FixedParameters: 0 0 0

#Transform 179
Transform: AffineTransform_float_3_3
Parameters: 0.999995 -0.00316783 0.000981824 0.00316874 0.999994 -0.00153996 -0.000977326 0.00154326 0.999998 0.151909 -0.0572635 -0.204168
FixedParameters: 0 0 0

#Transform 180
Transform: AffineTransform_float_3_3
Parameters: 0.999993 -0.00375458 0.0010738 0.00375516 0.999993 -0.000898563 -0.0010695 0.000902953 0.999999 0.157924 -0.117817 -0.163498
FixedParameters: 0 0 0

#Transform 181
Transform: AffineTransform_float_3_3
Parameters: 0.999991 -0.00416858 0.00129313 0.00417035 0.999991 -0.0011343 -0.00128773 0.00113995 0.999998 0.181783 -0.0202308 -0.249566
FixedParameters: 0 0 0

#Transform 182
Transform: AffineTransform_float_3_3
Parameters: 0.999992 -0.00396699 0.000853451 0.00396859 0.999991 -0.00139044 -0.00084766 0.001394 0.999999 0.173346 -0.0295722 -0.28846
FixedParameters: 0 0 0

#Transform 183
Transform: AffineTransform_float_3_3
Parameters: 0.999992 -0.00356128 0.00129594 0.00356285 0.999993 -0.00143811 -0.00129107 0.00144256 0.999998 0.169947 0.0134855 -0.23023
FixedParameters: 0 0 0

#Transform 184
Transform: AffineTransform_float_3_3
Parameters: 0.999992 -0.00302662 0.00267051 0.00303486 0.99999 -0.00318507 -0.0026604 0.00319291 0.999991 0.171185 0.1526 0.0838652
FixedParameters: 0 0 0

#Transform 185
Transform: AffineTransform_float_3_3
Parameters: 0.999994 -0.00329961 0.00161126 0.00330481 0.999988 -0.00360623 -0.00159896 0.00361184 0.999992 0.16473 0.0647083 0.075271
FixedParameters: 0 0 0

#Transform 186
Transform: AffineTransform_float_3_3
Parameters: 0.999993 -0.00335896 0.00168996 0.0033598 0.999994 -0.000523317 -0.00168802 0.000528936 0.999998 0.165012 -0.0525893 -0.159284
FixedParameters: 0 0 0

#Transform 187
Transform: AffineTransform_float_3_3
Parameters: 0.999993 -0.00372655 0.00107282 0.00372767 0.999993 -0.00128352 -0.00106792 0.00128703 0.999998 0.186641 -0.0472906 -0.272757
FixedParameters: 0 0 0

#Transform 188
Transform: AffineTransform_float_3_3
Parameters: 0.999991 -0.00367703 0.00203692 0.0036782 0.999993 -0.000686904 -0.00203446 0.000694353 0.999997 0.204376 0.0854001 0.274941
FixedParameters: 0 0 0

#Transform 189
