#Insight Transform File V1.0
#Transform 0
Transform: AffineTransform_float_3_3
Parameters: 1 0.000304862 1.78778e-05 -0.000304833 0.999999 -0.00082929 -1.83834e-05 0.000829278 0.999999 -0.0231989 -0.0392298 -0.0924524
FixedParameters: 0 0 0

#Transform 1
Transform: AffineTransform_float_3_3
Parameters: 1 0.000209589 -0.000182963 -0.000209917 0.999999 -0.000897775 0.000182586 0.000897851 0.999999 -0.0175899 0.000326591 -0.0947008
FixedParameters: 0 0 0

#Transform 2
Transform: AffineTransform_float_3_3
Parameters: 1 0.000214293 -0.00017757 -0.000214572 0.999999 -0.000786002 0.000177233 0.000786077 0.999999 -0.0177114 -0.00112927 -0.0934831
FixedParameters: 0 0 0

#Transform 3
Transform: AffineTransform_float_3_3
Parameters: 1 0.000262481 -8.90472e-05 -0.000262644 0.999999 -0.00092055 8.85638e-05 0.000920595 0.999999 -0.0217002 -0.0317164 -0.0770646
FixedParameters: 0 0 0

#Transform 4
Transform: AffineTransform_float_3_3
Parameters: 1 0.000229278 -0.000160375 -0.000229415 1 -0.000429727 0.000160178 0.0004298 1 -0.017003 -0.0501273 -0.0646985
FixedParameters: 0 0 0

#Transform 5
Transform: AffineTransform_float_3_3
Parameters: 1 0.000203756 -0.000189743 -0.000204053 1 -0.00103749 0.000189237 0.00103757 1 -0.0200339 -0.0337825 -0.0758933
FixedParameters: 0 0 0

#Transform 6
Transform: AffineTransform_float_3_3
Parameters: 1 0.00023536 -0.000153388 -0.000235448 1 -0.000285021 0.000153254 0.000285093 1 -0.0145415 -0.0329556 -0.0738234
FixedParameters: 0 0 0

#Transform 7
Transform: AffineTransform_float_3_3
Parameters: 1 0.000215216 -0.000176511 -0.000215486 0.999999 -0.000764047 0.000176182 0.000764122 0.999999 -0.0212693 -0.0504977 -0.0655642
FixedParameters: 0 0 0

#Transform 8
Transform: AffineTransform_float_3_3
Parameters: 1 0.000242699 -0.000144954 -0.000242731 1 -0.000110376 0.0001449 0.000110446 1 -0.0220149 -0.0410576 -0.0369524
FixedParameters: 0 0 0

#Transform 9
Transform: AffineTransform_float_3_3
Parameters: 1 0.000227305 -0.00016264 -0.00022746 1 -0.000476631 0.000162423 0.000476705 1 -0.0202846 -0.0296391 -0.065015
FixedParameters: 0 0 0

#Transform 10
Transform: AffineTransform_float_3_3
Parameters: 1 0.000142051 -0.000487737 -0.000142443 1 -0.000402294 0.000487623 0.000402433 1 -0.0153239 -0.021047 -0.0480172
FixedParameters: 0 0 0

#Transform 11
Transform: AffineTransform_float_3_3
Parameters: 0.999999 0.000619396 -0.000385216 -0.000619774 0.999999 -0.000490175 0.000384608 0.000490651 1 -0.0218242 -0.0213559 -0.049335
FixedParameters: 0 0 0

#Transform 12
Transform: AffineTransform_float_3_3
Parameters: 1 0.000193849 -0.00035784 -0.000193471 1 0.000528219 0.000358044 -0.00052808 1 -0.00311974 -0.035605 -0.0267494
FixedParameters: 0 0 0

#Transform 13
Transform: AffineTransform_float_3_3
Parameters: 1 9.80849e-05 -0.000391257 -9.84465e-05 1 -0.000462237 0.000391166 0.000462313 1 -0.0177102 -0.0429285 -0.0362119
FixedParameters: 0 0 0

#Transform 14
Transform: AffineTransform_float_3_3
Parameters: 1 0.000245676 -0.000141531 -0.000245687 1 -3.95204e-05 0.000141511 3.95899e-05 1 -0.00561728 -0.0466557 -0.0305368
FixedParameters: 0 0 0

#Transform 15
Transform: AffineTransform_float_3_3
Parameters: 1 9.3582e-07 -0.000186567 -9.45892e-07 1 -2.71446e-05 0.000186567 2.7145e-05 1 -0.0037976 -0.0321223 -0.0546533
FixedParameters: 0 0 0

#Transform 16
Transform: AffineTransform_float_3_3
Parameters: 1 1.26415e-05 -0.00055437 -1.26714e-05 1 -9.70705e-06 0.000554308 9.20617e-06 1 0.0179176 -0.0311009 -0.0400732
FixedParameters: 0 0 0

#Transform 17
Transform: AffineTransform_float_3_3
Parameters: 1 9.24848e-05 -0.000181015 -9.24961e-05 1 -3.12275e-05 0.000181009 3.12609e-05 1 -3.36006e-06 -0.0307201 -0.0533648
FixedParameters: 0 0 0

#Transform 18
Transform: AffineTransform_float_3_3
Parameters: 1 -7.46654e-05 -1.5386e-05 7.46645e-05 1 -3.2209e-05 1.53908e-05 3.22066e-05 1 -0.00139029 -0.0310557 -0.0284292
FixedParameters: 0 0 0

#Transform 19
Transform: AffineTransform_float_3_3
Parameters: 1 9.80068e-05 -0.000403141 -9.80426e-05 1 -2.05174e-05 0.000403076 2.00814e-05 1 0.0210473 0.00343154 -0.0514564
FixedParameters: 0 0 0

#Transform 20
Transform: AffineTransform_float_3_3
Parameters: 1 -7.58914e-05 -0.000105748 7.58095e-05 1 -0.00038755 0.000105807 0.000387534 1 0.00251855 0.0106224 0.012107
FixedParameters: 0 0 0

#Transform 21
Transform: AffineTransform_float_3_3
Parameters: 1 -0.000222724 -0.000368644 0.00022326 0.999999 0.000727383 0.00036832 -0.000727546 0.999999 0.00467861 -0.0033225 0.025207
FixedParameters: 0 0 0

#Transform 22
Transform: AffineTransform_float_3_3
Parameters: 1 -0.000286283 -0.000332761 0.000285904 0.999999 0.000728266 0.000332831 -0.000728516 0.999999 0.00508048 -0.00153948 0.0236985
FixedParameters: 0 0 0

#Transform 23
Transform: AffineTransform_float_3_3
Parameters: 1 -0.000253855 -0.000128663 0.000254214 1 0.00102381 0.00012806 -0.00102387 1 -0.0048752 -0.0318548 0.0491423
FixedParameters: 0 0 0

#Transform 24
Transform: AffineTransform_float_3_3
Parameters: 1 -0.000274973 -0.000283 0.00027506 0.999999 0.00151301 0.000282572 -0.00151322 0.999999 0.00430108 -0.0213299 0.0215904
FixedParameters: 0 0 0

#Transform 25
Transform: AffineTransform_float_3_3
Parameters: 1 5.68786e-05 0.000315023 -5.75092e-05 1 0.00115282 -0.000314974 -0.00115285 1 -0.013794 -0.0332561 0.0245236
FixedParameters: 0 0 0

#Transform 26
Transform: AffineTransform_float_3_3
Parameters: 1 -0.000155135 0.000456053 0.000155044 0.999999 0.00179633 -0.000456395 -0.00179614 0.999999 -0.00237075 -0.041819 0.0647578
FixedParameters: 0 0 0

#Transform 27
Transform: AffineTransform_float_3_3
Parameters: 1 -0.000235238 -0.000218668 0.000235713 0.999998 0.00174521 0.000219096 -0.00174453 0.999999 0.0159702 -0.0260743 0.0223899
FixedParameters: 0 0 0

#Transform 28
Transform: AffineTransform_float_3_3
Parameters: 1 -0.000393279 0.000270432 0.000393122 0.999999 0.00137633 -0.00027073 -0.00137614 0.999999 0.00856078 -0.0471156 0.058366
FixedParameters: 0 0 0

#Transform 29
Transform: AffineTransform_float_3_3
Parameters: 1 -0.000132126 0.000324472 0.000131775 0.999997 0.00216338 -0.000325697 -0.00216322 0.999997 0.0141779 0.000321837 0.00985989
FixedParameters: 0 0 0

#Transform 30
Transform: AffineTransform_float_3_3
Parameters: 1 -0.000421349 0.000292623 0.000420784 0.999997 0.00212996 -0.000293716 -0.00212972 0.999997 0.0130964 -0.0150258 0.0683518
FixedParameters: 0 0 0

#Transform 31
Transform: AffineTransform_float_3_3
Parameters: 1 -0.000604667 -5.65575e-05 0.00060472 0.999997 0.00209011 5.52179e-05 -0.00209024 0.999998 0.0378858 -0.0280046 0.0488063
FixedParameters: 0 0 0

#Transform 32
Transform: AffineTransform_float_3_3
Parameters: 1 -0.000547721 0.000192685 0.000547704 0.999998 0.00181038 -0.000193967 -0.00181017 0.999999 0.0213903 -0.028315 0.0791177
FixedParameters: 0 0 0

#Transform 33
Transform: AffineTransform_float_3_3
Parameters: 1 -0.000570424 8.89549e-06 0.000570115 0.999994 0.0032827 -1.02858e-05 -0.00328232 0.999994 0.0259766 -0.0314077 0.0683892
FixedParameters: 0 0 0

#Transform 34
Transform: AffineTransform_float_3_3
Parameters: 0.999999 -0.00119381 -0.00025495 0.00119381 1 0.000694919 0.000254706 -0.000695093 1 0.0346964 -0.0510864 0.0146633
FixedParameters: 0 0 0

#Transform 35
Transform: AffineTransform_float_3_3
Parameters: 1 -0.000568263 0.00021136 0.000567542 0.999995 0.00288347 -0.000212746 -0.00288331 0.999996 0.0390206 -0.0108011 0.0759574
FixedParameters: 0 0 0

#Transform 36
Transform: AffineTransform_float_3_3
Parameters: 0.999999 -0.000830235 0.000100105 0.000830133 0.999996 0.00251396 -0.000102306 -0.00251388 0.999997 0.0247327 -0.0445877 0.100717
FixedParameters: 0 0 0

#Transform 37
Transform: AffineTransform_float_3_3
Parameters: 0.999999 -0.000735425 0.000272623 0.000734423 0.999996 0.0027493 -0.000274774 -0.00274898 0.999996 0.0337201 -0.0195815 0.0970314
FixedParameters: 0 0 0

#Transform 38
Transform: AffineTransform_float_3_3
Parameters: 0.999999 -0.000756669 9.13071e-06 0.000756941 0.999997 0.00203924 -1.0161e-05 -0.00203932 0.999998 0.041481 -0.0242982 0.0773222
FixedParameters: 0 0 0

#Transform 39
Transform: AffineTransform_float_3_3
Parameters: 1 -0.000582011 0.000311188 0.000581816 0.999997 0.00235128 -0.000312439 -0.00235095 0.999997 0.0303486 -0.0300483 0.111162
FixedParameters: 0 0 0

#Transform 40
Transform: AffineTransform_float_3_3
Parameters: 0.999999 -0.000734059 0.000173861 0.000733584 0.999996 0.00279301 -0.000176071 -0.00279283 0.999996 0.0325904 -0.020382 0.115861
FixedParameters: 0 0 0

#Transform 41
Transform: AffineTransform_float_3_3
Parameters: 1 -0.000571751 0.000329466 0.000570977 0.999997 0.00234996 -0.000331533 -0.00234959 0.999997 0.0128131 -0.000210934 0.0958562
FixedParameters: 0 0 0

#Transform 42
Transform: AffineTransform_float_3_3
Parameters: 0.999999 -0.00064074 0.000184932 0.000640159 0.999995 0.00316933 -0.000187185 -0.00316917 0.999995 0.0348889 -0.00817986 0.112043
FixedParameters: 0 0 0

#Transform 43
Transform: AffineTransform_float_3_3
Parameters: 1 -0.000850518 0.000370287 0.000849057 0.999993 0.00343088 -0.000373443 -0.00343034 0.999994 0.0164892 -0.0246903 0.0878343
FixedParameters: 0 0 0

#Transform 44
Transform: AffineTransform_float_3_3
Parameters: 0.999999 -0.000652422 0.000146364 0.000652574 0.999992 0.00382998 -0.000148855 -0.00382988 0.999992 0.0340408 -0.0369677 0.0832463
FixedParameters: 0 0 0

#Transform 45
Transform: AffineTransform_float_3_3
Parameters: 1 -0.000806677 0.000352663 0.000805117 0.999996 0.00295825 -0.000355459 -0.0029581 0.999995 0.0328355 -0.0183362 0.101235
FixedParameters: 0 0 0

#Transform 46
Transform: AffineTransform_float_3_3
Parameters: 0.999999 -0.000665425 0.000125549 0.000665778 0.999993 0.0037411 -0.000127961 -0.00374051 0.999993 0.0334433 -0.0169381 0.115429
FixedParameters: 0 0 0

#Transform 47
Transform: AffineTransform_float_3_3
Parameters: 1 -0.000623737 0.000891715 0.000620612 0.999993 0.00371883 -0.000893918 -0.00371857 0.999993 0.0197712 -0.0375572 0.1401
FixedParameters: 0 0 0

#Transform 48
Transform: AffineTransform_float_3_3
Parameters: 0.999999 -0.000670333 0.000126607 0.000670678 0.999995 0.00337653 -0.000128484 -0.00337594 0.999994 0.0353612 0.00997799 0.101898
FixedParameters: 0 0 0

#Transform 49
Transform: AffineTransform_float_3_3
Parameters: 0.999999 -0.000765556 0.000418409 0.000764693 0.999993 0.00346914 -0.000421614 -0.00346854 0.999994 0.0164399 0.0339165 0.133419
FixedParameters: 0 0 0

#Transform 50
Transform: AffineTransform_float_3_3
Parameters: 1 -0.00057462 0.000280811 0.000573767 0.999992 0.00399243 -0.000282911 -0.00399168 0.999992 -0.00124778 -0.0122741 0.145635
FixedParameters: 0 0 0

#Transform 51
Transform: AffineTransform_float_3_3
Parameters: 1 -0.000191071 0.000565491 0.000188885 0.999995 0.00331062 -0.000565513 -0.00331042 0.999995 -0.004734 -0.00749381 0.13291
FixedParameters: 0 0 0

#Transform 52
Transform: AffineTransform_float_3_3
Parameters: 1 -0.000481504 0.000284955 0.0004804 0.999995 0.00300315 -0.000286015 -0.00300381 0.999995 -0.00497065 0.0231927 0.131953
FixedParameters: 0 0 0

#Transform 53
Transform: AffineTransform_float_3_3
Parameters: 0.999999 -0.000683985 8.08803e-05 0.000683908 0.999991 0.00416404 -8.37488e-05 -0.00416407 0.999992 -0.00192733 -0.0245064 0.193462
FixedParameters: 0 0 0

#Transform 54
Transform: AffineTransform_float_3_3
Parameters: 0.999999 -0.000294631 0.000767819 0.000291028 0.99999 0.0044897 -0.000769165 -0.00448921 0.999989 -0.0317456 -0.00356804 0.170186
FixedParameters: 0 0 0

#Transform 55
Transform: AffineTransform_float_3_3
Parameters: 1 -0.000492566 0.000399544 0.000490402 0.999988 0.00503742 -0.000402428 -0.00503658 0.999987 -0.0131994 -0.050558 0.191215
FixedParameters: 0 0 0

#Transform 56
Transform: AffineTransform_float_3_3
Parameters: 1 4.91293e-05 0.000519302 -5.14501e-05 0.999986 0.00530776 -0.000518687 -0.00530774 0.999986 -0.0309851 0.0140776 0.182639
FixedParameters: 0 0 0

#Transform 57
Transform: AffineTransform_float_3_3
Parameters: 1 -0.000456952 0.00042627 0.000454563 0.999979 0.00642669 -0.00042992 -0.00642635 0.99998 -0.0273364 -0.0278981 0.23561
FixedParameters: 0 0 0

#Transform 58
Transform: AffineTransform_float_3_3
Parameters: 1 -0.000718498 0.000282472 0.000717088 0.999979 0.00647053 -0.000286759 -0.00647034 0.999979 -0.00402584 -0.0145609 0.239719
FixedParameters: 0 0 0

#Transform 59
Transform: AffineTransform_float_3_3
Parameters: 0.999999 -0.000513102 0.000687767 0.000508754 0.999975 0.00702683 -0.000691824 -0.00702615 0.999975 -0.0134571 -0.0616246 0.260402
FixedParameters: 0 0 0

#Transform 60
Transform: AffineTransform_float_3_3
Parameters: 1 -0.000714486 0.00087022 0.000708619 0.999979 0.00643248 -0.000874965 -0.0064313 0.999979 -0.0093902 -0.00316671 0.229405
FixedParameters: 0 0 0

#Transform 61
Transform: AffineTransform_float_3_3
Parameters: 1 -0.000669051 0.00093305 0.000662007 0.999974 0.007149 -0.000937705 -0.00714782 0.999974 -0.00409606 -0.0302554 0.265861
FixedParameters: 0 0 0

#Transform 62
Transform: AffineTransform_float_3_3
Parameters: 0.999999 -0.000533665 0.00116665 0.000524903 0.999972 0.00753196 -0.00117012 -0.00753068 0.999971 -0.0082273 -0.0387047 0.263267
FixedParameters: 0 0 0

#Transform 63
Transform: AffineTransform_float_3_3
Parameters: 0.999999 -0.000428603 0.000840435 0.000422891 0.999974 0.0070781 -0.000843825 -0.00707734 0.999974 0.00760085 -0.0185314 0.320323
FixedParameters: 0 0 0

#Transform 64
Transform: AffineTransform_float_3_3
Parameters: 1 -0.000641068 0.000565018 0.000636879 0.999971 0.00748091 -0.000569779 -0.00748034 0.999972 0.0161802 0.00516032 0.260694
FixedParameters: 0 0 0

#Transform 65
Transform: AffineTransform_float_3_3
Parameters: 1 -0.000714843 0.000671637 0.000709316 0.999974 0.00722501 -0.000677023 -0.00722506 0.999974 0.0155979 -0.00430122 0.27806
FixedParameters: 0 0 0

#Transform 66
Transform: AffineTransform_float_3_3
Parameters: 0.999999 -0.000465201 0.000775279 0.000458392 0.999967 0.0081424 -0.000779049 -0.00814261 0.999967 0.00606693 0.0338211 0.276553
FixedParameters: 0 0 0

#Transform 67
Transform: AffineTransform_float_3_3
Parameters: 0.999999 -0.000337565 0.00101071 0.000328855 0.999968 0.00793606 -0.00101314 -0.00793585 0.999969 0.000432543 0.0288563 0.243067
FixedParameters: 0 0 0

#Transform 68
Transform: AffineTransform_float_3_3
Parameters: 0.999999 -0.000598301 0.000540136 0.000593569 0.999968 0.00796924 -0.000544765 -0.00796879 0.999968 0.0108589 0.00968208 0.286517
FixedParameters: 0 0 0

#Transform 69
Transform: AffineTransform_float_3_3
Parameters: 0.999998 -0.000816362 0.00140193 0.000804983 0.999969 0.00782027 -0.00140779 -0.00781936 0.999969 0.021137 -0.00127158 0.261191
FixedParameters: 0 0 0

#Transform 70
Transform: AffineTransform_float_3_3
Parameters: 0.999998 -0.00075996 0.00147839 0.000747075 0.999961 0.00880721 -0.00148426 -0.0088063 0.99996 0.0144597 0.0076344 0.253839
FixedParameters: 0 0 0

#Transform 71
Transform: AffineTransform_float_3_3
Parameters: 0.999999 -0.000832167 0.00136595 0.000820749 0.999967 0.00811498 -0.00137265 -0.00811357 0.999966 0.00735251 -0.015407 0.275642
FixedParameters: 0 0 0

#Transform 72
Transform: AffineTransform_float_3_3
Parameters: 0.999998 -0.000646643 0.00166486 0.000630477 0.999955 0.00952393 -0.00167118 -0.00952298 0.999954 -0.00551107 -0.0275008 0.281602
FixedParameters: 0 0 0

#Transform 73
Transform: AffineTransform_float_3_3
Parameters: 0.999998 -0.000657349 0.00164954 0.000642304 0.999956 0.00936683 -0.00165483 -0.00936589 0.999955 -0.00422689 -0.0358974 0.243175
FixedParameters: 0 0 0

#Transform 74
Transform: AffineTransform_float_3_3
Parameters: 0.999998 -0.000522473 0.00188369 0.000503694 0.999952 0.00975565 -0.00188813 -0.00975479 0.99995 -0.00497835 0.00538252 0.24567
FixedParameters: 0 0 0

#Transform 75
Transform: AffineTransform_float_3_3
Parameters: 0.999998 -0.000529984 0.00166216 0.000508814 0.99992 0.0125765 -0.00166868 -0.012575 0.99992 -0.00419684 0.0025896 0.344681
FixedParameters: 0 0 0

#Transform 76
Transform: AffineTransform_float_3_3
Parameters: 0.999998 -0.000805542 0.00185735 0.000781772 0.999922 0.012455 -0.00186698 -0.0124541 0.999921 -0.00702528 -0.0561984 0.371044
FixedParameters: 0 0 0

#Transform 77
Transform: AffineTransform_float_3_3
Parameters: 0.999996 -0.00121756 0.00243598 0.00118591 0.999918 0.012819 -0.00245117 -0.0128159 0.999915 -0.00963842 -0.080582 0.384198
FixedParameters: 0 0 0

#Transform 78
Transform: AffineTransform_float_3_3
Parameters: 0.999995 -0.000998517 0.00272171 0.000960546 0.999905 0.0137222 -0.00273567 -0.0137204 0.999902 0.0186196 -0.0438996 0.353635
FixedParameters: 0 0 0

#Transform 79
Transform: AffineTransform_float_3_3
Parameters: 0.999996 -0.00119034 0.002708 0.00115625 0.999919 0.012655 -0.00272297 -0.0126518 0.999916 0.00371791 -0.0318203 0.337093
FixedParameters: 0 0 0

#Transform 80
Transform: AffineTransform_float_3_3
Parameters: 0.999994 -0.0011192 0.00305945 0.00107581 0.999898 0.014243 -0.00307517 -0.0142402 0.999894 0.035472 -0.0321403 0.383649
FixedParameters: 0 0 0

#Transform 81
Transform: AffineTransform_float_3_3
Parameters: 0.999996 -0.0011655 0.00270286 0.00113056 0.999915 0.0130131 -0.00271762 -0.0130105 0.999912 0.0236165 -0.0256346 0.346582
FixedParameters: 0 0 0

#Transform 82
Transform: AffineTransform_float_3_3
Parameters: 0.999996 -0.00102447 0.00289744 0.000982191 0.999897 0.0143152 -0.00291228 -0.0143129 0.999893 0.0374487 0.000294472 0.373928
FixedParameters: 0 0 0

#Transform 83
Transform: AffineTransform_float_3_3
Parameters: 0.999995 -0.00127991 0.0025747 0.0012418 0.999886 0.0150368 -0.00259368 -0.0150336 0.999884 0.0466358 0.00630099 0.382226
FixedParameters: 0 0 0

#Transform 84
Transform: AffineTransform_float_3_3
Parameters: 0.999995 -0.000992964 0.00310168 0.000946535 0.999887 0.0149848 -0.00311709 -0.0149826 0.999883 0.0367306 0.0182419 0.4144
FixedParameters: 0 0 0

#Transform 85
Transform: AffineTransform_float_3_3
Parameters: 0.999996 -0.00118133 0.00275712 0.00114054 0.999887 0.0149688 -0.00277423 -0.0149655 0.999884 0.0425892 -0.0240525 0.415567
FixedParameters: 0 0 0

#Transform 86
Transform: AffineTransform_float_3_3
Parameters: 0.999995 -0.00130345 0.00306494 0.00126046 0.9999 0.0141374 -0.00308319 -0.0141331 0.999896 0.0349792 0.0193367 0.389122
FixedParameters: 0 0 0

#Transform 87
Transform: AffineTransform_float_3_3
Parameters: 0.999995 -0.00100396 0.00296646 0.000959147 0.999883 0.015256 -0.00298119 -0.0152535 0.999879 0.0395515 4.50002e-06 0.416058
FixedParameters: 0 0 0

#Transform 88
Transform: AffineTransform_float_3_3
Parameters: 0.999996 -0.000965214 0.00273108 0.000924796 0.999889 0.0148089 -0.0027453 -0.0148063 0.999887 0.0351784 -0.0114595 0.409853
FixedParameters: 0 0 0

#Transform 89
Transform: AffineTransform_float_3_3
Parameters: 0.999994 -0.00116883 0.00303633 0.00112511 0.999896 0.0143772 -0.00305252 -0.0143737 0.999892 0.0354441 -0.010248 0.456558
FixedParameters: 0 0 0

#Transform 90
Transform: AffineTransform_float_3_3
Parameters: 0.999995 -0.000741057 0.00317594 0.000689613 0.999872 0.0160088 -0.00318653 -0.0160056 0.999867 0.0426454 0.0417958 0.445198
FixedParameters: 0 0 0

#Transform 91
Transform: AffineTransform_float_3_3
Parameters: 0.999995 -0.00116115 0.00285609 0.0011185 0.999888 0.0149084 -0.00287289 -0.0149054 0.999884 0.0334637 -0.0149135 0.436881
FixedParameters: 0 0 0

#Transform 92
Transform: AffineTransform_float_3_3
Parameters: 0.999995 -0.00118802 0.00316673 0.00113609 0.999866 0.0163424 -0.0031853 -0.0163392 0.999861 0.0595919 0.00267091 0.431289
FixedParameters: 0 0 0

#Transform 93
Transform: AffineTransform_float_3_3
Parameters: 0.999994 -0.00102951 0.00311705 0.000976786 0.999856 0.0169443 -0.00313385 -0.0169413 0.999851 0.0557417 -0.00460926 0.451814
FixedParameters: 0 0 0

#Transform 94
Transform: AffineTransform_float_3_3
Parameters: 0.999996 -0.000899588 0.00289077 0.000853461 0.999875 0.0157643 -0.00290417 -0.0157618 0.999872 0.0310842 0.00996423 0.388597
FixedParameters: 0 0 0

#Transform 95
Transform: AffineTransform_float_3_3
Parameters: 0.999994 -0.000345838 0.00342574 0.000305858 0.999931 0.0117129 -0.00342982 -0.0117119 0.999925 0.0035165 0.0470336 0.16855
FixedParameters: 0 0 0

#Transform 96
Transform: AffineTransform_float_3_3
Parameters: 0.999994 -0.000361484 0.00355755 0.000310259 0.999896 0.0144204 -0.0035629 -0.0144185 0.999889 0.00246483 -0.0258126 0.287579
FixedParameters: 0 0 0

#Transform 97
Transform: AffineTransform_float_3_3
Parameters: 0.999992 -0.000728706 0.00392638 0.000670112 0.999886 0.0150697 -0.00393683 -0.0150666 0.999879 -0.00281313 0.0149377 0.370842
FixedParameters: 0 0 0

#Transform 98
Transform: AffineTransform_float_3_3
Parameters: 0.999993 -0.000931139 0.00351651 0.000873088 0.999867 0.0162955 -0.00353167 -0.0162918 0.999861 0.0187289 -0.00769693 0.402674
FixedParameters: 0 0 0

#Transform 99
Transform: AffineTransform_float_3_3
Parameters: 0.999993 -0.000871824 0.00363445 0.00081394 0.999873 0.0159048 -0.00364755 -0.0159017 0.999867 0.00346792 0.00745335 0.398699
FixedParameters: 0 0 0

#Transform 100
Transform: AffineTransform_float_3_3
Parameters: 0.999991 -0.00109229 0.00413505 0.00102437 0.999862 0.0165625 -0.00415292 -0.0165584 0.999854 0.0030272 0.000911003 0.438626
FixedParameters: 0 0 0

#Transform 101
Transform: AffineTransform_float_3_3
Parameters: 0.99999 -0.00100145 0.0042663 0.000926771 0.999847 0.0175149 -0.0042831 -0.0175105 0.999837 0.00350177 0.00587254 0.389639
FixedParameters: 0 0 0

#Transform 102
Transform: AffineTransform_float_3_3
Parameters: 0.99999 -0.00100885 0.00440128 0.00093602 0.999865 0.0163811 -0.00441723 -0.0163775 0.999856 0.000533477 0.00220294 0.390557
FixedParameters: 0 0 0

#Transform 103
Transform: AffineTransform_float_3_3
Parameters: 0.99999 -0.000938545 0.00432924 0.000861669 0.999844 0.0176355 -0.00434473 -0.0176321 0.999835 0.00230781 0.0115348 0.394995
FixedParameters: 0 0 0

#Transform 104
Transform: AffineTransform_float_3_3
Parameters: 0.99999 -0.000962983 0.00441661 0.000888938 0.999858 0.016859 -0.00443177 -0.0168552 0.999848 0.000102503 -0.00960245 0.386362
FixedParameters: 0 0 0

#Transform 105
Transform: AffineTransform_float_3_3
Parameters: 0.999989 -0.000779923 0.00471495 0.000694227 0.999837 0.0180906 -0.00472732 -0.0180873 0.999825 -0.00575495 -0.00984035 0.419165
FixedParameters: 0 0 0

#Transform 106
Transform: AffineTransform_float_3_3
Parameters: 0.999988 -0.000711893 0.00472025 0.000623972 0.999828 0.0185128 -0.00473328 -0.0185095 0.999818 0.00434858 -0.000117322 0.393073
FixedParameters: 0 0 0

#Transform 107
Transform: AffineTransform_float_3_3
Parameters: 0.999988 -0.000914471 0.00475225 0.000830626 0.999847 0.0174958 -0.00476795 -0.0174912 0.999835 -0.00461167 0.0113093 0.421844
FixedParameters: 0 0 0

#Transform 108
Transform: AffineTransform_float_3_3
Parameters: 0.999988 -0.000437248 0.00486285 0.000338284 0.999792 0.0203902 -0.00487047 -0.0203889 0.99978 0.0134073 0.000499108 0.456217
FixedParameters: 0 0 0

#Transform 109
Transform: AffineTransform_float_3_3
Parameters: 0.999988 -0.000928876 0.00480297 0.000836848 0.999817 0.019084 -0.00481976 -0.0190804 0.999806 0.00138911 -0.0292033 0.432258
FixedParameters: 0 0 0

#Transform 110
Transform: AffineTransform_float_3_3
Parameters: 0.999988 -0.000648506 0.00472912 0.000556306 0.99981 0.0194551 -0.00474067 -0.0194518 0.9998 0.00874272 -0.0111936 0.450993
FixedParameters: 0 0 0

#Transform 111
Transform: AffineTransform_float_3_3
Parameters: 0.999989 -0.00074298 0.00466217 0.000649258 0.999796 0.0202054 -0.00467697 -0.0202016 0.999784 0.0276436 0.0332531 0.433873
FixedParameters: 0 0 0

#Transform 112
Transform: AffineTransform_float_3_3
Parameters: 0.999989 -0.00075117 0.00466714 0.000661587 0.999814 0.0192679 -0.00468035 -0.0192648 0.999804 0.0178883 0.0171669 0.430648
FixedParameters: 0 0 0

#Transform 113
Transform: AffineTransform_float_3_3
Parameters: 0.999988 -0.000636893 0.00484385 0.000536214 0.999781 0.020913 -0.00485622 -0.0209094 0.99977 0.0318114 0.0191163 0.461809
FixedParameters: 0 0 0

#Transform 114
Transform: AffineTransform_float_3_3
Parameters: 0.999989 -0.0007233 0.00470236 0.000628808 0.999799 0.0200304 -0.0047168 -0.0200274 0.999788 0.0151329 0.0147323 0.436266
FixedParameters: 0 0 0

#Transform 115
Transform: AffineTransform_float_3_3
Parameters: 0.999988 -0.000518604 0.00487621 0.00041869 0.999789 0.0204964 -0.00488653 -0.0204944 0.999778 0.0278431 0.0723724 0.447409
FixedParameters: 0 0 0

#Transform 116
Transform: AffineTransform_float_3_3
Parameters: 0.999988 -0.000702111 0.00473129 0.000606087 0.99979 0.0205111 -0.00474468 -0.0205081 0.999779 0.0133994 0.041211 0.448945
FixedParameters: 0 0 0

#Transform 117
Transform: AffineTransform_float_3_3
Parameters: 0.999988 -0.000670799 0.00478699 0.000572436 0.999787 0.0206255 -0.0047999 -0.0206231 0.999776 0.0284337 0.0132138 0.47901
FixedParameters: 0 0 0

#Transform 118
Transform: AffineTransform_float_3_3
Parameters: 0.999989 -0.00064583 0.00484119 0.000547877 0.999795 0.020261 -0.0048542 -0.0202588 0.999783 0.0196343 0.0586648 0.44628
FixedParameters: 0 0 0

#Transform 119
Transform: AffineTransform_float_3_3
Parameters: 0.999988 -0.000605381 0.00489967 0.000502117 0.999779 0.0210471 -0.00491147 -0.0210438 0.999767 0.0273935 0.00832089 0.490178
FixedParameters: 0 0 0

#Transform 120
Transform: AffineTransform_float_3_3
Parameters: 0.999988 -0.000707632 0.00473251 0.000613176 0.9998 0.0199785 -0.00474671 -0.0199759 0.99979 0.011254 0.0321814 0.478614
FixedParameters: 0 0 0

#Transform 121
Transform: AffineTransform_float_3_3
Parameters: 0.999988 -0.000603758 0.0047929 0.000504467 0.999783 0.0208423 -0.00480411 -0.0208401 0.999771 0.0202246 0.0386182 0.464343
FixedParameters: 0 0 0

#Transform 122
Transform: AffineTransform_float_3_3
Parameters: 0.999988 -0.000613236 0.00491318 0.000517099 0.999806 0.0197153 -0.00492468 -0.0197119 0.999794 0.000815231 0.0428943 0.457021
FixedParameters: 0 0 0

#Transform 123
Transform: AffineTransform_float_3_3
Parameters: 0.999986 -0.000455064 0.00516497 0.000342959 0.999764 0.0217272 -0.00517427 -0.0217252 0.99975 0.00201744 -0.00205645 0.50782
FixedParameters: 0 0 0

#Transform 124
Transform: AffineTransform_float_3_3
Parameters: 0.999987 -0.000673765 0.00501271 0.000568284 0.99978 0.0209645 -0.00502594 -0.0209617 0.999768 -0.0102417 0.0106794 0.480209
FixedParameters: 0 0 0

#Transform 125
Transform: AffineTransform_float_3_3
Parameters: 0.999987 -0.000667814 0.00502419 0.000554064 0.999744 0.022639 -0.00503839 -0.0226361 0.999732 0.0187875 0.00092025 0.521571
FixedParameters: 0 0 0

#Transform 126
Transform: AffineTransform_float_3_3
Parameters: 0.999988 -0.000535578 0.00500148 0.000424308 0.999749 0.0223729 -0.00501202 -0.0223704 0.999737 0.0084356 0.0182806 0.491828
FixedParameters: 0 0 0

#Transform 127
Transform: AffineTransform_float_3_3
Parameters: 0.999988 -0.000864801 0.00489799 0.000761922 0.999779 0.0209807 -0.00491476 -0.0209765 0.999768 0.0111897 0.00153939 0.487781
FixedParameters: 0 0 0

#Transform 128
Transform: AffineTransform_float_3_3
Parameters: 0.999988 -0.000619786 0.00483575 0.000510063 0.999741 0.0227698 -0.00484848 -0.0227671 0.999729 0.0125286 0.0400876 0.496265
FixedParameters: 0 0 0

#Transform 129
Transform: AffineTransform_float_3_3
Parameters: 0.999987 -0.000795161 0.00513305 0.000679886 0.999749 0.0223821 -0.00514941 -0.0223779 0.999736 0.00997729 0.0501303 0.51509
FixedParameters: 0 0 0

#Transform 130
Transform: AffineTransform_float_3_3
Parameters: 0.999987 -0.000573633 0.00492201 0.000461287 0.999741 0.0227635 -0.00493441 -0.0227611 0.999728 0.0150838 0.00942314 0.513402
FixedParameters: 0 0 0

#Transform 131
Transform: AffineTransform_float_3_3
Parameters: 0.999986 -0.00133972 0.00514782 0.00124013 0.999812 0.0193463 -0.00517325 -0.0193398 0.9998 0.0695108 0.0394639 0.335979
FixedParameters: 0 0 0

#Transform 132
Transform: AffineTransform_float_3_3
Parameters: 0.999987 -0.000969428 0.00492837 0.00086309 0.999768 0.0215127 -0.00494795 -0.0215083 0.999757 0.0604127 0.0289236 0.449666
FixedParameters: 0 0 0

#Transform 133
Transform: AffineTransform_float_3_3
Parameters: 0.999987 -0.000872889 0.00511014 0.000763745 0.99977 0.0214182 -0.00512761 -0.0214138 0.999758 0.0430642 0.0176586 0.478393
FixedParameters: 0 0 0

#Transform 134
Transform: AffineTransform_float_3_3
Parameters: 0.999985 -0.00126655 0.00529518 0.00114382 0.999731 0.0231646 -0.00532243 -0.0231586 0.999717 0.04257 0.00547713 0.528898
FixedParameters: 0 0 0

#Transform 135
Transform: AffineTransform_float_3_3
Parameters: 0.999985 -0.00127915 0.00526235 0.00115481 0.999721 0.0235956 -0.00529116 -0.0235894 0.999708 0.02857 0.00850251 0.503636
FixedParameters: 0 0 0

#Transform 136
Transform: AffineTransform_float_3_3
Parameters: 0.999985 -0.00122648 0.00535961 0.00109925 0.999719 0.0236544 -0.00538628 -0.0236481 0.999706 0.0463295 0.0253528 0.48367
FixedParameters: 0 0 0

#Transform 137
Transform: AffineTransform_float_3_3
Parameters: 0.999984 -0.00113983 0.00552598 0.00100985 0.999725 0.0234522 -0.0055518 -0.0234462 0.99971 0.0262883 0.0341745 0.459511
FixedParameters: 0 0 0

#Transform 138
Transform: AffineTransform_float_3_3
Parameters: 0.999987 -0.000783974 0.00499899 0.000670121 0.999742 0.0226926 -0.00501589 -0.0226887 0.99973 0.0425777 0.0296112 0.502396
FixedParameters: 0 0 0

#Transform 139
Transform: AffineTransform_float_3_3
Parameters: 0.999987 -0.000756845 0.00502327 0.000636058 0.999714 0.0239151 -0.00504039 -0.0239122 0.999702 0.0406911 0.0569772 0.4758
FixedParameters: 0 0 0

#Transform 140
Transform: AffineTransform_float_3_3
Parameters: 0.999988 -0.000829299 0.00491495 0.000718142 0.999742 0.0226706 -0.00493201 -0.0226665 0.999731 0.0257971 -0.0125449 0.515839
FixedParameters: 0 0 0

#Transform 141
Transform: AffineTransform_float_3_3
Parameters: 0.999987 -0.000649595 0.00520873 0.000521235 0.999697 0.0246393 -0.00522228 -0.0246361 0.999683 0.0457217 -0.00478068 0.513574
FixedParameters: 0 0 0

#Transform 142
Transform: AffineTransform_float_3_3
Parameters: 0.999988 -0.000855008 0.00481743 0.000734487 0.999689 0.0249086 -0.00483692 -0.0249056 0.999678 0.0509512 0.0701342 0.491841
FixedParameters: 0 0 0

#Transform 143
Transform: AffineTransform_float_3_3
Parameters: 0.999987 -0.000777118 0.00497953 0.00065594 0.999707 0.0241854 -0.00499708 -0.0241819 0.999695 0.0442148 -0.00451125 0.533544
FixedParameters: 0 0 0

#Transform 144
Transform: AffineTransform_float_3_3
Parameters: 0.999988 -0.000812983 0.00490847 0.000692612 0.999703 0.0243647 -0.00492653 -0.0243611 0.999691 0.0479201 0.0324722 0.5199
FixedParameters: 0 0 0

#Transform 145
Transform: AffineTransform_float_3_3
Parameters: 0.999988 -0.000815751 0.0047641 0.000700757 0.999706 0.0242219 -0.00478275 -0.0242176 0.999696 0.0494577 0.0340434 0.527901
FixedParameters: 0 0 0

#Transform 146
Transform: AffineTransform_float_3_3
Parameters: 0.999988 -0.000877169 0.0047756 0.000757201 0.999689 0.024922 -0.00479664 -0.0249181 0.999679 0.0648954 0.0290636 0.517392
FixedParameters: 0 0 0

#Transform 147
Transform: AffineTransform_float_3_3
Parameters: 0.999987 -0.000732771 0.0050548 0.000608752 0.999698 0.0245442 -0.00507117 -0.0245405 0.999687 0.0282184 0.0450425 0.487837
FixedParameters: 0 0 0

#Transform 148
Transform: AffineTransform_float_3_3
Parameters: 0.999988 -0.000785392 0.00494145 0.000660327 0.999682 0.0252126 -0.00495949 -0.025209 0.99967 0.0246732 0.0222777 0.54247
FixedParameters: 0 0 0

#Transform 149
Transform: AffineTransform_float_3_3
Parameters: 0.999988 -0.000796975 0.00492578 0.000673391 0.999689 0.0249373 -0.00494383 -0.0249337 0.999677 0.0468529 -0.00236448 0.598891
FixedParameters: 0 0 0

#Transform 150
Transform: AffineTransform_float_3_3
Parameters: 0.999988 -0.00091801 0.00471828 0.000804325 0.99971 0.0240625 -0.00473901 -0.0240593 0.999699 0.0415675 0.0081807 0.586572
FixedParameters: 0 0 0

#Transform 151
Transform: AffineTransform_float_3_3
Parameters: 0.999987 -0.000776977 0.00494339 0.000649628 0.999666 0.0258343 -0.00496114 -0.0258308 0.999655 0.050038 0.0762361 0.578203
FixedParameters: 0 0 0

#Transform 152
Transform: AffineTransform_float_3_3
Parameters: 0.999986 -0.00103238 0.00507259 0.000898155 0.999651 0.0264035 -0.00509778 -0.0263982 0.999638 0.0407233 0.0159915 0.594896
FixedParameters: 0 0 0

#Transform 153
Transform: AffineTransform_float_3_3
Parameters: 0.999986 -0.00119204 0.00510321 0.00105823 0.999659 0.026086 -0.00513186 -0.0260797 0.999647 0.0424693 0.0405433 0.610333
FixedParameters: 0 0 0

#Transform 154
Transform: AffineTransform_float_3_3
Parameters: 0.999989 -0.000954617 0.00466792 0.000827075 0.99963 0.027191 -0.00469266 -0.0271865 0.999619 0.0550579 0.0108446 0.574664
FixedParameters: 0 0 0

#Transform 155
Transform: AffineTransform_float_3_3
Parameters: 0.999992 -0.00121867 0.00390189 0.00111681 0.999658 0.0261063 -0.00393246 -0.0261012 0.999652 0.0536051 0.0210989 0.703553
FixedParameters: 0 0 0

#Transform 156
Transform: AffineTransform_float_3_3
Parameters: 0.999994 -0.00104725 0.00323802 0.000946727 0.999524 0.0308573 -0.00326934 -0.0308539 0.999519 0.052278 -0.0264765 0.789981
FixedParameters: 0 0 0

#Transform 157
Transform: AffineTransform_float_3_3
Parameters: 0.999992 -0.00128154 0.00361044 0.00116207 0.999459 0.0328647 -0.00365137 -0.0328602 0.999453 0.0567592 -0.081172 0.78761
FixedParameters: 0 0 0

#Transform 158
Transform: AffineTransform_float_3_3
Parameters: 0.999992 -0.00166854 0.00377572 0.0015433 0.999458 0.032908 -0.00382801 -0.0329017 0.999451 0.0607769 -0.031698 0.805007
FixedParameters: 0 0 0

#Transform 159
Transform: AffineTransform_float_3_3
Parameters: 0.999991 -0.00156858 0.00393226 0.0014328 0.999413 0.034232 -0.00398303 -0.0342263 0.999406 0.0603701 -0.0456669 0.755043
FixedParameters: 0 0 0

#Transform 160
Transform: AffineTransform_float_3_3
Parameters: 0.99999 -0.0015576 0.00404573 0.00142459 0.999465 0.0326723 -0.00409412 -0.0326661 0.999457 0.0602409 -0.00843729 0.721929
FixedParameters: 0 0 0

#Transform 161
Transform: AffineTransform_float_3_3
Parameters: 0.999991 -0.00157403 0.00393848 0.00143917 0.99942 0.034011 -0.0039897 -0.0340043 0.999414 0.0817121 0.00799029 0.706262
FixedParameters: 0 0 0

#Transform 162
Transform: AffineTransform_float_3_3
Parameters: 0.99999 -0.00176312 0.00412906 0.00162281 0.999431 0.0336961 -0.00418639 -0.033689 0.999423 0.0767119 0.0116659 0.764921
FixedParameters: 0 0 0

#Transform 163
Transform: AffineTransform_float_3_3
Parameters: 0.999991 -0.0015606 0.00390667 0.00142202 0.999377 0.0352886 -0.00395853 -0.0352826 0.99937 0.102503 0.0431498 0.727554
FixedParameters: 0 0 0

#Transform 164
Transform: AffineTransform_float_3_3
Parameters: 0.99999 -0.00126835 0.00426481 0.00112089 0.999412 0.034279 -0.00430576 -0.0342736 0.999403 0.091827 0.000785129 0.728204
FixedParameters: 0 0 0

#Transform 165
Transform: AffineTransform_float_3_3
Parameters: 0.999989 -0.00126433 0.00456437 0.00112788 0.999558 0.0296968 -0.00460038 -0.0296918 0.999548 0.064737 0.0359415 0.636699
FixedParameters: 0 0 0

#Transform 166
Transform: AffineTransform_float_3_3
Parameters: 0.99999 -0.00097215 0.00445543 0.000827116 0.999469 0.0325695 -0.00448521 -0.0325657 0.99946 0.0638666 0.0353967 0.677004
FixedParameters: 0 0 0

#Transform 167
Transform: AffineTransform_float_3_3
Parameters: 0.999989 -0.00144603 0.00448155 0.00130013 0.999474 0.0324025 -0.00452644 -0.0323954 0.999465 0.0636241 0.0107071 0.7704
FixedParameters: 0 0 0

#Transform 168
Transform: AffineTransform_float_3_3
Parameters: 0.999989 -0.00138773 0.00454353 0.00123076 0.999407 0.034397 -0.0045887 -0.0343907 0.999398 0.0661485 0.0533441 0.772265
FixedParameters: 0 0 0

#Transform 169
Transform: AffineTransform_float_3_3
Parameters: 0.999989 -0.00145391 0.00446691 0.00129605 0.999387 0.0349719 -0.00451474 -0.0349658 0.999378 0.0706947 0.0682409 0.739253
FixedParameters: 0 0 0

#Transform 170
Transform: AffineTransform_float_3_3
Parameters: 0.999988 -0.00193457 0.00456258 0.00177455 0.999394 0.0347607 -0.00462749 -0.0347522 0.999385 0.0743811 0.0660279 0.740378
FixedParameters: 0 0 0

#Transform 171
Transform: AffineTransform_float_3_3
Parameters: 0.999989 -0.0012212 0.00443986 0.00106096 0.999355 0.035909 -0.00448125 -0.0359038 0.999345 0.0863283 0.00596058 0.722505
FixedParameters: 0 0 0

#Transform 172
Transform: AffineTransform_float_3_3
Parameters: 0.999988 -0.00190009 0.00463429 0.00173912 0.999402 0.0345435 -0.00469685 -0.0345349 0.999393 0.0904875 0.0263581 0.730529
FixedParameters: 0 0 0

#Transform 173
Transform: AffineTransform_float_3_3
Parameters: 0.999989 -0.00184989 0.0043019 0.00169647 0.999373 0.0353789 -0.00436382 -0.0353719 0.999365 0.102347 0.00109685 0.728049
FixedParameters: 0 0 0

#Transform 174
Transform: AffineTransform_float_3_3
Parameters: 0.99999 -0.00124857 0.00433531 0.00110977 0.99949 0.0319406 -0.0043727 -0.0319356 0.99948 0.0870406 0.0170486 0.661735
FixedParameters: 0 0 0

#Transform 175
Transform: AffineTransform_float_3_3
Parameters: 0.99999 -0.00154669 0.00428691 0.00140451 0.999457 0.0329196 -0.00433574 -0.0329134 0.999449 0.112725 0.0366297 0.760156
FixedParameters: 0 0 0

#Transform 176
Transform: AffineTransform_float_3_3
Parameters: 0.999991 -0.00150215 0.00392136 0.00136564 0.999399 0.0346394 -0.00397125 -0.0346341 0.999392 0.0964113 0.0402482 0.719688
FixedParameters: 0 0 0

#Transform 177
Transform: AffineTransform_float_3_3
Parameters: 0.999989 -0.00129643 0.00442057 0.00114691 0.999434 0.0335981 -0.00446148 -0.0335929 0.999426 0.0782081 0.0530984 0.706032
FixedParameters: 0 0 0

#Transform 178
Transform: AffineTransform_float_3_3
Parameters: 0.999989 -0.00151842 0.00460862 0.00135819 0.999399 0.0346616 -0.00465889 -0.0346544 0.999389 0.075266 0.0346614 0.730165
FixedParameters: 0 0 0

#Transform 179
Transform: AffineTransform_float_3_3
Parameters: 0.999989 -0.00151673 0.00447791 0.00135663 0.999375 0.0353289 -0.00452906 -0.0353222 0.999366 0.0847775 0.0288479 0.72101
FixedParameters: 0 0 0

#Transform 180
Transform: AffineTransform_float_3_3
Parameters: 0.999988 -0.0015101 0.00453277 0.00135202 0.999398 0.0346894 -0.00458217 -0.0346834 0.999388 0.0825591 0.0145464 0.726366
FixedParameters: 0 0 0

#Transform 181
Transform: AffineTransform_float_3_3
Parameters: 0.999991 -0.00114951 0.00411677 0.00101107 0.999439 0.0334922 -0.00415334 -0.033488 0.99943 0.0854605 0.0305223 0.681297
FixedParameters: 0 0 0

#Transform 182
Transform: AffineTransform_float_3_3
Parameters: 0.999993 -0.000776532 0.00372319 0.00067453 0.999632 0.0270834 -0.00374297 -0.0270808 0.999626 0.0869276 0.0022659 0.48278
FixedParameters: 0 0 0

#Transform 183
Transform: AffineTransform_float_3_3
Parameters: 0.999994 -0.000501633 0.00344985 0.000422089 0.999734 0.0230817 -0.00346014 -0.02308 0.999728 0.0910633 0.0570362 0.35462
FixedParameters: 0 0 0

#Transform 184
Transform: AffineTransform_float_3_3
Parameters: 0.999994 -0.000520915 0.00355487 0.000427787 0.999662 0.0260112 -0.0035672 -0.0260092 0.999656 0.0577754 0.0675227 0.471592
FixedParameters: 0 0 0

#Transform 185
Transform: AffineTransform_float_3_3
Parameters: 0.999991 -0.000873553 0.00395669 0.000757873 0.999575 0.029168 -0.00398034 -0.0291645 0.999566 0.0555681 0.0585301 0.60068
FixedParameters: 0 0 0

#Transform 186
Transform: AffineTransform_float_3_3
Parameters: 0.999992 -0.00100994 0.00397687 0.000885545 0.999514 0.0311519 -0.00400589 -0.0311475 0.999507 0.0563679 0.0512219 0.658096
FixedParameters: 0 0 0

#Transform 187
Transform: AffineTransform_float_3_3
Parameters: 0.999991 -0.00101741 0.00404807 0.000885704 0.999472 0.0324622 -0.00407865 -0.0324589 0.999465 0.0572373 0.0547555 0.653547
FixedParameters: 0 0 0

#Transform 188
Transform: AffineTransform_float_3_3
Parameters: 0.99999 -0.00139663 0.00425266 0.00125806 0.999474 0.0323909 -0.00429597 -0.0323851 0.999466 0.0588954 0.0626672 0.655413
FixedParameters: 0 0 0

#Transform 189
Transform: AffineTransform_float_3_3
