#Insight Transform File V1.0
#Transform 0
Transform: AffineTransform_float_3_3
Parameters: 0.999999 -0.000489759 0.00118737 0.000491621 0.999997 -0.00214136 -0.00118609 0.00214252 0.999997 -0.0319347 0.125947 -0.258181
FixedParameters: 0 0 0

#Transform 1
Transform: AffineTransform_float_3_3
Parameters: 0.999999 -0.000513199 0.00112287 0.000514768 0.999997 -0.00213413 -0.0011215 0.00213528 0.999997 -0.0186312 0.121788 -0.274313
FixedParameters: 0 0 0

#Transform 2
Transform: AffineTransform_float_3_3
Parameters: 1 -1.96282e-05 0.00105421 2.21212e-05 0.999998 -0.00212097 -0.00105434 0.00212092 0.999998 -0.0329951 0.123892 -0.271971
FixedParameters: 0 0 0

#Transform 3
Transform: AffineTransform_float_3_3
Parameters: 1 -0.000142672 0.000990453 0.000144558 0.999998 -0.00211485 -0.000991003 0.00211516 0.999998 -0.0263794 0.082404 -0.228131
FixedParameters: 0 0 0

#Transform 4
Transform: AffineTransform_float_3_3
Parameters: 0.999999 -1.63363e-05 0.00116948 1.8474e-05 0.999998 -0.00171953 -0.00116873 0.00171938 0.999998 -0.0358494 0.137097 -0.280603
FixedParameters: 0 0 0

#Transform 5
Transform: AffineTransform_float_3_3
Parameters: 1 -6.53706e-05 0.000937513 6.68116e-05 0.999998 -0.00233785 -0.000938014 0.00233811 0.999997 -0.0369381 0.097228 -0.26483
FixedParameters: 0 0 0

#Transform 6
Transform: AffineTransform_float_3_3
Parameters: 1 5.39936e-05 0.00086389 -5.2256e-05 0.999999 -0.00151721 -0.000863619 0.00151772 0.999999 -0.0350973 0.0841077 -0.292802
FixedParameters: 0 0 0

#Transform 7
Transform: AffineTransform_float_3_3
Parameters: 1 -3.1408e-05 0.000487474 3.23125e-05 0.999997 -0.00252063 -0.000487585 0.00251993 0.999997 -0.026609 0.0984736 -0.239929
FixedParameters: 0 0 0

#Transform 8
Transform: AffineTransform_float_3_3
Parameters: 0.999999 0.000125541 0.00070628 -0.000124111 0.999999 -0.0014994 -0.000706293 0.00149919 0.999998 -0.0317996 0.0830005 -0.247976
FixedParameters: 0 0 0

#Transform 9
Transform: AffineTransform_float_3_3
Parameters: 1 0.000322704 0.000817595 -0.000322001 0.999998 -0.00214924 -0.000818787 0.00214937 0.999998 -0.0520653 0.0680205 -0.194997
FixedParameters: 0 0 0

#Transform 10
Transform: AffineTransform_float_3_3
Parameters: 0.999999 0.000243825 0.000753003 -0.000243022 0.999999 -0.00111962 -0.000753116 0.00111985 0.999999 -0.0561763 0.0128013 -0.218656
FixedParameters: 0 0 0

#Transform 11
Transform: AffineTransform_float_3_3
Parameters: 1 9.86602e-05 9.64622e-05 -9.91149e-05 1 -0.00120617 -9.63403e-05 0.00120611 1 -0.0248731 0.0477528 -0.107321
FixedParameters: 0 0 0

#Transform 12
Transform: AffineTransform_float_3_3
Parameters: 1 0.000171652 0.000562422 -0.000171366 0.999999 -0.00103981 -0.000562348 0.00104021 0.999999 -0.037516 0.0111419 -0.0958438
FixedParameters: 0 0 0

#Transform 13
Transform: AffineTransform_float_3_3
Parameters: 1 0.000275929 0.000577742 -0.000275275 1 -0.000566526 -0.000578053 0.000566207 0.999999 -0.0349496 0.0129554 -0.100103
FixedParameters: 0 0 0

#Transform 14
Transform: AffineTransform_float_3_3
Parameters: 1 0.000152906 0.000492279 -0.000152457 1 -0.00115399 -0.000492271 0.00115381 0.999999 -0.0275676 0.0492857 -0.069699
FixedParameters: 0 0 0

#Transform 15
Transform: AffineTransform_float_3_3
Parameters: 1 0.000121127 0.000535416 -0.000121745 1 -0.000279398 -0.000535147 0.000279239 1 -0.0353788 0.0130922 -0.0940617
FixedParameters: 0 0 0

#Transform 16
Transform: AffineTransform_float_3_3
Parameters: 1 0.000172019 0.00055895 -0.000171707 0.999999 -0.0010696 -0.000558886 0.00107001 0.999999 -0.036595 0.0322781 -0.0400887
FixedParameters: 0 0 0

#Transform 17
Transform: AffineTransform_float_3_3
Parameters: 1 0.000113416 0.0005502 -0.000113374 1 -3.85696e-05 -0.000550208 3.84446e-05 1 -0.0389481 -0.026407 -0.0664487
FixedParameters: 0 0 0

#Transform 18
Transform: AffineTransform_float_3_3
Parameters: 0.999999 0.000165127 0.000623602 -0.000165403 1 -0.000514708 -0.000623435 0.000514473 0.999999 -0.0392033 0.000536873 -0.0418883
FixedParameters: 0 0 0

#Transform 19
Transform: AffineTransform_float_3_3
Parameters: 1 6.47447e-05 0.000444827 -6.48976e-05 1 0.000171492 -0.000444804 -0.00017155 1 -0.0339816 -0.0747813 -0.0168702
FixedParameters: 0 0 0

#Transform 20
Transform: AffineTransform_float_3_3
Parameters: 1 0.000130023 0.000257422 -0.00013008 1 0.000111509 -0.000257393 -0.000111576 1 -0.0107247 -0.00816758 -0.0264869
FixedParameters: 0 0 0

#Transform 21
Transform: AffineTransform_float_3_3
Parameters: 1 1.81153e-05 0.000278876 -1.80834e-05 1 -5.74087e-05 -0.000278878 5.73984e-05 1 -0.0124538 -0.00821076 -0.0251281
FixedParameters: 0 0 0

#Transform 22
Transform: AffineTransform_float_3_3
Parameters: 1 -3.82725e-05 0.00012266 3.82823e-05 1 -3.98923e-05 -0.000122657 3.99016e-05 1 -0.00470294 -0.020953 -0.0208115
FixedParameters: 0 0 0

#Transform 23
Transform: AffineTransform_float_3_3
Parameters: 1 -0.000117415 0.000326989 0.000117458 1 -6.45729e-05 -0.000326974 6.46495e-05 1 0.00223758 -0.0294019 0.0033345
FixedParameters: 0 0 0

#Transform 24
Transform: AffineTransform_float_3_3
Parameters: 1 8.7516e-06 0.000367868 -9.27237e-06 0.999999 0.00070738 -0.000367856 -0.000707386 0.999999 0.0023534 -0.0378694 0.00233817
FixedParameters: 0 0 0

#Transform 25
Transform: AffineTransform_float_3_3
Parameters: 1 2.17805e-05 0.000243854 -2.28486e-05 1 -0.000358343 -0.000244468 0.000358416 1 0.00579056 -0.0105938 0.0249504
FixedParameters: 0 0 0

#Transform 26
Transform: AffineTransform_float_3_3
Parameters: 1 8.97205e-06 0.000365788 -9.47679e-06 1 0.000689502 -0.000365776 -0.000689508 0.999999 -0.00175561 -0.0452043 -0.0221037
FixedParameters: 0 0 0

#Transform 27
Transform: AffineTransform_float_3_3
Parameters: 1 -0.000112435 0.000348445 0.000113252 1 0.000143403 -0.000348814 -0.000143296 1 -0.00160105 -0.0654626 0.0279727
FixedParameters: 0 0 0

#Transform 28
Transform: AffineTransform_float_3_3
Parameters: 1 -0.000225452 0.000148128 0.000225241 0.999999 0.000712057 -0.000148449 -0.00071199 0.999999 0.00604262 -0.087558 0.0270491
FixedParameters: 0 0 0

#Transform 29
Transform: AffineTransform_float_3_3
Parameters: 1 -0.00023821 -0.000170316 0.000238254 1 0.000126685 0.000170255 -0.000126766 1 0.0220663 -0.0316042 0.0569491
FixedParameters: 0 0 0

#Transform 30
Transform: AffineTransform_float_3_3
Parameters: 1 -0.000305236 -1.46856e-05 0.000305246 1 0.000308166 1.44975e-05 -0.000308175 1 0.0129893 -0.0740083 0.089843
FixedParameters: 0 0 0

#Transform 31
Transform: AffineTransform_float_3_3
Parameters: 1 -0.000172978 -7.89484e-05 0.000172473 1 0.00115286 7.89096e-05 -0.00115292 1 0.0191411 -0.062743 0.0643842
FixedParameters: 0 0 0

#Transform 32
Transform: AffineTransform_float_3_3
Parameters: 1 -0.000165341 -0.000154885 0.000164579 1 0.000499304 0.000155057 -0.000499382 1 0.0319301 -0.0539387 0.097571
FixedParameters: 0 0 0

#Transform 33
Transform: AffineTransform_float_3_3
Parameters: 1 -9.7636e-05 -0.000455498 9.79381e-05 1 0.00108579 0.000455645 -0.00108591 1 0.0358877 -0.090001 0.0921726
FixedParameters: 0 0 0

#Transform 34
Transform: AffineTransform_float_3_3
Parameters: 0.999999 -0.000145098 -0.000624367 0.000144788 1 0.000485641 0.000624562 -0.000485849 0.999999 0.04481 -0.036353 0.064883
FixedParameters: 0 0 0

#Transform 35
Transform: AffineTransform_float_3_3
Parameters: 1 -4.17411e-05 -0.00059302 4.19462e-05 1 0.00109656 0.000592271 -0.00109729 1 0.0394901 -0.0854079 0.0640959
FixedParameters: 0 0 0

#Transform 36
Transform: AffineTransform_float_3_3
Parameters: 0.999999 -0.000100582 -0.000586696 0.000100503 0.999999 0.000964401 0.000585998 -0.000963804 1 0.0473092 -0.0559787 0.0863384
FixedParameters: 0 0 0

#Transform 37
Transform: AffineTransform_float_3_3
Parameters: 0.999999 0.000183086 -0.000679239 -0.000182675 1 0.00104891 0.000679048 -0.00104858 0.999999 0.032421 -0.115665 0.0869326
FixedParameters: 0 0 0

#Transform 38
Transform: AffineTransform_float_3_3
Parameters: 0.999999 0.000204395 -0.000621444 -0.000203799 1 0.00103237 0.000622224 -0.00103215 1 0.0387356 -0.0402977 0.0655307
FixedParameters: 0 0 0

#Transform 39
Transform: AffineTransform_float_3_3
Parameters: 1 -6.58244e-05 -0.000617113 6.64913e-05 0.999999 0.000804941 0.000616072 -0.000804909 0.999999 0.0475077 -0.0619155 0.083366
FixedParameters: 0 0 0

#Transform 40
Transform: AffineTransform_float_3_3
Parameters: 1 -4.74275e-05 -0.000381996 4.73481e-05 0.999999 0.00133069 0.000381213 -0.00133141 0.999999 0.038373 -0.0752643 0.087743
FixedParameters: 0 0 0

#Transform 41
Transform: AffineTransform_float_3_3
Parameters: 1 -0.000192991 -0.000599381 0.000193657 1 0.000554614 0.000599166 -0.000554845 0.999999 0.0385292 -0.0858226 0.130425
FixedParameters: 0 0 0

#Transform 42
Transform: AffineTransform_float_3_3
Parameters: 0.999999 0.000110695 -0.000626833 -0.0001101 0.999999 0.00128353 0.000626541 -0.0012833 0.999999 0.0366533 -0.0744406 0.0829672
FixedParameters: 0 0 0

#Transform 43
Transform: AffineTransform_float_3_3
Parameters: 1 -7.76865e-05 -0.000654059 7.82593e-05 1 0.000437575 0.000653991 -0.000437676 0.999999 0.0508656 -0.0212251 0.0962142
FixedParameters: 0 0 0

#Transform 44
Transform: AffineTransform_float_3_3
Parameters: 1 0.000111273 -0.00055404 -0.000110545 0.999999 0.00127707 0.000554682 -0.00127697 0.999999 0.0364403 -0.0543752 0.0899839
FixedParameters: 0 0 0

#Transform 45
Transform: AffineTransform_float_3_3
Parameters: 1 -7.90717e-05 -0.000639739 7.94629e-05 1 0.000560739 0.000638715 -0.000560727 0.999999 0.0560875 -0.0301789 0.132938
FixedParameters: 0 0 0

#Transform 46
Transform: AffineTransform_float_3_3
Parameters: 1 -0.000101756 -0.000358035 0.000101995 0.999999 0.00129389 0.00035813 -0.00129399 0.999999 0.0422983 -0.08649 0.140411
FixedParameters: 0 0 0

#Transform 47
Transform: AffineTransform_float_3_3
Parameters: 1 -4.47276e-05 -0.000571566 4.6091e-05 0.999999 0.00127814 0.000570539 -0.00127808 0.999999 0.0532523 -0.0580518 0.145787
FixedParameters: 0 0 0

#Transform 48
Transform: AffineTransform_float_3_3
Parameters: 1 -0.00016902 -0.000602744 0.000168829 1 0.000601629 0.000602876 -0.00060186 0.999999 0.0418541 -0.0492095 0.16751
FixedParameters: 0 0 0

#Transform 49
Transform: AffineTransform_float_3_3
Parameters: 1 6.46554e-05 -0.000491236 -6.3245e-05 0.999999 0.00153496 0.00049052 -0.00153479 0.999998 0.0529095 -0.0590359 0.15578
FixedParameters: 0 0 0

#Transform 50
Transform: AffineTransform_float_3_3
Parameters: 0.999999 -9.09219e-05 -0.00065806 9.04784e-05 1 0.000359355 0.000658331 -0.000359501 0.999999 0.0574282 -0.0418582 0.197977
FixedParameters: 0 0 0

#Transform 51
Transform: AffineTransform_float_3_3
Parameters: 0.999999 -0.000104348 -0.000585363 0.000104266 0.999999 0.000964198 0.000584658 -0.000963606 1 0.0560911 -0.0494038 0.159757
FixedParameters: 0 0 0

#Transform 52
Transform: AffineTransform_float_3_3
Parameters: 1 7.66805e-05 -0.000567326 -7.57275e-05 0.999998 0.00170439 0.000567105 -0.00170359 0.999999 0.0510103 -0.0652033 0.170683
FixedParameters: 0 0 0

#Transform 53
Transform: AffineTransform_float_3_3
Parameters: 0.999999 -5.19949e-05 -0.000837357 5.34615e-05 0.999999 0.00128581 0.000837581 -0.00128592 0.999999 0.063853 -0.0708912 0.171882
FixedParameters: 0 0 0

#Transform 54
Transform: AffineTransform_float_3_3
Parameters: 0.999999 0.000182018 -0.000592893 -0.000180652 0.999999 0.00181309 0.000592998 -0.00181279 0.999998 0.0495249 -0.0684248 0.14984
FixedParameters: 0 0 0

#Transform 55
Transform: AffineTransform_float_3_3
Parameters: 1 -0.000202914 -0.000544255 0.000203134 0.999999 0.00101456 0.000544273 -0.00101418 1 0.0543065 -0.0418799 0.182026
FixedParameters: 0 0 0

#Transform 56
Transform: AffineTransform_float_3_3
Parameters: 1 -4.36102e-05 -0.000365729 4.37347e-05 0.999998 0.00166915 0.000364926 -0.00166986 0.999998 0.0483032 -0.0701999 0.154557
FixedParameters: 0 0 0

#Transform 57
Transform: AffineTransform_float_3_3
Parameters: 1 -0.000136036 -0.000605517 0.000136537 1 0.000682901 0.000604396 -0.000682952 0.999999 0.0561257 -0.0443467 0.138622
FixedParameters: 0 0 0

#Transform 58
Transform: AffineTransform_float_3_3
Parameters: 1 -5.53435e-05 -0.000583755 5.65717e-05 1 0.00113545 0.000582717 -0.00113541 0.999999 0.0436202 -0.0853429 0.139666
FixedParameters: 0 0 0

#Transform 59
Transform: AffineTransform_float_3_3
Parameters: 0.999999 7.75685e-05 -0.000689308 -7.79545e-05 1 0.000621855 0.000688807 -0.000621662 0.999999 0.0469707 -0.0441943 0.145538
FixedParameters: 0 0 0

#Transform 60
Transform: AffineTransform_float_3_3
Parameters: 0.999999 9.47589e-05 -0.000756469 -9.36522e-05 0.999999 0.00123913 0.00075698 -0.00123978 0.999999 0.0406878 -0.0437148 0.133439
FixedParameters: 0 0 0

#Transform 61
Transform: AffineTransform_float_3_3
Parameters: 1 0.000494902 -0.000754385 -0.000494066 0.999999 0.0013778 0.000755149 -0.00137697 0.999999 0.0317675 -0.0688446 0.149679
FixedParameters: 0 0 0

#Transform 62
Transform: AffineTransform_float_3_3
Parameters: 0.999999 0.00021201 -0.000726198 -0.000211366 0.999999 0.000724614 0.000725489 -0.000724961 0.999999 0.0328372 -0.0568687 0.129111
FixedParameters: 0 0 0

#Transform 63
Transform: AffineTransform_float_3_3
Parameters: 1 0.000368265 -0.000724533 -0.000366878 0.999999 0.00123889 0.000724427 -0.00123901 0.999999 0.0325319 -0.0454903 0.100318
FixedParameters: 0 0 0

#Transform 64
Transform: AffineTransform_float_3_3
Parameters: 0.999999 0.000116908 -0.000701349 -0.000116335 1 0.000640859 0.000700564 -0.000640582 0.999999 0.0407156 -0.045997 0.207267
FixedParameters: 0 0 0

#Transform 65
Transform: AffineTransform_float_3_3
Parameters: 0.999999 4.31442e-05 -0.000767534 -4.13699e-05 0.999999 0.0016031 0.000768029 -0.00160306 0.999998 0.0435981 -0.0365935 0.150939
FixedParameters: 0 0 0

#Transform 66
Transform: AffineTransform_float_3_3
Parameters: 0.999999 0.00032501 -0.00124672 -0.000323218 1 0.0012176 0.00124691 -0.00121671 0.999998 0.0457556 0.00344511 0.15812
FixedParameters: 0 0 0

#Transform 67
Transform: AffineTransform_float_3_3
Parameters: 0.999999 0.000355825 -0.00127307 -0.00035383 0.999998 0.00165045 0.00127399 -0.00164962 0.999998 0.0434751 -0.0956162 0.186495
FixedParameters: 0 0 0

#Transform 68
Transform: AffineTransform_float_3_3
Parameters: 1 0.00042109 -0.00103994 -0.000418452 0.999999 0.00175555 0.00104084 -0.00175459 0.999998 0.0418396 -0.0656492 0.197492
FixedParameters: 0 0 0

#Transform 69
Transform: AffineTransform_float_3_3
Parameters: 0.999999 0.000189165 -0.00116392 -0.000188264 1 0.000921221 0.00116367 -0.000920695 0.999999 0.0453554 -0.0291323 0.210013
FixedParameters: 0 0 0

#Transform 70
Transform: AffineTransform_float_3_3
Parameters: 0.999999 0.000337263 -0.00134319 -0.000335017 0.999999 0.00173671 0.00134302 -0.00173718 0.999998 0.0468077 -0.0965307 0.242972
FixedParameters: 0 0 0

#Transform 71
Transform: AffineTransform_float_3_3
Parameters: 0.999998 1.17103e-05 -0.00154333 -9.8009e-06 1 0.00103696 0.00154276 -0.00103698 0.999999 0.0598576 -0.0369224 0.24232
FixedParameters: 0 0 0

#Transform 72
Transform: AffineTransform_float_3_3
Parameters: 1 0.000117791 -0.00145634 -0.000114659 0.999998 0.00214786 0.00145692 -0.00214763 0.999996 0.0550632 -0.0844086 0.220916
FixedParameters: 0 0 0

#Transform 73
Transform: AffineTransform_float_3_3
Parameters: 0.999998 3.64066e-06 -0.00154484 -1.84914e-06 1 0.000997763 0.00154426 -0.000997807 0.999999 0.0597796 -0.0354249 0.222579
FixedParameters: 0 0 0

#Transform 74
Transform: AffineTransform_float_3_3
Parameters: 0.999999 -7.06637e-05 -0.00137824 7.39453e-05 0.999997 0.00224093 0.00137802 -0.00224124 0.999996 0.0632266 -0.0884377 0.22234
FixedParameters: 0 0 0

#Transform 75
Transform: AffineTransform_float_3_3
Parameters: 0.999999 -0.000116207 -0.00150076 0.000118067 0.999999 0.00100644 0.00150095 -0.00100632 0.999999 0.0602622 -0.0217759 0.203954
FixedParameters: 0 0 0

#Transform 76
Transform: AffineTransform_float_3_3
Parameters: 0.999999 -2.63238e-05 -0.00143365 2.89272e-05 0.999999 0.00188944 0.00143374 -0.00188886 0.999997 0.0582944 -0.112727 0.236983
FixedParameters: 0 0 0

#Transform 77
Transform: AffineTransform_float_3_3
Parameters: 0.999998 -7.17809e-06 -0.00152579 8.42561e-06 1 0.00113234 0.00152552 -0.00113244 0.999999 0.0658914 -0.0516328 0.233704
FixedParameters: 0 0 0

#Transform 78
Transform: AffineTransform_float_3_3
Parameters: 0.999999 0.000116807 -0.00144429 -0.000113527 0.999997 0.00225116 0.00144399 -0.00225082 0.999996 0.0565204 -0.0704221 0.21331
FixedParameters: 0 0 0

#Transform 79
Transform: AffineTransform_float_3_3
Parameters: 0.999999 -0.000134454 -0.00145911 0.000136093 0.999999 0.00131818 0.0014585 -0.00131866 0.999998 0.0552514 -0.0667032 0.234483
FixedParameters: 0 0 0

#Transform 80
Transform: AffineTransform_float_3_3
Parameters: 0.999999 -9.84559e-05 -0.00127874 0.000101725 0.999998 0.00202046 0.00127819 -0.00202003 0.999997 0.0605512 -0.0782262 0.21142
FixedParameters: 0 0 0

#Transform 81
Transform: AffineTransform_float_3_3
Parameters: 1 -2.28704e-05 -0.00109537 2.39009e-05 0.999999 0.00144137 0.00109513 -0.00144074 0.999999 0.0428352 -0.060597 0.239987
FixedParameters: 0 0 0

#Transform 82
Transform: AffineTransform_float_3_3
Parameters: 1 -7.78413e-05 -0.00103505 7.87342e-05 0.999999 0.00149819 0.00103457 -0.00149843 0.999999 0.0403958 -0.067071 0.234117
FixedParameters: 0 0 0

#Transform 83
Transform: AffineTransform_float_3_3
Parameters: 0.999999 -0.000335388 -0.00119829 0.000337737 0.999998 0.00201803 0.00119806 -0.00201829 0.999997 0.0558038 -0.0356171 0.21301
FixedParameters: 0 0 0

#Transform 84
Transform: AffineTransform_float_3_3
Parameters: 0.999999 -0.000447587 -0.00109161 0.000448719 0.999999 0.00134273 0.00109117 -0.00134313 0.999999 0.0447158 -0.0599062 0.242563
FixedParameters: 0 0 0

#Transform 85
Transform: AffineTransform_float_3_3
Parameters: 0.999999 -0.000596296 -0.00119278 0.000599088 0.999997 0.00221426 0.00119126 -0.00221514 0.999997 0.0698421 -0.0646706 0.255819
FixedParameters: 0 0 0

#Transform 86
Transform: AffineTransform_float_3_3
Parameters: 0.999999 -0.000590249 -0.00125799 0.000592683 0.999999 0.00165094 0.00125688 -0.00165108 0.999997 0.0713472 -0.0454255 0.278679
FixedParameters: 0 0 0

#Transform 87
Transform: AffineTransform_float_3_3
Parameters: 0.999999 -0.000560003 -0.00111036 0.000563037 0.999998 0.00207431 0.00110882 -0.00207499 0.999997 0.0647139 -0.064596 0.259706
FixedParameters: 0 0 0

#Transform 88
Transform: AffineTransform_float_3_3
Parameters: 0.999999 -0.000593208 -0.00122566 0.000596367 0.999998 0.00193017 0.00122415 -0.00193105 0.999998 0.0712687 -0.0384408 0.243053
FixedParameters: 0 0 0

#Transform 89
Transform: AffineTransform_float_3_3
Parameters: 0.999999 -0.000537079 -0.0012618 0.000538905 0.999998 0.00178744 0.00126107 -0.00178762 0.999998 0.0668672 -0.0820072 0.259986
FixedParameters: 0 0 0

#Transform 90
Transform: AffineTransform_float_3_3
Parameters: 0.999999 -0.000519204 -0.00119788 0.00052273 0.999997 0.00241521 0.00119651 -0.00241591 0.999997 0.0724094 -0.0330969 0.237384
FixedParameters: 0 0 0

#Transform 91
Transform: AffineTransform_float_3_3
Parameters: 0.999999 -0.000538021 -0.00135669 0.000540084 0.999999 0.00142358 0.00135592 -0.00142447 0.999998 0.0743022 -0.0325363 0.238558
FixedParameters: 0 0 0

#Transform 92
Transform: AffineTransform_float_3_3
Parameters: 1 -0.000511269 -0.000971029 0.000513739 0.999998 0.00208198 0.000969684 -0.0020824 0.999998 0.0634991 -0.029712 0.260528
FixedParameters: 0 0 0

#Transform 93
Transform: AffineTransform_float_3_3
Parameters: 0.999998 -0.000697463 -0.00135791 0.000698878 0.999999 0.00152126 0.00135689 -0.00152261 0.999998 0.0693435 -0.0224083 0.298031
FixedParameters: 0 0 0

#Transform 94
Transform: AffineTransform_float_3_3
Parameters: 0.999999 -0.00059534 -0.00120289 0.000597967 0.999998 0.00212685 0.00120148 -0.00212774 0.999997 0.0711563 -0.0440381 0.294394
FixedParameters: 0 0 0

#Transform 95
Transform: AffineTransform_float_3_3
Parameters: 0.999999 -0.00035061 -0.00128716 0.000353349 0.999998 0.00215801 0.00128583 -0.00215826 0.999997 0.0665139 -0.0270711 0.263649
FixedParameters: 0 0 0

#Transform 96
Transform: AffineTransform_float_3_3
Parameters: 0.999999 -0.000384828 -0.00140478 0.000389295 0.999995 0.0031521 0.00140332 -0.00315196 0.999994 0.0458985 -0.113308 0.225765
FixedParameters: 0 0 0

#Transform 97
Transform: AffineTransform_float_3_3
Parameters: 0.999998 -9.77184e-05 -0.00178714 0.000104376 0.999994 0.00358821 0.0017871 -0.00358805 0.999992 0.0563955 -0.089867 0.208887
FixedParameters: 0 0 0

#Transform 98
Transform: AffineTransform_float_3_3
Parameters: 0.999997 -0.00054098 -0.00256775 0.000546424 0.999997 0.00196151 0.00256625 -0.00196254 0.999994 0.0824626 -0.0342224 0.249425
FixedParameters: 0 0 0

#Transform 99
Transform: AffineTransform_float_3_3
Parameters: 0.999997 -0.000736636 -0.00242264 0.000743694 0.999996 0.00262845 0.00242104 -0.00263045 0.999994 0.0972742 -0.0176196 0.250153
FixedParameters: 0 0 0

#Transform 100
Transform: AffineTransform_float_3_3
Parameters: 0.999997 -0.000743696 -0.00240351 0.000748979 0.999997 0.00220533 0.00240122 -0.00220719 0.999995 0.0873325 -0.0166002 0.222003
FixedParameters: 0 0 0

#Transform 101
Transform: AffineTransform_float_3_3
Parameters: 0.999996 -0.000754018 -0.00263089 0.0007593 0.999998 0.00212576 0.00262994 -0.00212815 0.999994 0.0847086 -0.0113763 0.213737
FixedParameters: 0 0 0

#Transform 102
Transform: AffineTransform_float_3_3
Parameters: 0.999997 -0.000647989 -0.00249995 0.000654114 0.999997 0.00222291 0.00249899 -0.00222454 0.999995 0.083642 0.0321703 0.179002
FixedParameters: 0 0 0

#Transform 103
Transform: AffineTransform_float_3_3
Parameters: 0.999997 -0.000816963 -0.0023633 0.000820584 0.999998 0.00155802 0.00236095 -0.00156073 0.999996 0.0497309 -0.0247405 0.15943
FixedParameters: 0 0 0

#Transform 104
Transform: AffineTransform_float_3_3
Parameters: 0.999997 -0.0005126 -0.00243583 0.00051714 0.999998 0.00221817 0.00243478 -0.0022196 0.999994 0.0739335 -0.0233458 0.183485
FixedParameters: 0 0 0

#Transform 105
Transform: AffineTransform_float_3_3
Parameters: 0.999995 -0.00100727 -0.00297039 0.00101077 0.999998 0.00106954 0.00296926 -0.00107257 0.999996 0.0811083 0.0170085 0.185616
FixedParameters: 0 0 0

#Transform 106
Transform: AffineTransform_float_3_3
Parameters: 0.999996 -0.000437408 -0.00271501 0.000442345 0.999998 0.00176163 0.00271409 -0.00176226 0.999994 0.0667718 -0.0075476 0.190087
FixedParameters: 0 0 0

#Transform 107
Transform: AffineTransform_float_3_3
Parameters: 0.999995 -0.000689691 -0.00311967 0.000694741 0.999999 0.00156642 0.00311912 -0.00156846 0.999994 0.0634653 0.0107313 0.189218
FixedParameters: 0 0 0

#Transform 108
Transform: AffineTransform_float_3_3
Parameters: 0.999996 -0.000554747 -0.00267743 0.00056012 0.999998 0.00199616 0.0026762 -0.00199742 0.999995 0.0551831 0.000102974 0.203709
FixedParameters: 0 0 0

#Transform 109
Transform: AffineTransform_float_3_3
Parameters: 0.999995 -0.000366987 -0.00326636 0.000371147 0.999999 0.00129459 0.00326558 -0.00129611 0.999994 0.0623873 0.0307287 0.178362
FixedParameters: 0 0 0

#Transform 110
Transform: AffineTransform_float_3_3
Parameters: 0.999995 -0.000437735 -0.00330244 0.000440351 0.999999 0.000749316 0.00330229 -0.000750755 0.999995 0.0590967 0.0629061 0.208257
FixedParameters: 0 0 0

#Transform 111
Transform: AffineTransform_float_3_3
Parameters: 0.999995 -0.000376086 -0.00319449 0.000382142 0.999998 0.00190257 0.003194 -0.00190354 0.999993 0.0587388 0.0184445 0.207684
FixedParameters: 0 0 0

#Transform 112
Transform: AffineTransform_float_3_3
Parameters: 0.999995 -0.000426457 -0.00309044 0.000429787 0.999999 0.00107282 0.00308945 -0.00107379 0.999994 0.0504047 0.0316647 0.155532
FixedParameters: 0 0 0

#Transform 113
Transform: AffineTransform_float_3_3
Parameters: 0.999996 -0.000341255 -0.00289266 0.000344389 0.999999 0.00119393 0.00289289 -0.00119577 0.999996 0.043749 0.053945 0.135721
FixedParameters: 0 0 0

#Transform 114
Transform: AffineTransform_float_3_3
Parameters: 0.999995 -0.000298376 -0.00327075 0.000299465 1 0.000566127 0.00326998 -0.00056637 0.999994 0.0552966 0.0673698 0.105962
FixedParameters: 0 0 0

#Transform 115
Transform: AffineTransform_float_3_3
Parameters: 0.999995 -0.000499717 -0.00303166 0.000494461 0.999999 -0.00161046 0.00303276 0.00160923 0.999994 0.0394925 0.087691 0.0994331
FixedParameters: 0 0 0

#Transform 116
Transform: AffineTransform_float_3_3
Parameters: 0.999994 -0.000201768 -0.00353177 0.000199904 1 -0.000526564 0.00353201 0.000525972 0.999994 0.0529653 0.0876661 0.00876503
FixedParameters: 0 0 0

#Transform 117
Transform: AffineTransform_float_3_3
Parameters: 0.999995 -1.60552e-05 -0.00324425 1.44865e-05 1 -0.000557484 0.00324423 0.000557581 0.999995 0.0460977 0.0974918 -0.0461137
FixedParameters: 0 0 0

#Transform 118
Transform: AffineTransform_float_3_3
Parameters: 0.999994 -8.14965e-05 -0.00349532 8.23334e-05 1 0.000179624 0.00349489 -0.000180709 0.999994 0.0621694 0.131942 -0.056215
FixedParameters: 0 0 0

#Transform 119
Transform: AffineTransform_float_3_3
Parameters: 0.999996 0.000313418 -0.00288925 -0.000312099 1 0.000219956 0.00288892 -0.000219156 0.999995 0.0136019 0.101327 -0.0654082
FixedParameters: 0 0 0

#Transform 120
Transform: AffineTransform_float_3_3
Parameters: 0.999996 0.000438506 -0.00256158 -0.000437985 1 4.76148e-05 0.00256118 -4.63803e-05 0.999997 -0.000816203 0.0681011 -0.0646388
FixedParameters: 0 0 0

#Transform 121
Transform: AffineTransform_float_3_3
Parameters: 0.999996 0.000726135 -0.00240651 -0.000723603 0.999999 0.000924401 0.00240705 -0.000922493 0.999996 -2.9538e-05 0.0297574 -0.0761067
FixedParameters: 0 0 0

#Transform 122
Transform: AffineTransform_float_3_3
Parameters: 0.999997 0.000605977 -0.00209291 -0.000605305 1 2.80069e-05 0.00209251 -2.63467e-05 0.999998 -0.00468071 0.0613929 -0.0678765
FixedParameters: 0 0 0

#Transform 123
Transform: AffineTransform_float_3_3
Parameters: 0.999997 0.000447322 -0.00210059 -0.000445866 1 0.000728482 0.00210054 -0.000727423 0.999998 0.00336162 0.0569153 -0.0695094
FixedParameters: 0 0 0

#Transform 124
Transform: AffineTransform_float_3_3
Parameters: 0.999998 0.000581359 -0.00212271 -0.000580677 1 0.000299992 0.00212294 -0.000298425 0.999998 0.0100736 0.0981915 -0.0662992
FixedParameters: 0 0 0

#Transform 125
Transform: AffineTransform_float_3_3
Parameters: 0.999998 0.000354368 -0.00192527 -0.00035325 1 0.000706716 0.00192508 -0.000706171 0.999998 -0.0028035 0.0475479 -0.0606111
FixedParameters: 0 0 0

#Transform 126
Transform: AffineTransform_float_3_3
Parameters: 0.999998 0.000465679 -0.00213773 -0.000463462 1 0.000733068 0.00213736 -0.000731869 0.999997 0.0130092 0.0764984 -0.102852
FixedParameters: 0 0 0

#Transform 127
Transform: AffineTransform_float_3_3
Parameters: 0.999998 0.000311102 -0.00190995 -0.000309934 1 0.000704212 0.00190978 -0.000703076 0.999998 -0.00137331 0.0514598 -0.0934758
FixedParameters: 0 0 0

#Transform 128
Transform: AffineTransform_float_3_3
Parameters: 0.999998 0.000385653 -0.00220547 -0.000383807 0.999999 0.00106016 0.00220582 -0.00106007 0.999997 -0.000900877 0.0435375 -0.100909
FixedParameters: 0 0 0

#Transform 129
Transform: AffineTransform_float_3_3
Parameters: 0.999997 0.000361577 -0.00231921 -0.000361039 1 0.000243321 0.00231927 -0.000242545 0.999997 -0.00236834 0.0938867 -0.123429
FixedParameters: 0 0 0

#Transform 130
Transform: AffineTransform_float_3_3
Parameters: 0.999996 0.000399277 -0.00247169 -0.000396161 0.999999 0.00119646 0.00247227 -0.00119547 0.999996 -0.0090068 0.000699296 -0.0647951
FixedParameters: 0 0 0

#Transform 131
Transform: AffineTransform_float_3_3
Parameters: 0.999996 0.000240845 -0.0025935 -0.000239913 1 0.00028699 0.00259361 -0.000286014 0.999997 0.00121407 0.0628241 -0.0804954
FixedParameters: 0 0 0

#Transform 132
Transform: AffineTransform_float_3_3
Parameters: 0.999997 0.000348154 -0.00238427 -0.000345204 0.999999 0.00101334 0.00238427 -0.00101264 0.999997 -0.00361894 0.0140028 -0.0951397
FixedParameters: 0 0 0

#Transform 133
Transform: AffineTransform_float_3_3
Parameters: 0.999998 9.3624e-05 -0.0018659 -9.35214e-05 1 0.000400383 0.00186637 -0.000399565 0.999998 -0.0179728 0.0658087 -0.112631
FixedParameters: 0 0 0

#Transform 134
Transform: AffineTransform_float_3_3
Parameters: 0.999998 0.000129473 -0.00216605 -0.000127686 1 0.00104678 0.00216594 -0.00104706 0.999997 -0.00708403 0.061494 -0.103897
FixedParameters: 0 0 0

#Transform 135
Transform: AffineTransform_float_3_3
Parameters: 0.999997 -0.000128002 -0.00250427 0.000128863 1 0.000305706 0.00250433 -0.000305221 0.999997 -0.00353053 0.104022 -0.125869
FixedParameters: 0 0 0

#Transform 136
Transform: AffineTransform_float_3_3
Parameters: 0.999997 0.000133345 -0.00216138 -0.00013164 1 0.000901303 0.0021622 -0.000901688 0.999997 -0.00271775 0.0697584 -0.0755254
FixedParameters: 0 0 0

#Transform 137
Transform: AffineTransform_float_3_3
Parameters: 0.999998 4.03139e-05 -0.00230574 -4.05871e-05 1 9.34175e-05 0.00230578 -9.27316e-05 0.999997 0.00179325 0.114129 -0.113801
FixedParameters: 0 0 0

#Transform 138
Transform: AffineTransform_float_3_3
Parameters: 0.999997 -0.000463888 -0.00242732 0.000464688 1 0.000302013 0.00242717 -0.000303138 0.999997 0.0355841 0.110583 -0.0846656
FixedParameters: 0 0 0

#Transform 139
Transform: AffineTransform_float_3_3
Parameters: 0.999997 -0.000600245 -0.0022439 0.000602131 1 0.000754901 0.00224354 -0.00075573 0.999997 0.0253488 0.104502 -0.108966
FixedParameters: 0 0 0

#Transform 140
Transform: AffineTransform_float_3_3
Parameters: 0.999997 -0.00085448 -0.0023865 0.000853234 1 -0.000763462 0.00238703 0.000761362 0.999997 0.0339543 0.15504 -0.121929
FixedParameters: 0 0 0

#Transform 141
Transform: AffineTransform_float_3_3
Parameters: 0.999998 -0.000584499 -0.0022248 0.000584046 1 -0.00017631 0.00222488 0.000175633 0.999998 0.0310734 0.148896 -0.118171
FixedParameters: 0 0 0

#Transform 142
Transform: AffineTransform_float_3_3
Parameters: 0.999998 -0.00109736 -0.00210741 0.00109558 1 -0.000784393 0.00210867 0.000781857 0.999997 0.0261207 0.141024 -0.128088
FixedParameters: 0 0 0

#Transform 143
Transform: AffineTransform_float_3_3
Parameters: 0.999996 -0.0011192 -0.00252058 0.00111954 0.999999 3.98092e-05 0.00252044 -4.28967e-05 0.999997 0.0470903 0.165644 -0.146915
FixedParameters: 0 0 0

#Transform 144
Transform: AffineTransform_float_3_3
Parameters: 0.999996 -0.00123404 -0.0025689 0.00123237 0.999999 -0.000764066 0.00257007 0.000760475 0.999996 0.04849 0.18765 -0.171041
FixedParameters: 0 0 0

#Transform 145
Transform: AffineTransform_float_3_3
Parameters: 0.999996 -0.00103452 -0.00263989 0.0010328 1 -0.000753016 0.00264073 0.000750304 0.999996 0.049222 0.179619 -0.157698
FixedParameters: 0 0 0

#Transform 146
Transform: AffineTransform_float_3_3
Parameters: 0.999996 -0.00137195 -0.00258136 0.00136808 0.999998 -0.00132309 0.00258318 0.0013203 0.999996 0.0447418 0.186879 -0.155842
FixedParameters: 0 0 0

#Transform 147
Transform: AffineTransform_float_3_3
Parameters: 0.999996 -0.00129737 -0.00222556 0.00129659 0.999999 -0.000288163 0.00222635 0.000285848 0.999997 0.0374959 0.157747 -0.17117
FixedParameters: 0 0 0

#Transform 148
Transform: AffineTransform_float_3_3
Parameters: 0.999996 -0.000889051 -0.00266522 0.000887395 0.999999 -0.000508959 0.00266573 0.000506807 0.999996 0.0474147 0.156516 -0.187122
FixedParameters: 0 0 0

#Transform 149
Transform: AffineTransform_float_3_3
Parameters: 0.999996 -0.00101848 -0.00261331 0.00101711 0.999999 -0.000463468 0.00261386 0.000460731 0.999997 0.0413126 0.110318 -0.170855
FixedParameters: 0 0 0

#Transform 150
Transform: AffineTransform_float_3_3
Parameters: 0.999996 -0.000790269 -0.0026652 0.00079031 1 -0.000190426 0.00266511 0.000188797 0.999996 0.0454522 0.13421 -0.201554
FixedParameters: 0 0 0

#Transform 151
Transform: AffineTransform_float_3_3
Parameters: 0.999996 -0.000985759 -0.00265568 0.000984021 1 -0.000736281 0.00265633 0.000733029 0.999996 0.0333929 0.153256 -0.183545
FixedParameters: 0 0 0

#Transform 152
Transform: AffineTransform_float_3_3
Parameters: 0.999996 -0.000815159 -0.0026974 0.000813207 0.999999 -0.000557525 0.00269792 0.000555715 0.999996 0.0351057 0.162757 -0.188343
FixedParameters: 0 0 0

#Transform 153
Transform: AffineTransform_float_3_3
Parameters: 0.999998 -0.000793388 -0.00221518 0.000791522 0.999999 -0.000954857 0.00221582 0.000952693 0.999997 0.0230308 0.176083 -0.190508
FixedParameters: 0 0 0

#Transform 154
Transform: AffineTransform_float_3_3
Parameters: 0.999996 -0.00093898 -0.00261238 0.000938083 0.999999 -0.000198668 0.0026127 0.000196319 0.999997 0.0373874 0.139687 -0.18304
FixedParameters: 0 0 0

#Transform 155
Transform: AffineTransform_float_3_3
Parameters: 0.999996 -0.00086908 -0.002675 0.00086821 0.999999 -0.000531714 0.0026752 0.000529678 0.999996 0.0339142 0.157151 -0.186561
FixedParameters: 0 0 0

#Transform 156
Transform: AffineTransform_float_3_3
Parameters: 0.999997 -0.000948757 -0.00229294 0.000947804 0.999999 -0.000680966 0.00229343 0.000678595 0.999997 0.0163767 0.13941 -0.178953
FixedParameters: 0 0 0

#Transform 157
Transform: AffineTransform_float_3_3
Parameters: 0.999996 -0.000852382 -0.00264313 0.000851497 1 -0.000193863 0.00264341 0.000191914 0.999997 0.0296226 0.12176 -0.186923
FixedParameters: 0 0 0

#Transform 158
Transform: AffineTransform_float_3_3
Parameters: 0.999996 -0.000743344 -0.00273811 0.000740628 0.999999 -0.000688685 0.00273874 0.000687204 0.999996 0.0243144 0.153463 -0.213299
FixedParameters: 0 0 0

#Transform 159
Transform: AffineTransform_float_3_3
Parameters: 0.999996 -0.000698996 -0.0026976 0.000698055 1 -0.000185224 0.00269773 0.000183243 0.999997 0.0403 0.165344 -0.182549
FixedParameters: 0 0 0

#Transform 160
Transform: AffineTransform_float_3_3
Parameters: 0.999996 -0.000747943 -0.00268022 0.000746994 0.999999 -0.000187946 0.00268037 0.000185726 0.999997 0.0263488 0.150841 -0.199105
FixedParameters: 0 0 0

#Transform 161
Transform: AffineTransform_float_3_3
Parameters: 0.999995 -0.000856927 -0.00315613 0.000852198 0.999998 -0.00139667 0.00315806 0.00139369 0.999994 0.0279001 0.191614 -0.241786
FixedParameters: 0 0 0

#Transform 162
Transform: AffineTransform_float_3_3
Parameters: 0.999995 -0.0008876 -0.00314319 0.000885297 1 -0.000685987 0.00314378 0.000683653 0.999995 0.0300486 0.188096 -0.247963
FixedParameters: 0 0 0

#Transform 163
Transform: AffineTransform_float_3_3
Parameters: 0.999995 -0.000836612 -0.0030945 0.000831936 0.999998 -0.00136321 0.00309538 0.00136058 0.999994 0.0260563 0.194019 -0.23155
FixedParameters: 0 0 0

#Transform 164
Transform: AffineTransform_float_3_3
Parameters: 0.999993 -0.00100154 -0.00343818 0.000999576 0.999999 -0.000508955 0.00343862 0.00050581 0.999994 0.0431412 0.197701 -0.249088
FixedParameters: 0 0 0

#Transform 165
Transform: AffineTransform_float_3_3
Parameters: 0.999993 -0.000976759 -0.00347654 0.000971474 0.999999 -0.00128476 0.00347781 0.00128192 0.999993 0.0305805 0.190357 -0.241717
FixedParameters: 0 0 0

#Transform 166
Transform: AffineTransform_float_3_3
Parameters: 0.999994 -0.000945942 -0.00333098 0.00094283 0.999999 -0.000860374 0.00333153 0.000856584 0.999994 0.0236853 0.172777 -0.268379
FixedParameters: 0 0 0

#Transform 167
Transform: AffineTransform_float_3_3
Parameters: 0.999994 -0.000576743 -0.00327653 0.000572947 1 -0.000860971 0.00327673 0.000858908 0.999995 0.0124142 0.199215 -0.285013
FixedParameters: 0 0 0

#Transform 168
Transform: AffineTransform_float_3_3
Parameters: 0.999996 -0.000681303 -0.00276981 0.000675367 0.999998 -0.00214219 0.00277191 0.00214038 0.999993 0.00137134 0.199075 -0.276009
FixedParameters: 0 0 0

#Transform 169
Transform: AffineTransform_float_3_3
Parameters: 0.999993 -0.000846699 -0.00380377 0.000831403 0.999992 -0.00404052 0.00380795 0.00403732 0.999985 0.0736261 0.305362 -0.238753
FixedParameters: 0 0 0

#Transform 170
Transform: AffineTransform_float_3_3
Parameters: 0.999996 -0.00058344 -0.00255206 0.000581809 1 -0.000773559 0.0025521 0.000771793 0.999997 0.0189185 0.114458 -0.172011
FixedParameters: 0 0 0

#Transform 171
Transform: AffineTransform_float_3_3
Parameters: 0.999996 -0.000777558 -0.00282653 0.000774981 0.999999 -0.000634236 0.00282713 0.000632291 0.999996 0.0341747 0.148771 -0.210731
FixedParameters: 0 0 0

#Transform 172
Transform: AffineTransform_float_3_3
Parameters: 0.999995 -0.000830167 -0.00291972 0.000828917 1 -0.000243819 0.00292017 0.000242159 0.999996 0.0406184 0.162934 -0.255907
FixedParameters: 0 0 0

#Transform 173
Transform: AffineTransform_float_3_3
Parameters: 0.999995 -0.000618408 -0.00304363 0.00061709 1 -0.000769213 0.00304439 0.000767207 0.999995 0.0425468 0.169769 -0.254316
FixedParameters: 0 0 0

#Transform 174
Transform: AffineTransform_float_3_3
Parameters: 0.999997 -0.000445119 -0.00249397 0.000445864 1 0.000282824 0.00249385 -0.000283918 0.999997 0.0276747 0.125495 -0.26434
FixedParameters: 0 0 0

#Transform 175
Transform: AffineTransform_float_3_3
Parameters: 0.999997 -0.000431898 -0.00252188 0.00043087 1 -0.000720844 0.00252248 0.000719135 0.999996 0.018442 0.130732 -0.258247
FixedParameters: 0 0 0

#Transform 176
Transform: AffineTransform_float_3_3
Parameters: 0.999996 -0.000381314 -0.00254577 0.00038293 0.999999 0.00046403 0.00254547 -0.000465615 0.999997 0.021914 0.0903643 -0.252805
FixedParameters: 0 0 0

#Transform 177
Transform: AffineTransform_float_3_3
Parameters: 0.999997 -0.000532138 -0.0025694 0.00053363 1 0.000464468 0.00256901 -0.000466075 0.999996 0.0207222 0.0879675 -0.251878
FixedParameters: 0 0 0

#Transform 178
Transform: AffineTransform_float_3_3
Parameters: 0.999997 -0.000559025 -0.00206393 0.000559312 1 0.000405247 0.00206387 -0.000407087 0.999998 0.0161935 0.125698 -0.257187
FixedParameters: 0 0 0

#Transform 179
Transform: AffineTransform_float_3_3
Parameters: 0.999997 -0.000374466 -0.00211907 0.000376143 1 0.000506831 0.00211875 -0.000507925 0.999997 0.01707 0.147375 -0.266411
FixedParameters: 0 0 0

#Transform 180
Transform: AffineTransform_float_3_3
Parameters: 0.999998 -0.000530648 -0.00206913 0.000530399 1 -0.000187861 0.00206913 0.000186958 0.999997 0.0232367 0.109491 -0.250428
FixedParameters: 0 0 0

#Transform 181
Transform: AffineTransform_float_3_3
Parameters: 0.999997 -0.000563261 -0.00201409 0.000564356 0.999999 0.000835661 0.00201397 -0.000836862 0.999998 0.0222314 0.0784341 -0.227972
FixedParameters: 0 0 0

#Transform 182
Transform: AffineTransform_float_3_3
Parameters: 0.999997 -0.000671062 -0.0023832 0.000671379 1 0.000381418 0.00238323 -0.000382749 0.999997 0.0361909 0.0948233 -0.230457
FixedParameters: 0 0 0

#Transform 183
Transform: AffineTransform_float_3_3
Parameters: 0.999998 -0.000531607 -0.00186292 0.000534246 0.999999 0.00126526 0.00186233 -0.00126681 0.999998 0.0174283 0.0714769 -0.250034
FixedParameters: 0 0 0

#Transform 184
Transform: AffineTransform_float_3_3
Parameters: 0.999997 -0.000910252 -0.00193832 0.0009114 0.999999 0.000395774 0.00193774 -0.00039804 0.999998 0.0122963 0.0651776 -0.248546
FixedParameters: 0 0 0

#Transform 185
Transform: AffineTransform_float_3_3
Parameters: 0.999998 -0.001042 -0.00177616 0.00104514 0.999999 0.0014221 0.00177411 -0.00142383 0.999997 0.0175631 0.0731381 -0.270034
FixedParameters: 0 0 0

#Transform 186
Transform: AffineTransform_float_3_3
Parameters: 0.999997 -0.0010341 -0.00186711 0.00103524 0.999999 0.000633384 0.00186635 -0.000635243 0.999998 0.0346423 0.0548342 -0.262479
FixedParameters: 0 0 0

#Transform 187
Transform: AffineTransform_float_3_3
Parameters: 0.999998 -0.00102993 -0.00150265 0.00103166 0.999999 0.00151859 0.00150078 -0.00151974 0.999998 0.0200929 0.0466051 -0.251101
FixedParameters: 0 0 0

#Transform 188
Transform: AffineTransform_float_3_3
Parameters: 0.999997 -0.00102887 -0.00178013 0.00103112 0.999999 0.00142879 0.00177845 -0.00143051 0.999997 0.0339453 0.0470245 -0.258379
FixedParameters: 0 0 0

#Transform 189
Transform: AffineTransform_float_3_3
