# transform file /out/sourcedata/freesurfer/sub-v1s4x0050685_ses-1/mri/transforms/cc_up.lta
# created by oesteban on Tue Mar 10 03:46:20 2026

type      = 0 # LINEAR_VOX_TO_VOX
nxforms   = 1
mean      = 128.0000 111.0000 116.0000
sigma     = 10000.0000
1 4 4
9.981521964073181e-01 5.064328759908676e-02 -3.357403725385666e-02 -1.489529609680176e+00 
-5.061466619372368e-02 9.987167119979858e-01 1.702484441921115e-03 4.545185470581055e+01 
3.361717239022255e-02 1.164153079491470e-10 9.994347095489502e-01 1.472902393341064e+01 
0.000000000000000e+00 0.000000000000000e+00 0.000000000000000e+00 1.000000000000000e+00 
src volume info
valid = 1  # volume info valid
filename = /out/sourcedata/freesurfer/sub-v1s4x0050685_ses-1/mri/norm.mgz
volume = 256 256 256
voxelsize = 1.000000000000000e+00 1.000000000000000e+00 1.000000000000000e+00
xras   = -9.999999403953552e-01 8.149072527885437e-10 0.000000000000000e+00
yras   = -7.450580596923828e-09 -1.862645149230957e-09 -9.999998807907104e-01
zras   = -9.313225746154785e-10 9.999998807907104e-01 0.000000000000000e+00
cras   = 6.711883544921875e-01 2.758389282226562e+01 -1.788403320312500e+01
dst volume info
valid = 1  # volume info valid
filename = /out/sourcedata/freesurfer/sub-v1s4x0050685_ses-1/mri/norm.mgz
volume = 256 256 256
voxelsize = 1.000000000000000e+00 1.000000000000000e+00 1.000000000000000e+00
xras   = -9.999999403953552e-01 8.149072527885437e-10 0.000000000000000e+00
yras   = -7.450580596923828e-09 -1.862645149230957e-09 -9.999998807907104e-01
zras   = -9.313225746154785e-10 9.999998807907104e-01 0.000000000000000e+00
cras   = 6.711883544921875e-01 2.758389282226562e+01 -1.788403320312500e+01
