# transform file transforms/talairach.lta
# created by oesteban on Tue Mar 10 02:21:16 2026

type      = 0 # LINEAR_VOX_TO_VOX
nxforms   = 1
mean      = 128.0000 111.0000 118.0000
sigma     = 10000.0000
1 4 4
1.052870392799377e+00 3.736734017729759e-02 -1.759514398872852e-02 -1.036757850646973e+01 
-3.751596435904503e-02 1.093502283096313e+00 9.310773015022278e-02 -1.410120964050293e+00 
2.732828445732594e-02 -1.080623567104340e-01 9.780699014663696e-01 5.635496139526367e+00 
0.000000000000000e+00 0.000000000000000e+00 0.000000000000000e+00 1.000000000000000e+00 
src volume info
valid = 1  # volume info valid
filename = nu.mgz
volume = 256 256 256
voxelsize = 1.000000000000000e+00 1.000000000000000e+00 1.000000000000000e+00
xras   = -9.999999403953552e-01 8.149072527885437e-10 0.000000000000000e+00
yras   = -7.450580596923828e-09 -1.862645149230957e-09 -9.999998807907104e-01
zras   = -9.313225746154785e-10 9.999998807907104e-01 0.000000000000000e+00
cras   = 6.711883544921875e-01 2.758389282226562e+01 -1.788403320312500e+01
dst volume info
valid = 1  # volume info valid
filename = /opt/freesurfer/average/RB_all_2020-01-02.gca
volume = 256 256 256
voxelsize = 1.000000000000000e+00 1.000000000000000e+00 1.000000000000000e+00
xras   = -1.000000000000000e+00 0.000000000000000e+00 0.000000000000000e+00
yras   = 0.000000000000000e+00 0.000000000000000e+00 -1.000000000000000e+00
zras   = 0.000000000000000e+00 1.000000000000000e+00 0.000000000000000e+00
cras   = 0.000000000000000e+00 0.000000000000000e+00 0.000000000000000e+00
