type      = 1 # LINEAR_RAS_TO_RAS
nxforms   = 1
mean      = 0.0000 0.0000 0.0000
sigma     = 1.0000
1 4 4
1.067023992538452e+00 3.574899956583977e-02 4.441399872303009e-02 -5.376889705657959e-01 
-3.584299981594086e-02 1.004649043083191e+00 1.647710055112839e-01 -3.493875885009766e+01 
-4.571799933910370e-02 -6.247499957680702e-02 1.078969001770020e+00 3.980155944824219e+00 
0.000000000000000e+00 0.000000000000000e+00 0.000000000000000e+00 1.000000000000000e+00 
src volume info
valid = 1  # volume info valid
filename = /out/sourcedata/freesurfer/sub-v1s4x0050685_ses-1/mri/orig_nu.mgz
volume = 256 256 256
voxelsize = 1.000000000000000e+00 1.000000000000000e+00 1.000000000000000e+00
xras   = -9.999999403953552e-01 8.149072527885437e-10 0.000000000000000e+00
yras   = -7.450580596923828e-09 -1.862645149230957e-09 -9.999998807907104e-01
zras   = -9.313225746154785e-10 9.999998807907104e-01 0.000000000000000e+00
cras   = 6.711883544921875e-01 2.758389282226562e+01 -1.788403320312500e+01
dst volume info
valid = 1  # volume info valid
filename = /opt/freesurfer/average/mni305.cor.mgz
volume = 256 256 256
voxelsize = 1.000000000000000e+00 1.000000000000000e+00 1.000000000000000e+00
xras   = -1.000000000000000e+00 0.000000000000000e+00 0.000000000000000e+00
yras   = 0.000000000000000e+00 0.000000000000000e+00 -1.000000000000000e+00
zras   = 0.000000000000000e+00 1.000000000000000e+00 0.000000000000000e+00
cras   = 0.000000000000000e+00 0.000000000000000e+00 0.000000000000000e+00
subject fsaverage
fscale 0.100000
