type      = 0 # LINEAR_VOX_TO_VOX
nxforms   = 1
mean      = 0.0000 0.0000 0.0000
sigma     = 1.0000
1 4 4
1.067023873329163e+00 4.441400244832039e-02 -3.574899584054947e-02 -1.005845642089844e+01 
-4.571799561381340e-02 1.078968882560730e+00 6.247499212622643e-02 4.817237854003906e+00 
3.584299609065056e-02 -1.647709906101227e-01 1.004648923873901e+00 5.710266113281250e+00 
0.000000000000000e+00 0.000000000000000e+00 0.000000000000000e+00 1.000000000000000e+00 
src volume info
valid = 1  # volume info valid
filename = /out/sourcedata/freesurfer/sub-v1s4x0050685_ses-1/mri/orig.mgz
volume = 256 256 256
voxelsize = 1.000000000000000e+00 1.000000000000000e+00 1.000000000000000e+00
xras   = -9.999999403953552e-01 8.149072527885437e-10 0.000000000000000e+00
yras   = -7.450580596923828e-09 -1.862645149230957e-09 -9.999998807907104e-01
zras   = -9.313225746154785e-10 9.999998807907104e-01 0.000000000000000e+00
cras   = 6.711883544921875e-01 2.758389282226562e+01 -1.788403320312500e+01
dst volume info
valid = 1  # volume info valid
filename = /opt/freesurfer/average/mni305.cor.mgz
volume = 256 256 256
voxelsize = 1.000000000000000e+00 1.000000000000000e+00 1.000000000000000e+00
xras   = -1.000000000000000e+00 0.000000000000000e+00 0.000000000000000e+00
yras   = 0.000000000000000e+00 0.000000000000000e+00 -1.000000000000000e+00
zras   = 0.000000000000000e+00 1.000000000000000e+00 0.000000000000000e+00
cras   = 0.000000000000000e+00 0.000000000000000e+00 0.000000000000000e+00
subject fsaverage
fscale 0.100000
