#Insight Transform File V1.0
#Transform 0
Transform: AffineTransform_float_3_3
Parameters: 1 0.000186771 -0.000409707 -0.000189452 0.999989 -0.00466374 0.000408782 0.00466386 0.999989 0.0116618 0.0567261 0.109913
FixedParameters: 0 0 0

#Transform 1
Transform: AffineTransform_float_3_3
Parameters: 1 0.000377884 -3.52452e-05 -0.000377547 0.999986 -0.00524194 3.3321e-05 0.00524188 0.999987 -0.0175837 0.0684688 0.11239
FixedParameters: 0 0 0

#Transform 2
Transform: AffineTransform_float_3_3
Parameters: 1 -0.000419743 -1.41261e-05 0.000419823 0.999994 -0.00344062 1.59866e-05 0.00344064 0.999994 -0.00314233 0.0879699 0.138582
FixedParameters: 0 0 0

#Transform 3
Transform: AffineTransform_float_3_3
Parameters: 1 -0.000485694 -0.000222627 0.000485437 0.999996 -0.00277773 0.000224037 0.00277756 0.999996 0.0047041 0.0319202 0.11864
FixedParameters: 0 0 0

#Transform 4
Transform: AffineTransform_float_3_3
Parameters: 1 -0.000323561 -0.000162532 0.000322765 0.999998 -0.00205542 0.000162879 0.00205535 0.999998 0.00305556 0.0165304 0.100646
FixedParameters: 0 0 0

#Transform 5
Transform: AffineTransform_float_3_3
Parameters: 1 1.21538e-05 -0.000105189 -1.24467e-05 0.999997 -0.00250092 0.000105092 0.00250092 0.999997 -0.0116927 0.0469249 0.0693701
FixedParameters: 0 0 0

#Transform 6
Transform: AffineTransform_float_3_3
Parameters: 1 -0.000180518 -0.00046137 0.000179097 0.999999 -0.00131913 0.000460874 0.001319 0.999999 0.0163528 -0.0220831 -0.00349958
FixedParameters: 0 0 0

#Transform 7
Transform: AffineTransform_float_3_3
Parameters: 1 -0.000194076 -0.00044282 0.000192257 0.999994 -0.00325325 0.000442777 0.00325313 0.999994 0.00613974 0.0691017 0.0490858
FixedParameters: 0 0 0

#Transform 8
Transform: AffineTransform_float_3_3
Parameters: 1 -0.000377371 -0.000461996 0.000376908 0.999998 -0.00161926 0.000462923 0.00161893 0.999998 0.0163199 0.00800416 0.0734283
FixedParameters: 0 0 0

#Transform 9
Transform: AffineTransform_float_3_3
Parameters: 1 0.000120193 -0.000152217 -0.000120752 0.999996 -0.00286399 0.00015148 0.00286403 0.999996 -0.0104924 0.0792269 0.069543
FixedParameters: 0 0 0

#Transform 10
Transform: AffineTransform_float_3_3
Parameters: 1 -0.000474715 -0.000370863 0.000474519 0.999999 -0.00176034 0.000372228 0.00176 0.999999 0.0122965 0.0133084 0.0685394
FixedParameters: 0 0 0

#Transform 11
Transform: AffineTransform_float_3_3
Parameters: 1 2.89413e-05 -0.00013315 -2.93686e-05 0.999996 -0.00306537 0.000132913 0.00306537 0.999996 -0.0037969 0.0970153 0.0589953
FixedParameters: 0 0 0

#Transform 12
Transform: AffineTransform_float_3_3
Parameters: 1 -0.000296386 -0.000483771 0.000295262 0.999997 -0.00238845 0.000484867 0.00238818 0.999997 0.0173503 0.0408552 0.0768197
FixedParameters: 0 0 0

#Transform 13
Transform: AffineTransform_float_3_3
Parameters: 1 -0.000177512 -4.15869e-05 0.000177549 0.999998 -0.00232714 4.23781e-05 0.00232713 0.999998 -0.00277308 0.00272484 0.0944833
FixedParameters: 0 0 0

#Transform 14
Transform: AffineTransform_float_3_3
Parameters: 1 -0.000447623 -7.41532e-05 0.000447171 0.999998 -0.0016588 7.46677e-05 0.00165877 0.999998 8.42174e-05 0.0228874 0.0826026
FixedParameters: 0 0 0

#Transform 15
Transform: AffineTransform_float_3_3
Parameters: 1 -0.000518282 -0.000288089 0.000518105 1 -0.000308179 0.000288408 0.00030788 1 0.0141299 -0.0287505 0.102011
FixedParameters: 0 0 0

#Transform 16
Transform: AffineTransform_float_3_3
Parameters: 1 -0.000406672 7.26359e-05 0.000406921 0.999999 -0.00118432 -7.16837e-05 0.00118438 1 -0.00446457 0.0438589 0.0712899
FixedParameters: 0 0 0

#Transform 17
Transform: AffineTransform_float_3_3
Parameters: 1 -0.000420553 -0.000469361 0.00042063 1 8.05378e-05 0.000469294 -8.09325e-05 1 0.0224888 -0.0580981 0.0373605
FixedParameters: 0 0 0

#Transform 18
Transform: AffineTransform_float_3_3
Parameters: 1 -0.000412599 -0.000369483 0.000411894 1 -0.000593935 0.00036905 0.000594505 0.999999 0.0426694 0.0159822 -0.0394021
FixedParameters: 0 0 0

#Transform 19
Transform: AffineTransform_float_3_3
Parameters: 1 -0.000164546 -0.000261813 0.000164715 1 0.000322329 0.000261707 -0.000322415 1 0.0194412 -0.0435739 -0.0150053
FixedParameters: 0 0 0

#Transform 20
Transform: AffineTransform_float_3_3
Parameters: 1 0.000230266 -8.06121e-05 -0.000230315 1 -0.00030743 8.04702e-05 0.000307466 1 0.00296772 -0.00934855 -0.0169331
FixedParameters: 0 0 0

#Transform 21
Transform: AffineTransform_float_3_3
Parameters: 1 -0.000178276 -0.000405653 0.00017894 0.999999 0.000818346 0.000405361 -0.00081849 0.999999 0.0156666 -0.0685072 0.00815061
FixedParameters: 0 0 0

#Transform 22
Transform: AffineTransform_float_3_3
Parameters: 1 3.35716e-05 3.51993e-06 -3.35739e-05 1 0.000330924 -3.49769e-06 -0.000330924 1 -0.000696155 -0.0322785 -0.0283364
FixedParameters: 0 0 0

#Transform 23
Transform: AffineTransform_float_3_3
Parameters: 1 -0.00020274 -0.000412951 0.000202944 0.999999 0.00131013 0.000412691 -0.00131031 0.999999 0.0158908 -0.0932252 -0.00543926
FixedParameters: 0 0 0

#Transform 24
Transform: AffineTransform_float_3_3
Parameters: 1 1.07351e-05 -0.000497225 -9.95623e-06 0.999999 0.00078286 0.000497241 -0.000782849 0.999999 0.022535 -0.00217224 -0.0250546
FixedParameters: 0 0 0

#Transform 25
Transform: AffineTransform_float_3_3
Parameters: 1 -0.000201414 -0.000404643 0.000201769 0.999999 0.00152497 0.000404299 -0.00152515 0.999999 0.0183716 -0.032451 -0.0265239
FixedParameters: 0 0 0

#Transform 26
Transform: AffineTransform_float_3_3
Parameters: 1 -0.000162353 -0.000282782 0.000161907 0.999999 0.000902567 0.000282772 -0.000902674 0.999999 0.0131719 -0.00822887 -0.0334652
FixedParameters: 0 0 0

#Transform 27
Transform: AffineTransform_float_3_3
Parameters: 1 -0.000117503 -0.00010263 0.000117273 0.999997 0.0024055 0.000102314 -0.00240554 0.999997 0.00673258 -0.0429388 -0.0379183
FixedParameters: 0 0 0

#Transform 28
Transform: AffineTransform_float_3_3
Parameters: 1 -5.68063e-05 -0.000257512 5.76402e-05 0.999999 0.00146845 0.000257333 -0.00146848 0.999999 0.0118424 -0.0351905 0.0098443
FixedParameters: 0 0 0

#Transform 29
Transform: AffineTransform_float_3_3
Parameters: 1 -0.000196682 -0.00037532 0.000196717 0.999998 0.00228339 0.000374952 -0.00228356 0.999998 0.018427 -0.0301205 -0.0186213
FixedParameters: 0 0 0

#Transform 30
Transform: AffineTransform_float_3_3
Parameters: 1 -0.000198163 -0.000384436 0.00019798 0.999998 0.00204756 0.000384167 -0.00204775 0.999998 0.0176762 -0.0460549 0.00252532
FixedParameters: 0 0 0

#Transform 31
Transform: AffineTransform_float_3_3
Parameters: 1 -2.1135e-05 -0.000439614 2.2065e-05 0.999998 0.0019677 0.000439789 -0.00196774 0.999998 0.0206082 -0.0377412 -0.0311991
FixedParameters: 0 0 0

#Transform 32
Transform: AffineTransform_float_3_3
Parameters: 1 -0.000160218 -0.000263426 0.000160454 0.999999 0.00157633 0.00026415 -0.00157646 0.999998 0.00540841 -0.0162161 -0.0109823
FixedParameters: 0 0 0

#Transform 33
Transform: AffineTransform_float_3_3
Parameters: 1 -0.000194934 -0.000364225 0.000195127 0.999996 0.00257017 0.000363754 -0.00257034 0.999996 0.0182576 -0.0349343 -0.0230265
FixedParameters: 0 0 0

#Transform 34
Transform: AffineTransform_float_3_3
Parameters: 1 -0.000292195 -0.000356795 0.000292855 0.999998 0.00204901 0.000355856 -0.00204923 0.999998 0.0133968 -0.116254 0.0250201
FixedParameters: 0 0 0

#Transform 35
Transform: AffineTransform_float_3_3
Parameters: 1 -0.000466633 -0.000811715 0.000469308 0.999996 0.00305016 0.000810621 -0.003051 0.999995 0.0341897 -0.126591 -0.0166266
FixedParameters: 0 0 0

#Transform 36
Transform: AffineTransform_float_3_3
Parameters: 0.999999 -0.00034404 -0.000878489 0.00034542 0.999998 0.00228555 0.000877726 -0.0022862 0.999997 0.0315306 -0.0558382 -0.0766026
FixedParameters: 0 0 0

#Transform 37
Transform: AffineTransform_float_3_3
Parameters: 1 -0.00033653 -0.000834865 0.000339083 0.999994 0.00341769 0.000834587 -0.00341835 0.999994 0.037772 -0.0898725 -0.0651287
FixedParameters: 0 0 0

#Transform 38
Transform: AffineTransform_float_3_3
Parameters: 1 -0.000337636 -0.000841172 0.000339884 0.999995 0.00325408 0.00084102 -0.00325421 0.999995 0.0391121 -0.0565706 -0.0727518
FixedParameters: 0 0 0

#Transform 39
Transform: AffineTransform_float_3_3
Parameters: 1 -0.000345506 -0.00085396 0.000348749 0.999992 0.00416904 0.000853345 -0.00416974 0.999991 0.0305332 -0.0597045 -0.0843341
FixedParameters: 0 0 0

#Transform 40
Transform: AffineTransform_float_3_3
Parameters: 1 -0.000337976 -0.000843175 0.000340149 0.999995 0.00320213 0.000843057 -0.00320225 0.999995 0.0269287 -0.0698945 -0.0679698
FixedParameters: 0 0 0

#Transform 41
Transform: AffineTransform_float_3_3
Parameters: 1 -0.000331579 -0.000806181 0.000334413 0.999992 0.00416213 0.000805688 -0.00416277 0.999991 0.0372389 -0.107817 -0.0875229
FixedParameters: 0 0 0

#Transform 42
Transform: AffineTransform_float_3_3
Parameters: 1 -0.000334449 -0.000822774 0.000337513 0.999993 0.00373145 0.000822287 -0.0037321 0.999992 0.038449 -0.0728286 -0.0669975
FixedParameters: 0 0 0

#Transform 43
Transform: AffineTransform_float_3_3
Parameters: 0.999999 -0.000777668 -0.00114505 0.000781464 0.999992 0.00383213 0.0011417 -0.00383266 0.999992 0.0429984 -0.0597285 -0.0769999
FixedParameters: 0 0 0

#Transform 44
Transform: AffineTransform_float_3_3
Parameters: 0.999999 -0.000637635 -0.00118123 0.000642046 0.999992 0.00394705 0.00117876 -0.00394814 0.999992 0.0382131 -0.113122 -0.0438484
FixedParameters: 0 0 0

#Transform 45
Transform: AffineTransform_float_3_3
Parameters: 1 -0.000699907 -0.000839465 0.000702713 0.999993 0.00354391 0.000836572 -0.0035438 0.999993 0.0177907 -0.0276016 -0.0847623
FixedParameters: 0 0 0

#Transform 46
Transform: AffineTransform_float_3_3
Parameters: 0.999999 -0.000844704 -0.00111341 0.000849004 0.999991 0.00413445 0.00110902 -0.00413508 0.99999 0.0337984 -0.0586362 -0.0246911
FixedParameters: 0 0 0

#Transform 47
Transform: AffineTransform_float_3_3
Parameters: 0.999999 -0.000525079 -0.00106204 0.000528509 0.999994 0.00327047 0.00105969 -0.0032711 0.999994 0.0242534 -0.013188 -0.053898
FixedParameters: 0 0 0

#Transform 48
Transform: AffineTransform_float_3_3
Parameters: 0.999999 -0.00084593 -0.00112029 0.000849884 0.999992 0.00395359 0.0011162 -0.00395423 0.999992 0.0418055 -0.0378194 -0.037807
FixedParameters: 0 0 0

#Transform 49
Transform: AffineTransform_float_3_3
Parameters: 0.999999 -0.000822298 -0.000998302 0.000825763 0.999994 0.00331919 0.000994862 -0.00332093 0.999994 0.0311994 -0.0470392 -0.0443651
FixedParameters: 0 0 0

#Transform 50
Transform: AffineTransform_float_3_3
Parameters: 0.999998 -0.00111584 -0.00104781 0.0011191 0.999992 0.00379897 0.00104291 -0.00380009 0.999992 0.0474493 -0.0540681 -0.0610695
FixedParameters: 0 0 0

#Transform 51
Transform: AffineTransform_float_3_3
Parameters: 0.999999 -0.000932784 -0.000929016 0.000936819 0.999993 0.00367226 0.000925164 -0.00367329 0.999992 0.029974 -0.0450919 -0.0736887
FixedParameters: 0 0 0

#Transform 52
Transform: AffineTransform_float_3_3
Parameters: 0.999999 -0.00097593 -0.00106787 0.000980604 0.99999 0.00431846 0.00106298 -0.00431933 0.99999 0.0378908 -0.0613138 -0.0747578
FixedParameters: 0 0 0

#Transform 53
Transform: AffineTransform_float_3_3
Parameters: 0.999999 -0.000896225 -0.000803087 0.000899363 0.999993 0.00369941 0.000799422 -0.00370098 0.999993 0.0298295 -0.0646819 -0.051566
FixedParameters: 0 0 0

#Transform 54
Transform: AffineTransform_float_3_3
Parameters: 0.999999 -0.000946557 -0.000969869 0.000951232 0.999992 0.0041152 0.00096629 -0.00411638 0.999991 0.0345536 -0.0185154 -0.0664663
FixedParameters: 0 0 0

#Transform 55
Transform: AffineTransform_float_3_3
Parameters: 1 -0.000520918 -0.00102377 0.000524538 0.999994 0.00344812 0.00102125 -0.00344871 0.999994 0.0381969 -0.0565298 -0.0532583
FixedParameters: 0 0 0

#Transform 56
Transform: AffineTransform_float_3_3
Parameters: 0.999999 -0.000509567 -0.00123837 0.000513733 0.999994 0.0034563 0.0012362 -0.0034571 0.999993 0.0443219 -0.02929 -0.0720415
FixedParameters: 0 0 0

#Transform 57
Transform: AffineTransform_float_3_3
Parameters: 1 -5.94412e-05 7.3456e-05 5.93268e-05 0.999997 0.00235831 -7.37706e-05 -0.0023583 0.999997 0.00731541 -0.0292067 -0.17373
FixedParameters: 0 0 0

#Transform 58
Transform: AffineTransform_float_3_3
Parameters: 1 -0.00041966 -0.000836192 0.000423274 0.99999 0.00443591 0.000834721 -0.00443673 0.99999 0.0411975 -0.0464011 -0.083795
FixedParameters: 0 0 0

#Transform 59
Transform: AffineTransform_float_3_3
Parameters: 0.999999 0.000688849 -0.00165924 -0.000685243 0.999998 0.00210233 0.00166101 -0.00210087 0.999996 0.0300551 -0.104133 0.0522456
FixedParameters: 0 0 0

#Transform 60
Transform: AffineTransform_float_3_3
Parameters: 0.999999 0.000541488 -0.00173686 -0.000537117 0.999996 0.00250666 0.00173871 -0.00250591 0.999995 0.0501148 -0.0342518 -0.0558662
FixedParameters: 0 0 0

#Transform 61
Transform: AffineTransform_float_3_3
Parameters: 0.999998 0.000491636 -0.00154589 -0.000486891 0.999995 0.00288665 0.00154783 -0.00288626 0.999995 0.0361443 -0.0826047 -0.0650013
FixedParameters: 0 0 0

#Transform 62
Transform: AffineTransform_float_3_3
Parameters: 0.999998 -5.10436e-05 -0.00190118 5.86113e-05 0.999991 0.00410581 0.00190003 -0.00410579 0.99999 0.0631468 -0.0803783 -0.10178
FixedParameters: 0 0 0

#Transform 63
Transform: AffineTransform_float_3_3
Parameters: 0.999999 -0.000149312 -0.00142901 0.000154791 0.999991 0.00417096 0.00142867 -0.00417122 0.999991 0.0433711 -0.07048 -0.108455
FixedParameters: 0 0 0

#Transform 64
Transform: AffineTransform_float_3_3
Parameters: 0.999999 -0.000377849 -0.0016095 0.000385189 0.999989 0.00473522 0.00160834 -0.0047355 0.999988 0.052071 -0.0656113 -0.124089
FixedParameters: 0 0 0

#Transform 65
Transform: AffineTransform_float_3_3
Parameters: 0.999999 -0.000549043 -0.00133865 0.000554304 0.99999 0.00445606 0.00133686 -0.00445715 0.999989 0.0444762 -0.049311 -0.118589
FixedParameters: 0 0 0

#Transform 66
Transform: AffineTransform_float_3_3
Parameters: 0.999999 -0.000483563 -0.0012244 0.000488757 0.99999 0.00445339 0.00122291 -0.00445418 0.99999 0.0446297 -0.0470726 -0.120071
FixedParameters: 0 0 0

#Transform 67
Transform: AffineTransform_float_3_3
Parameters: 0.999999 -0.000629968 -0.00128767 0.000636424 0.999989 0.00469764 0.00128455 -0.00469887 0.999988 0.0454014 -0.0534422 -0.120896
FixedParameters: 0 0 0

#Transform 68
Transform: AffineTransform_float_3_3
Parameters: 0.999999 -0.000480897 -0.00126627 0.000485439 0.999992 0.00387555 0.00126416 -0.00387632 0.999991 0.0393258 -0.03967 -0.110375
FixedParameters: 0 0 0

#Transform 69
Transform: AffineTransform_float_3_3
Parameters: 0.999999 -0.000500428 -0.00117603 0.000505867 0.99999 0.00436855 0.00117421 -0.00436931 0.999989 0.0429243 -0.0478453 -0.119021
FixedParameters: 0 0 0

#Transform 70
Transform: AffineTransform_float_3_3
Parameters: 0.999999 -0.000427657 -0.00115512 0.000432265 0.999992 0.00386304 0.00115315 -0.00386356 0.999992 0.0327456 -0.0248348 -0.137791
FixedParameters: 0 0 0

#Transform 71
Transform: AffineTransform_float_3_3
Parameters: 0.999999 -0.000719242 -0.00142626 0.000726879 0.999987 0.00498572 0.00142221 -0.00498601 0.999987 0.0606787 -0.0792225 -0.133546
FixedParameters: 0 0 0

#Transform 72
Transform: AffineTransform_float_3_3
Parameters: 0.999999 -0.000473846 -0.00108217 0.00047836 0.999992 0.00404559 0.00107966 -0.00404615 0.999991 0.0306239 -0.00949283 -0.160552
FixedParameters: 0 0 0

#Transform 73
Transform: AffineTransform_float_3_3
Parameters: 0.999999 -0.00072452 -0.00110479 0.000730386 0.999986 0.00514241 0.00110011 -0.00514361 0.999986 0.0426709 -0.0732658 -0.156126
FixedParameters: 0 0 0

#Transform 74
Transform: AffineTransform_float_3_3
Parameters: 0.999999 -0.000495519 -0.00115356 0.000500536 0.999991 0.00426351 0.00115192 -0.0042634 0.99999 0.03708 -0.0632173 -0.146956
FixedParameters: 0 0 0

#Transform 75
Transform: AffineTransform_float_3_3
Parameters: 0.999999 -0.000721944 -0.00120934 0.000727088 0.999988 0.00473708 0.00120655 -0.00473848 0.999988 0.0464288 -0.069817 -0.150714
FixedParameters: 0 0 0

#Transform 76
Transform: AffineTransform_float_3_3
Parameters: 0.999999 -0.000680073 -0.00133165 0.000685375 0.999992 0.00386491 0.00132897 -0.00386631 0.999991 0.0526433 -0.0526361 -0.106928
FixedParameters: 0 0 0

#Transform 77
Transform: AffineTransform_float_3_3
Parameters: 0.999999 -0.00086089 -0.00149714 0.000867618 0.999988 0.00479186 0.00149231 -0.00479269 0.999987 0.0570619 -0.0610202 -0.157302
FixedParameters: 0 0 0

#Transform 78
Transform: AffineTransform_float_3_3
Parameters: 0.999999 -0.000792187 -0.00117565 0.000797202 0.99999 0.0044449 0.00117239 -0.0044464 0.99999 0.0516848 -0.0827711 -0.142923
FixedParameters: 0 0 0

#Transform 79
Transform: AffineTransform_float_3_3
Parameters: 0.999999 -0.000547545 -0.00132089 0.000554611 0.999987 0.00511287 0.00131835 -0.00511393 0.999986 0.0490721 -0.0709705 -0.17983
FixedParameters: 0 0 0

#Transform 80
Transform: AffineTransform_float_3_3
Parameters: 0.999999 -0.000608297 -0.00154118 0.00061468 0.999991 0.00427912 0.00153914 -0.00427923 0.99999 0.0643547 -0.0689355 -0.14273
FixedParameters: 0 0 0

#Transform 81
Transform: AffineTransform_float_3_3
Parameters: 0.999999 -0.000756565 -0.0011797 0.000763683 0.999982 0.00589989 0.00117505 -0.0059005 0.999981 0.0523518 -0.0941591 -0.199117
FixedParameters: 0 0 0

#Transform 82
Transform: AffineTransform_float_3_3
Parameters: 0.999999 -0.000726509 -0.00108363 0.000732972 0.999985 0.00534368 0.00107962 -0.00534406 0.999985 0.0448892 -0.123949 -0.170789
FixedParameters: 0 0 0

#Transform 83
Transform: AffineTransform_float_3_3
Parameters: 0.999999 -0.00054554 -0.00130792 0.000552818 0.999984 0.00555168 0.00130517 -0.00555275 0.999983 0.0517075 -0.122457 -0.192247
FixedParameters: 0 0 0

#Transform 84
Transform: AffineTransform_float_3_3
Parameters: 0.999999 -0.00052349 -0.00126869 0.000527295 0.999995 0.00291511 0.00126673 -0.00291596 0.999995 0.0339248 -0.0651186 -0.0770892
FixedParameters: 0 0 0

#Transform 85
Transform: AffineTransform_float_3_3
Parameters: 0.999999 -0.000278865 -0.00138754 0.000283361 0.999993 0.00364844 0.00138619 -0.00364819 0.999993 0.0559044 -0.0494881 -0.124527
FixedParameters: 0 0 0

#Transform 86
Transform: AffineTransform_float_3_3
Parameters: 0.999999 -0.000531361 -0.00147545 0.000538228 0.999989 0.00467931 0.00147265 -0.00467963 0.999988 0.0631884 -0.0553701 -0.130754
FixedParameters: 0 0 0

#Transform 87
Transform: AffineTransform_float_3_3
Parameters: 0.999999 -0.000726181 -0.00135996 0.000733911 0.999983 0.00583265 0.00135506 -0.00583428 0.999982 0.0586989 -0.090208 -0.15708
FixedParameters: 0 0 0

#Transform 88
Transform: AffineTransform_float_3_3
Parameters: 0.999998 -0.000656288 -0.00133438 0.000664086 0.999983 0.00583138 0.00133125 -0.00583282 0.999982 0.0574292 -0.0933594 -0.14132
FixedParameters: 0 0 0

#Transform 89
Transform: AffineTransform_float_3_3
Parameters: 0.999999 -0.00092165 -0.0013558 0.000930672 0.999981 0.0060857 0.0013501 -0.00608654 0.999981 0.0574311 -0.0629996 -0.209069
FixedParameters: 0 0 0

#Transform 90
Transform: AffineTransform_float_3_3
Parameters: 0.999998 -0.00113687 -0.00149616 0.00114686 0.999979 0.00633509 0.00148876 -0.0063369 0.999979 0.0643919 -0.0961455 -0.157537
FixedParameters: 0 0 0

#Transform 91
Transform: AffineTransform_float_3_3
Parameters: 0.999999 -0.00106112 -0.00134236 0.00106977 0.999981 0.00601246 0.00133511 -0.00601419 0.999981 0.0566968 -0.0398656 -0.200213
FixedParameters: 0 0 0

#Transform 92
Transform: AffineTransform_float_3_3
Parameters: 0.999999 -0.00113537 -0.00131169 0.00114368 0.99998 0.00624398 0.0013043 -0.0062445 0.99998 0.0570632 -0.0798952 -0.157468
FixedParameters: 0 0 0

#Transform 93
Transform: AffineTransform_float_3_3
Parameters: 0.999999 -0.00112414 -0.00120698 0.00113112 0.999977 0.0065753 0.00119921 -0.00657641 0.999978 0.0537811 -0.0714989 -0.194549
FixedParameters: 0 0 0

#Transform 94
Transform: AffineTransform_float_3_3
Parameters: 0.999998 -0.00111129 -0.0013606 0.00112134 0.999972 0.00746534 0.00135151 -0.0074665 0.999971 0.059348 -0.129071 -0.176327
FixedParameters: 0 0 0

#Transform 95
Transform: AffineTransform_float_3_3
Parameters: 0.999999 -0.00110575 -0.00134617 0.00111529 0.999975 0.00708349 0.00133776 -0.00708459 0.999973 0.0601875 -0.0826464 -0.214335
FixedParameters: 0 0 0

#Transform 96
Transform: AffineTransform_float_3_3
Parameters: 0.999999 -0.00147601 -0.00131346 0.0014868 0.999963 0.00848382 0.0013005 -0.00848601 0.999963 0.0571591 -0.167592 -0.190653
FixedParameters: 0 0 0

#Transform 97
Transform: AffineTransform_float_3_3
Parameters: 0.999998 -0.00133231 -0.00136288 0.00134399 0.999965 0.0082752 0.00135168 -0.00827656 0.999965 0.0603581 -0.133723 -0.197927
FixedParameters: 0 0 0

#Transform 98
Transform: AffineTransform_float_3_3
Parameters: 0.999997 -0.00166686 -0.00163284 0.00168297 0.999949 0.0100098 0.00161526 -0.0100123 0.999948 0.0716113 -0.201981 -0.199098
FixedParameters: 0 0 0

#Transform 99
Transform: AffineTransform_float_3_3
Parameters: 0.999998 -0.00159151 -0.00137877 0.00160415 0.999957 0.00910544 0.00136427 -0.00910771 0.999958 0.0595876 -0.19923 -0.195512
FixedParameters: 0 0 0

#Transform 100
Transform: AffineTransform_float_3_3
Parameters: 0.999997 -0.0016449 -0.00156064 0.0016601 0.999953 0.00957068 0.00154539 -0.00957294 0.999953 0.0697851 -0.156666 -0.221388
FixedParameters: 0 0 0

#Transform 101
Transform: AffineTransform_float_3_3
Parameters: 0.999997 -0.00147189 -0.00168475 0.00148791 0.999948 0.0101011 0.00166912 -0.010104 0.999948 0.0759886 -0.175034 -0.27923
FixedParameters: 0 0 0

#Transform 102
Transform: AffineTransform_float_3_3
Parameters: 0.999997 -0.00176986 -0.00197393 0.00179428 0.999925 0.0121795 0.00195196 -0.0121825 0.999924 0.0862916 -0.200867 -0.300975
FixedParameters: 0 0 0

#Transform 103
Transform: AffineTransform_float_3_3
Parameters: 0.999997 -0.00176863 -0.00196807 0.00179271 0.999923 0.0123375 0.0019458 -0.0123413 0.999922 0.0768394 -0.264295 -0.320223
FixedParameters: 0 0 0

#Transform 104
Transform: AffineTransform_float_3_3
Parameters: 0.999997 -0.00189968 -0.00185369 0.00192585 0.999896 0.0143151 0.00182677 -0.0143192 0.999896 0.081614 -0.303718 -0.322989
FixedParameters: 0 0 0

#Transform 105
Transform: AffineTransform_float_3_3
Parameters: 0.999998 -0.00192643 -0.00097586 0.00193954 0.999902 0.0138469 0.000949405 -0.0138487 0.999904 0.0482743 -0.261765 -0.357057
FixedParameters: 0 0 0

#Transform 106
Transform: AffineTransform_float_3_3
Parameters: 0.999997 -0.00232339 -0.00139515 0.00234431 0.999891 0.0145316 0.0013614 -0.014535 0.999894 0.0658639 -0.279545 -0.335724
FixedParameters: 0 0 0

#Transform 107
Transform: AffineTransform_float_3_3
Parameters: 0.999998 -0.0018866 -0.000841136 0.00189712 0.99991 0.0132951 0.000816173 -0.0132968 0.999911 0.048496 -0.249689 -0.315246
FixedParameters: 0 0 0

#Transform 108
Transform: AffineTransform_float_3_3
Parameters: 0.999997 -0.00200097 -0.00123973 0.00201803 0.9999 0.0140072 0.00121168 -0.0140089 0.999901 0.0670527 -0.210367 -0.329502
FixedParameters: 0 0 0

#Transform 109
Transform: AffineTransform_float_3_3
Parameters: 0.999998 -0.00183204 -0.000835777 0.00184383 0.999903 0.0138273 0.000810221 -0.0138283 0.999904 0.0424944 -0.249904 -0.322734
FixedParameters: 0 0 0

#Transform 110
Transform: AffineTransform_float_3_3
Parameters: 0.999997 -0.00223458 -0.00111384 0.00225063 0.999886 0.0149259 0.00108031 -0.0149284 0.999888 0.0545195 -0.279458 -0.326409
FixedParameters: 0 0 0

#Transform 111
Transform: AffineTransform_float_3_3
Parameters: 0.999997 -0.00223091 -0.00111874 0.00224582 0.999894 0.0143407 0.00108682 -0.0143431 0.999896 0.0551854 -0.243152 -0.329446
FixedParameters: 0 0 0

#Transform 112
Transform: AffineTransform_float_3_3
Parameters: 0.999996 -0.0024398 -0.00123204 0.00245885 0.999876 0.0155494 0.00119418 -0.0155523 0.999878 0.067342 -0.263006 -0.33896
FixedParameters: 0 0 0

#Transform 113
Transform: AffineTransform_float_3_3
Parameters: 0.999996 -0.00244877 -0.00109602 0.00246348 0.999904 0.0136943 0.00106252 -0.0136963 0.999906 0.0531332 -0.23514 -0.329051
FixedParameters: 0 0 0

#Transform 114
Transform: AffineTransform_float_3_3
Parameters: 0.999996 -0.00282212 -0.00108092 0.00283754 0.999895 0.0141783 0.00104072 -0.0141809 0.999898 0.0704607 -0.183037 -0.309718
FixedParameters: 0 0 0

#Transform 115
Transform: AffineTransform_float_3_3
Parameters: 0.999997 -0.00242174 -0.00117843 0.00243896 0.999891 0.0145607 0.0011431 -0.0145632 0.999893 0.0582795 -0.228148 -0.315532
FixedParameters: 0 0 0

#Transform 116
Transform: AffineTransform_float_3_3
Parameters: 0.999995 -0.00297074 -0.000993365 0.00298626 0.999877 0.0153923 0.000948085 -0.0153955 0.999881 0.0613095 -0.229431 -0.315141
FixedParameters: 0 0 0

#Transform 117
Transform: AffineTransform_float_3_3
Parameters: 0.999996 -0.00249264 -0.0011619 0.00250841 0.999892 0.0144745 0.00112617 -0.0144778 0.999895 0.062143 -0.21169 -0.31936
FixedParameters: 0 0 0

#Transform 118
Transform: AffineTransform_float_3_3
Parameters: 0.999995 -0.00280625 -0.00103521 0.00282259 0.999876 0.0154985 0.000991462 -0.0155018 0.99988 0.0662304 -0.203242 -0.336634
FixedParameters: 0 0 0

#Transform 119
Transform: AffineTransform_float_3_3
Parameters: 0.999995 -0.00271176 -0.00108223 0.00272693 0.999884 0.0149556 0.00104166 -0.0149575 0.999888 0.0604389 -0.257151 -0.330553
FixedParameters: 0 0 0

#Transform 120
Transform: AffineTransform_float_3_3
Parameters: 0.999995 -0.00297309 -0.000978851 0.00298856 0.999871 0.0157593 0.000932506 -0.0157619 0.999875 0.066125 -0.255996 -0.345038
FixedParameters: 0 0 0

#Transform 121
Transform: AffineTransform_float_3_3
Parameters: 0.999995 -0.00279543 -0.00106898 0.00281158 0.999888 0.0146892 0.00102776 -0.0146926 0.999892 0.0535056 -0.222495 -0.340243
FixedParameters: 0 0 0

#Transform 122
Transform: AffineTransform_float_3_3
Parameters: 0.999995 -0.00311648 -0.001191 0.00313505 0.999869 0.0158505 0.00114063 -0.0158548 0.999874 0.070749 -0.250164 -0.328054
FixedParameters: 0 0 0

#Transform 123
Transform: AffineTransform_float_3_3
Parameters: 0.999995 -0.00277714 -0.00107948 0.00279288 0.999891 0.0145473 0.0010387 -0.0145498 0.999894 0.0666557 -0.217772 -0.321354
FixedParameters: 0 0 0

#Transform 124
Transform: AffineTransform_float_3_3
Parameters: 0.999995 -0.0028129 -0.00119359 0.00283126 0.999871 0.0157926 0.00114909 -0.0157955 0.999875 0.0715083 -0.248014 -0.331708
FixedParameters: 0 0 0

#Transform 125
Transform: AffineTransform_float_3_3
Parameters: 0.999995 -0.00272082 -0.00106601 0.00273698 0.999879 0.0153151 0.00102407 -0.0153175 0.999882 0.0656256 -0.288933 -0.310092
FixedParameters: 0 0 0

#Transform 126
Transform: AffineTransform_float_3_3
Parameters: 0.999996 -0.00264539 -0.00107476 0.00266193 0.999875 0.0156374 0.0010336 -0.0156405 0.999877 0.060353 -0.2681 -0.325856
FixedParameters: 0 0 0

#Transform 127
Transform: AffineTransform_float_3_3
Parameters: 0.999996 -0.00279476 -0.00102248 0.00281032 0.999869 0.0159185 0.000978257 -0.0159204 0.999873 0.068425 -0.293053 -0.297244
FixedParameters: 0 0 0

#Transform 128
Transform: AffineTransform_float_3_3
Parameters: 0.999996 -0.00263231 -0.00118334 0.00265079 0.999878 0.0153921 0.00114198 -0.0153957 0.999881 0.0720202 -0.244062 -0.333833
FixedParameters: 0 0 0

#Transform 129
Transform: AffineTransform_float_3_3
Parameters: 0.999995 -0.00307181 -0.00112331 0.00308931 0.999857 0.0165704 0.00107229 -0.0165742 0.999862 0.0753293 -0.295488 -0.306527
FixedParameters: 0 0 0

#Transform 130
Transform: AffineTransform_float_3_3
Parameters: 0.999996 -0.00260697 -0.00109129 0.00262416 0.999877 0.015485 0.00105093 -0.0154875 0.99988 0.0544096 -0.260065 -0.310505
FixedParameters: 0 0 0

#Transform 131
Transform: AffineTransform_float_3_3
Parameters: 0.999996 -0.00286115 -0.000900853 0.00287455 0.999866 0.0160913 0.000854154 -0.016094 0.99987 0.0563731 -0.26831 -0.27074
FixedParameters: 0 0 0

#Transform 132
Transform: AffineTransform_float_3_3
Parameters: 0.999995 -0.00332296 -0.000409769 0.00333088 0.99977 0.0211925 0.000339468 -0.021194 0.999776 0.0434125 -0.454126 0.150144
FixedParameters: 0 0 0

#Transform 133
Transform: AffineTransform_float_3_3
Parameters: 0.999996 -0.00287146 -0.000173538 0.0028739 0.999841 0.0175937 0.000123079 -0.0175944 0.999846 0.020137 -0.411093 0.101271
FixedParameters: 0 0 0

#Transform 134
Transform: AffineTransform_float_3_3
Parameters: 0.999997 -0.00240936 -0.000141882 0.00241192 0.999864 0.0163555 0.000102569 -0.0163563 0.999866 0.0215424 -0.392639 -0.0767615
FixedParameters: 0 0 0

#Transform 135
Transform: AffineTransform_float_3_3
Parameters: 0.999996 -0.00274043 -0.000324362 0.00274524 0.999843 0.0174734 0.000276843 -0.0174748 0.999847 0.031406 -0.401479 -0.0910222
FixedParameters: 0 0 0

#Transform 136
Transform: AffineTransform_float_3_3
Parameters: 0.999997 -0.00224181 -0.000489683 0.0022491 0.999857 0.0167599 0.000453 -0.0167617 0.999859 0.0250313 -0.386202 -0.116971
FixedParameters: 0 0 0

#Transform 137
Transform: AffineTransform_float_3_3
Parameters: 0.999996 -0.00272045 -0.00141153 0.00275011 0.999769 0.0213161 0.00135323 -0.02132 0.999772 0.0695042 -0.41033 -0.0782719
FixedParameters: 0 0 0

#Transform 138
Transform: AffineTransform_float_3_3
Parameters: 0.999995 -0.00292786 -0.000398366 0.00293541 0.99979 0.020279 0.000339366 -0.02028 0.999795 0.0383235 -0.476355 0.0326472
FixedParameters: 0 0 0

#Transform 139
Transform: AffineTransform_float_3_3
Parameters: 0.999995 -0.00303981 -0.000557393 0.00304996 0.999802 0.0196768 0.000497262 -0.0196779 0.999806 0.0435055 -0.516452 -0.0932757
FixedParameters: 0 0 0

#Transform 140
Transform: AffineTransform_float_3_3
Parameters: 0.999996 -0.00274375 -0.000471934 0.00275156 0.999819 0.018844 0.000420058 -0.0188457 0.999823 0.0407293 -0.470485 -0.101926
FixedParameters: 0 0 0

#Transform 141
Transform: AffineTransform_float_3_3
Parameters: 0.999996 -0.00275678 -0.000613354 0.00276806 0.999801 0.0197556 0.000559051 -0.0197575 0.999804 0.0494409 -0.442893 -0.142428
FixedParameters: 0 0 0

#Transform 142
Transform: AffineTransform_float_3_3
Parameters: 0.999997 -0.00247033 -0.000520579 0.00247964 0.999806 0.0195412 0.000471838 -0.0195423 0.999809 0.0443503 -0.476655 -0.139548
FixedParameters: 0 0 0

#Transform 143
Transform: AffineTransform_float_3_3
Parameters: 0.999993 -0.00326271 -0.00140058 0.00329615 0.999698 0.0243531 0.00132089 -0.0243573 0.999702 0.0840918 -0.575025 -0.102574
FixedParameters: 0 0 0

#Transform 144
Transform: AffineTransform_float_3_3
Parameters: 0.999995 -0.0027894 -0.000697932 0.00280395 0.999768 0.0213411 0.000638611 -0.0213423 0.999772 0.0568394 -0.560344 -0.165891
FixedParameters: 0 0 0

#Transform 145
Transform: AffineTransform_float_3_3
Parameters: 0.999996 -0.0024462 -0.000731433 0.0024598 0.999794 0.0201432 0.000682152 -0.0201453 0.999797 0.0528773 -0.522987 -0.202141
FixedParameters: 0 0 0

#Transform 146
Transform: AffineTransform_float_3_3
Parameters: 0.999997 -0.00218571 -0.00106895 0.00220447 0.999834 0.0180833 0.00102848 -0.0180856 0.999836 0.0631489 -0.544027 -0.123056
FixedParameters: 0 0 0

#Transform 147
Transform: AffineTransform_float_3_3
Parameters: 0.999998 -0.00161029 -0.00131028 0.00162654 0.999918 0.0126974 0.00128975 -0.0126989 0.999918 0.0478369 -0.375951 -0.0626228
FixedParameters: 0 0 0

#Transform 148
Transform: AffineTransform_float_3_3
Parameters: 0.999997 -0.00182162 -0.00142149 0.00184525 0.999857 0.0167864 0.00139052 -0.016788 0.999858 0.0503821 -0.481032 -0.16157
FixedParameters: 0 0 0

#Transform 149
Transform: AffineTransform_float_3_3
Parameters: 0.999998 -0.00178929 -0.00130071 0.00181159 0.999851 0.0171569 0.00127007 -0.0171593 0.999852 0.0512828 -0.455709 -0.297121
FixedParameters: 0 0 0

#Transform 150
Transform: AffineTransform_float_3_3
Parameters: 0.999997 -0.00221803 -0.00129446 0.00224156 0.999833 0.0181417 0.00125456 -0.0181452 0.999834 0.0660527 -0.486677 -0.281425
FixedParameters: 0 0 0

#Transform 151
Transform: AffineTransform_float_3_3
Parameters: 0.999997 -0.00201863 -0.001223 0.00203957 0.999841 0.0177363 0.00118648 -0.0177383 0.999842 0.0505106 -0.464632 -0.373339
FixedParameters: 0 0 0

#Transform 152
Transform: AffineTransform_float_3_3
Parameters: 0.999997 -0.00225231 -0.00132647 0.00227524 0.999848 0.0172824 0.00128787 -0.0172861 0.99985 0.077688 -0.454489 -0.332184
FixedParameters: 0 0 0

#Transform 153
Transform: AffineTransform_float_3_3
Parameters: 0.999996 -0.0023719 -0.00124681 0.00239327 0.999833 0.0181417 0.00120361 -0.0181442 0.999835 0.0610413 -0.491007 -0.407761
FixedParameters: 0 0 0

#Transform 154
Transform: AffineTransform_float_3_3
Parameters: 0.999995 -0.00318291 -0.000534243 0.00319314 0.999794 0.0200228 0.000470305 -0.0200241 0.9998 0.0232664 -0.530553 -0.211446
FixedParameters: 0 0 0

#Transform 155
Transform: AffineTransform_float_3_3
Parameters: 0.999996 -0.00273101 -0.00113239 0.00275193 0.999815 0.0190352 0.0010803 -0.0190379 0.999818 0.0523296 -0.471856 -0.348745
FixedParameters: 0 0 0

#Transform 156
Transform: AffineTransform_float_3_3
Parameters: 0.999996 -0.00253191 -0.000780099 0.00254485 0.999831 0.018252 0.000733432 -0.0182535 0.999833 0.0365945 -0.46819 -0.38409
FixedParameters: 0 0 0

#Transform 157
Transform: AffineTransform_float_3_3
Parameters: 0.999997 -0.00230636 -0.00117041 0.00232731 0.999826 0.0185197 0.00112743 -0.018523 0.999828 0.0460701 -0.468371 -0.41806
FixedParameters: 0 0 0

#Transform 158
Transform: AffineTransform_float_3_3
Parameters: 0.999997 -0.00226456 -0.00102093 0.00228329 0.99983 0.018334 0.000979277 -0.0183364 0.999832 0.0458274 -0.478307 -0.432702
FixedParameters: 0 0 0

#Transform 159
Transform: AffineTransform_float_3_3
Parameters: 0.999996 -0.00244059 -0.00127233 0.00246496 0.99981 0.0193625 0.00122528 -0.0193659 0.999811 0.0578016 -0.465231 -0.474544
FixedParameters: 0 0 0

#Transform 160
Transform: AffineTransform_float_3_3
Parameters: 0.999996 -0.00237378 -0.00141639 0.00239957 0.999828 0.0184151 0.00137252 -0.0184184 0.99983 0.0554542 -0.499067 -0.462286
FixedParameters: 0 0 0

#Transform 161
Transform: AffineTransform_float_3_3
Parameters: 0.999996 -0.00237935 -0.00142247 0.00240699 0.999801 0.0198083 0.00137473 -0.0198117 0.999802 0.0566668 -0.459926 -0.531175
FixedParameters: 0 0 0

#Transform 162
Transform: AffineTransform_float_3_3
Parameters: 0.999997 -0.00209362 -0.00151616 0.00212206 0.999819 0.0189311 0.00147602 -0.0189348 0.999819 0.0626492 -0.467305 -0.480541
FixedParameters: 0 0 0

#Transform 163
Transform: AffineTransform_float_3_3
Parameters: 0.999996 -0.00229361 -0.00172408 0.00232801 0.999796 0.0200497 0.00167825 -0.0200533 0.999798 0.0728508 -0.48112 -0.493319
FixedParameters: 0 0 0

#Transform 164
Transform: AffineTransform_float_3_3
Parameters: 0.999996 -0.00229557 -0.00173362 0.00232975 0.999801 0.0197889 0.00168774 -0.0197924 0.999803 0.0714895 -0.50059 -0.473256
FixedParameters: 0 0 0

#Transform 165
Transform: AffineTransform_float_3_3
Parameters: 0.999996 -0.00228461 -0.00168036 0.00231954 0.999772 0.0212446 0.00163116 -0.0212486 0.999772 0.0703173 -0.495227 -0.510318
FixedParameters: 0 0 0

#Transform 166
Transform: AffineTransform_float_3_3
Parameters: 0.999996 -0.00228398 -0.00167737 0.00231951 0.99977 0.0213265 0.00162874 -0.0213305 0.999771 0.0712881 -0.535866 -0.498448
FixedParameters: 0 0 0

#Transform 167
Transform: AffineTransform_float_3_3
Parameters: 0.999995 -0.002312 -0.00177705 0.00234975 0.999762 0.0216897 0.00172658 -0.0216929 0.999763 0.0708511 -0.553156 -0.519231
FixedParameters: 0 0 0

#Transform 168
Transform: AffineTransform_float_3_3
Parameters: 0.999996 -0.00202523 -0.00175433 0.00205932 0.999804 0.0197215 0.00171335 -0.0197254 0.999804 0.0660041 -0.494254 -0.469678
FixedParameters: 0 0 0

#Transform 169
Transform: AffineTransform_float_3_3
Parameters: 0.999995 -0.00237052 -0.00199738 0.00241184 0.999776 0.0210238 0.00194723 -0.0210286 0.999778 0.0805072 -0.496434 -0.489164
FixedParameters: 0 0 0

#Transform 170
Transform: AffineTransform_float_3_3
Parameters: 0.999996 -0.00228316 -0.00168584 0.00231586 0.999796 0.020066 0.0016394 -0.0200699 0.999797 0.0687326 -0.517247 -0.500619
FixedParameters: 0 0 0

#Transform 171
Transform: AffineTransform_float_3_3
Parameters: 0.999996 -0.00224513 -0.00154323 0.00227617 0.999788 0.020455 0.00149685 -0.0204589 0.99979 0.0665117 -0.517751 -0.506874
FixedParameters: 0 0 0

#Transform 172
Transform: AffineTransform_float_3_3
Parameters: 0.999997 -0.00179429 -0.00175617 0.00182877 0.999806 0.019623 0.00172029 -0.0196254 0.999806 0.0671346 -0.472244 -0.509117
FixedParameters: 0 0 0

#Transform 173
Transform: AffineTransform_float_3_3
Parameters: 0.999997 -0.00208614 -0.00149441 0.00211717 0.999777 0.0210159 0.00145017 -0.0210183 0.999778 0.0616472 -0.556243 -0.522141
FixedParameters: 0 0 0

#Transform 174
Transform: AffineTransform_float_3_3
Parameters: 0.999997 -0.00199753 -0.00173957 0.00203262 0.999795 0.0201894 0.00169896 -0.0201918 0.999795 0.0701372 -0.501664 -0.526369
FixedParameters: 0 0 0

#Transform 175
Transform: AffineTransform_float_3_3
Parameters: 0.999996 -0.00221863 -0.00179844 0.00225746 0.999759 0.0218204 0.00174943 -0.0218241 0.99976 0.0787326 -0.517957 -0.527579
FixedParameters: 0 0 0

#Transform 176
Transform: AffineTransform_float_3_3
Parameters: 0.999995 -0.00223573 -0.00186665 0.00227492 0.999773 0.0211975 0.0018186 -0.0212016 0.999774 0.0630751 -0.50639 -0.537705
FixedParameters: 0 0 0

#Transform 177
Transform: AffineTransform_float_3_3
Parameters: 0.999995 -0.00235064 -0.00228408 0.00239977 0.999759 0.0217959 0.00223239 -0.0218007 0.99976 0.084517 -0.525189 -0.519984
FixedParameters: 0 0 0

#Transform 178
Transform: AffineTransform_float_3_3
Parameters: 0.999995 -0.00230397 -0.00212244 0.00234741 0.999788 0.0204598 0.00207465 -0.0204648 0.999788 0.0859231 -0.498364 -0.45462
FixedParameters: 0 0 0

#Transform 179
Transform: AffineTransform_float_3_3
Parameters: 0.999995 -0.0024832 -0.00205717 0.00252631 0.999776 0.0209892 0.00200468 -0.020994 0.999777 0.090682 -0.453159 -0.479584
FixedParameters: 0 0 0

#Transform 180
Transform: AffineTransform_float_3_3
Parameters: 0.999997 -0.00218241 -0.00168815 0.0022149 0.99981 0.0193263 0.00164611 -0.0193306 0.999812 0.0707131 -0.436991 -0.474394
FixedParameters: 0 0 0

#Transform 181
Transform: AffineTransform_float_3_3
Parameters: 0.999995 -0.00224396 -0.00189939 0.00228379 0.999779 0.0208835 0.0018522 -0.0208877 0.99978 0.0829338 -0.500072 -0.486117
FixedParameters: 0 0 0

#Transform 182
Transform: AffineTransform_float_3_3
Parameters: 0.999995 -0.00225176 -0.0019398 0.00228994 0.999808 0.019464 0.00189576 -0.0194684 0.999809 0.0751167 -0.430459 -0.470498
FixedParameters: 0 0 0

#Transform 183
Transform: AffineTransform_float_3_3
Parameters: 0.999995 -0.00231426 -0.0021616 0.00235786 0.999792 0.02026 0.00211344 -0.0202644 0.999792 0.0866614 -0.446186 -0.511347
FixedParameters: 0 0 0

#Transform 184
Transform: AffineTransform_float_3_3
Parameters: 0.999995 -0.00230438 -0.00212864 0.00234621 0.999801 0.0198415 0.0020824 -0.0198457 0.999801 0.0917017 -0.478467 -0.471014
FixedParameters: 0 0 0

#Transform 185
Transform: AffineTransform_float_3_3
Parameters: 0.999995 -0.00230422 -0.00211919 0.00234822 0.999776 0.0210241 0.00207042 -0.0210291 0.999777 0.0931333 -0.485948 -0.504983
FixedParameters: 0 0 0

#Transform 186
Transform: AffineTransform_float_3_3
Parameters: 0.999996 -0.00225918 -0.00196667 0.00229739 0.999808 0.019468 0.00192262 -0.0194726 0.999809 0.084193 -0.470765 -0.488798
FixedParameters: 0 0 0

#Transform 187
Transform: AffineTransform_float_3_3
Parameters: 0.999994 -0.0023729 -0.00237424 0.00242117 0.999786 0.0205164 0.002325 -0.0205216 0.999787 0.0820285 -0.444107 -0.48952
FixedParameters: 0 0 0

#Transform 188
Transform: AffineTransform_float_3_3
Parameters: 0.999996 -0.00220517 -0.00177042 0.00223927 0.999809 0.0193986 0.00172774 -0.019402 0.99981 0.0644893 -0.4521 -0.447901
