# transform file /out/sourcedata/freesurfer/sub-v1s4x0050708_ses-1/mri/transforms/cc_up.lta
# created by oesteban on Tue Mar 10 04:39:29 2026

type      = 0 # LINEAR_VOX_TO_VOX
nxforms   = 1
mean      = 129.0000 114.0000 116.0000
sigma     = 10000.0000
1 4 4
9.888402223587036e-01 1.469442397356033e-01 -2.454461716115475e-02 -1.348674488067627e+01 
-1.468989998102188e-01 9.891448020935059e-01 3.646271070465446e-03 5.586063766479492e+01 
2.481397986412048e-02 2.328306436538696e-10 9.996920824050903e-01 1.778090858459473e+01 
0.000000000000000e+00 0.000000000000000e+00 0.000000000000000e+00 1.000000000000000e+00 
src volume info
valid = 1  # volume info valid
filename = /out/sourcedata/freesurfer/sub-v1s4x0050708_ses-1/mri/norm.mgz
volume = 256 256 256
voxelsize = 1.000000000000000e+00 1.000000000000000e+00 1.000000000000000e+00
xras   = -1.000000000000000e+00 -9.313225746154785e-10 7.450580596923828e-09
yras   = 1.490116119384766e-08 7.450580596923828e-09 -1.000000119209290e+00
zras   = -3.725290298461914e-09 1.000000000000000e+00 7.450580596923828e-09
cras   = -4.597389221191406e+00 5.323852539062500e+00 -1.004165649414062e+00
dst volume info
valid = 1  # volume info valid
filename = /out/sourcedata/freesurfer/sub-v1s4x0050708_ses-1/mri/norm.mgz
volume = 256 256 256
voxelsize = 1.000000000000000e+00 1.000000000000000e+00 1.000000000000000e+00
xras   = -1.000000000000000e+00 -9.313225746154785e-10 7.450580596923828e-09
yras   = 1.490116119384766e-08 7.450580596923828e-09 -1.000000119209290e+00
zras   = -3.725290298461914e-09 1.000000000000000e+00 7.450580596923828e-09
cras   = -4.597389221191406e+00 5.323852539062500e+00 -1.004165649414062e+00
