# transform file transforms/talairach.lta
# created by oesteban on Tue Mar 10 03:18:37 2026

type      = 0 # LINEAR_VOX_TO_VOX
nxforms   = 1
mean      = 129.0000 114.0000 116.0000
sigma     = 10000.0000
1 4 4
1.052933573722839e+00 1.048035025596619e-01 -2.423640526831150e-02 -1.895320510864258e+01 
-8.055607229471207e-02 1.132672786712646e+00 1.106986328959465e-01 -3.092114448547363e+00 
2.873462438583374e-02 -1.245831698179245e-01 9.869691729545593e-01 3.768239736557007e+00 
0.000000000000000e+00 0.000000000000000e+00 0.000000000000000e+00 1.000000000000000e+00 
src volume info
valid = 1  # volume info valid
filename = nu.mgz
volume = 256 256 256
voxelsize = 1.000000000000000e+00 1.000000000000000e+00 1.000000000000000e+00
xras   = -1.000000000000000e+00 -9.313225746154785e-10 7.450580596923828e-09
yras   = 1.490116119384766e-08 7.450580596923828e-09 -1.000000119209290e+00
zras   = -3.725290298461914e-09 1.000000000000000e+00 7.450580596923828e-09
cras   = -4.597389221191406e+00 5.323852539062500e+00 -1.004165649414062e+00
dst volume info
valid = 1  # volume info valid
filename = /opt/freesurfer/average/RB_all_2020-01-02.gca
volume = 256 256 256
voxelsize = 1.000000000000000e+00 1.000000000000000e+00 1.000000000000000e+00
xras   = -1.000000000000000e+00 0.000000000000000e+00 0.000000000000000e+00
yras   = 0.000000000000000e+00 0.000000000000000e+00 -1.000000000000000e+00
zras   = 0.000000000000000e+00 1.000000000000000e+00 0.000000000000000e+00
cras   = 0.000000000000000e+00 0.000000000000000e+00 0.000000000000000e+00
