type      = 0 # LINEAR_VOX_TO_VOX
nxforms   = 1
mean      = 0.0000 0.0000 0.0000
sigma     = 1.0000
1 4 4
1.035621047019958e+00 1.214639991521835e-01 -1.339399721473455e-02 -1.788775634765625e+01 
-1.628060191869736e-01 1.155902147293091e+00 1.592909842729568e-01 2.865142822265625e-01 
2.659399993717670e-02 -1.746820062398911e-01 1.115807056427002e+00 -5.583526611328125e+00 
0.000000000000000e+00 0.000000000000000e+00 0.000000000000000e+00 1.000000000000000e+00 
src volume info
valid = 1  # volume info valid
filename = /out/sourcedata/freesurfer/sub-v1s4x0050708_ses-1/mri/orig.mgz
volume = 256 256 256
voxelsize = 1.000000000000000e+00 1.000000000000000e+00 1.000000000000000e+00
xras   = -1.000000000000000e+00 -9.313225746154785e-10 7.450580596923828e-09
yras   = 1.490116119384766e-08 7.450580596923828e-09 -1.000000119209290e+00
zras   = -3.725290298461914e-09 1.000000000000000e+00 7.450580596923828e-09
cras   = -4.597389221191406e+00 5.323852539062500e+00 -1.004165649414062e+00
dst volume info
valid = 1  # volume info valid
filename = /opt/freesurfer/average/mni305.cor.mgz
volume = 256 256 256
voxelsize = 1.000000000000000e+00 1.000000000000000e+00 1.000000000000000e+00
xras   = -1.000000000000000e+00 0.000000000000000e+00 0.000000000000000e+00
yras   = 0.000000000000000e+00 0.000000000000000e+00 -1.000000000000000e+00
zras   = 0.000000000000000e+00 1.000000000000000e+00 0.000000000000000e+00
cras   = 0.000000000000000e+00 0.000000000000000e+00 0.000000000000000e+00
subject fsaverage
fscale 0.100000
