#Insight Transform File V1.0
#Transform 0
Transform: AffineTransform_float_3_3
Parameters: 0.999999 0.00135422 -0.000482359 -0.00135418 0.999999 5.83632e-05 0.000482433 -5.735e-05 1 -0.0159486 0.00154241 -0.0588864
FixedParameters: 0 0 0

#Transform 1
Transform: AffineTransform_float_3_3
Parameters: 0.999999 0.00139148 -0.000532669 -0.00139189 0.999999 -0.00050632 0.000532161 0.000507499 0.999999 -0.0212927 0.0209561 -0.0729338
FixedParameters: 0 0 0

#Transform 2
Transform: AffineTransform_float_3_3
Parameters: 0.999998 0.00138978 -0.000895705 -0.00139025 0.999999 -0.000319476 0.000895727 0.000320709 0.999999 -0.000190878 -0.0418616 -0.0539268
FixedParameters: 0 0 0

#Transform 3
Transform: AffineTransform_float_3_3
Parameters: 0.999998 0.00139461 -0.000896273 -0.0013953 0.999999 -0.000438368 0.000895961 0.00043961 0.999999 -0.0248654 0.0186325 -0.0810729
FixedParameters: 0 0 0

#Transform 4
Transform: AffineTransform_float_3_3
Parameters: 0.999998 0.00137654 -0.000894152 -0.00137659 0.999999 6.23308e-06 0.000894094 -5.01984e-06 0.999999 -0.0182164 -0.0454239 -0.0650018
FixedParameters: 0 0 0

#Transform 5
Transform: AffineTransform_float_3_3
Parameters: 1 0.0010473 -0.000222511 -0.00104729 1 0.000366607 0.000222211 -0.000366425 1 -0.0296029 -0.028594 0.0179479
FixedParameters: 0 0 0

#Transform 6
Transform: AffineTransform_float_3_3
Parameters: 0.999999 0.000788604 -0.000563664 -0.000788393 0.999999 0.000223272 0.000564025 -0.000223338 1 -0.0111161 -0.0652666 -0.0748432
FixedParameters: 0 0 0

#Transform 7
Transform: AffineTransform_float_3_3
Parameters: 0.999999 0.000897764 -0.000369735 -0.000897583 0.999999 0.000245032 0.000370174 -0.000244368 1 -0.0144996 -0.0277029 -0.0343284
FixedParameters: 0 0 0

#Transform 8
Transform: AffineTransform_float_3_3
Parameters: 1 0.00083538 -0.00086647 -0.000835362 0.999999 -4.77224e-05 0.000867301 4.82063e-05 0.999999 -0.00339879 -0.0287333 -0.0954696
FixedParameters: 0 0 0

#Transform 9
Transform: AffineTransform_float_3_3
Parameters: 1 0.000855355 -0.00059638 -0.000855815 0.999999 0.000448425 0.000597211 -0.000447363 0.999999 -0.000587256 -0.0449856 -0.0437969
FixedParameters: 0 0 0

#Transform 10
Transform: AffineTransform_float_3_3
Parameters: 1 0.000838771 -0.000813593 -0.000838717 0.999999 6.22967e-05 0.000813622 -6.18868e-05 0.999999 0.00497963 -0.0775333 -0.0649488
FixedParameters: 0 0 0

#Transform 11
Transform: AffineTransform_float_3_3
Parameters: 0.999999 0.000712683 -0.00052658 -0.000712193 0.999999 0.000503166 0.000527306 -0.00050337 1 -0.00119162 -0.0487882 -0.0558066
FixedParameters: 0 0 0

#Transform 12
Transform: AffineTransform_float_3_3
Parameters: 1 0.000689462 3.65988e-05 -0.00068948 0.999999 0.000244668 -3.62616e-05 -0.000244718 1 -0.00269829 -0.0622537 -0.055633
FixedParameters: 0 0 0

#Transform 13
Transform: AffineTransform_float_3_3
Parameters: 1 0.000584662 0.000234475 -0.000584741 1 0.000169477 -0.000234277 -0.000169751 1 -0.0117032 -0.0516094 -0.0383087
FixedParameters: 0 0 0

#Transform 14
Transform: AffineTransform_float_3_3
Parameters: 1 0.000416618 8.86817e-05 -0.000416655 1 0.000204126 -8.85117e-05 -0.0002042 1 0.00693747 -0.0466134 -0.0202202
FixedParameters: 0 0 0

#Transform 15
Transform: AffineTransform_float_3_3
Parameters: 1 -4.05219e-05 0.000156548 4.03922e-05 1 0.000414159 -0.000156582 -0.000414146 1 0.0125071 -0.00609601 -0.0756288
FixedParameters: 0 0 0

#Transform 16
Transform: AffineTransform_float_3_3
Parameters: 1 -0.000149486 0.00017169 0.000149212 0.999999 0.00079594 -0.000171928 -0.000795889 0.999999 0.0183465 -0.0626823 -0.041501
FixedParameters: 0 0 0

#Transform 17
Transform: AffineTransform_float_3_3
Parameters: 1 -0.000145028 0.000171349 0.000144792 1 0.000689032 -0.000171548 -0.000688982 0.999999 0.0180462 -0.016324 -0.0519161
FixedParameters: 0 0 0

#Transform 18
Transform: AffineTransform_float_3_3
Parameters: 1 -3.09935e-05 -0.00052674 3.1186e-05 1 0.000182627 0.000526728 -0.00018266 1 -0.00153746 -0.0291561 0.0158769
FixedParameters: 0 0 0

#Transform 19
Transform: AffineTransform_float_3_3
Parameters: 1 -0.000174221 -0.000299589 0.000174042 1 -0.000298525 0.000299693 0.000298421 1 0.0152584 -0.0125321 -0.0317109
FixedParameters: 0 0 0

#Transform 20
Transform: AffineTransform_float_3_3
Parameters: 1 -0.000182087 -0.000298978 0.000182023 1 -0.000107693 0.000299018 0.000107584 1 0.00902895 -0.0178824 -0.00799183
FixedParameters: 0 0 0

#Transform 21
Transform: AffineTransform_float_3_3
Parameters: 1 -9.33574e-05 0.000208346 9.35256e-05 1 -0.000403909 -0.000208271 0.000403948 1 0.0143631 0.0199472 -0.0150719
FixedParameters: 0 0 0

#Transform 22
Transform: AffineTransform_float_3_3
Parameters: 1 -5.93555e-05 0.000315718 5.88881e-05 0.999999 -0.000825192 -0.000315472 0.00082527 0.999999 0.0102224 0.00720823 0.00918137
FixedParameters: 0 0 0

#Transform 23
Transform: AffineTransform_float_3_3
Parameters: 1 -6.80465e-05 -0.000178993 6.78098e-05 1 -0.000660799 0.000179083 0.000660775 1 0.031967 -0.00554624 -0.0304574
FixedParameters: 0 0 0

#Transform 24
Transform: AffineTransform_float_3_3
Parameters: 1 -0.00012144 3.64558e-05 0.000121466 1 -0.000351461 -3.63704e-05 0.00035147 1 0.0131229 -0.0190276 -0.0262397
FixedParameters: 0 0 0

#Transform 25
Transform: AffineTransform_float_3_3
Parameters: 1 -0.000193922 -0.000355086 0.000193904 1 -2.59395e-05 0.000355096 2.58018e-05 1 0.0420186 -0.0281199 0.015344
FixedParameters: 0 0 0

#Transform 26
Transform: AffineTransform_float_3_3
Parameters: 1 -0.000226878 0.00025555 0.000226232 1 -0.000668761 -0.000255099 0.000668917 0.999999 0.0119392 -0.000445983 -0.00727896
FixedParameters: 0 0 0

#Transform 27
Transform: AffineTransform_float_3_3
Parameters: 1 -0.00017941 -0.000299186 0.000179307 1 -0.000172636 0.000299248 0.000172529 1 0.0400882 -0.0187018 0.0322217
FixedParameters: 0 0 0

#Transform 28
Transform: AffineTransform_float_3_3
Parameters: 1 -0.000334019 -0.000274395 0.00033365 0.999999 -0.000671597 0.000274843 0.000671414 0.999999 0.0362977 0.0108402 -0.0196737
FixedParameters: 0 0 0

#Transform 29
Transform: AffineTransform_float_3_3
Parameters: 1 -0.000539894 4.76589e-05 0.000539895 1 -1.15431e-05 -4.76462e-05 1.15946e-05 1 0.0289126 -0.00276203 0.0205449
FixedParameters: 0 0 0

#Transform 30
Transform: AffineTransform_float_3_3
Parameters: 1 -0.000176229 -0.000546409 0.000176418 1 0.000172579 0.000546348 -0.000172772 1 0.0500387 -0.0272288 -0.0113962
FixedParameters: 0 0 0

#Transform 31
Transform: AffineTransform_float_3_3
Parameters: 1 -0.000348882 -0.000275269 0.000349054 1 0.000312625 0.000275051 -0.000312817 1 0.028016 -0.0286064 -0.0418614
FixedParameters: 0 0 0

#Transform 32
Transform: AffineTransform_float_3_3
Parameters: 1 -0.000351184 -0.000135783 0.000351484 1 0.00108477 0.000135104 -0.00108487 1 0.0117296 -0.0809077 0.000350784
FixedParameters: 0 0 0

#Transform 33
Transform: AffineTransform_float_3_3
Parameters: 1 -0.000284306 -0.000466812 0.000284211 0.999999 0.000942631 0.000466506 -0.000942562 1 0.0357058 -0.071241 -0.0218226
FixedParameters: 0 0 0

#Transform 34
Transform: AffineTransform_float_3_3
Parameters: 1 -0.0001903 -0.000302197 0.000191186 0.999999 0.00138923 0.000301741 -0.00138839 0.999999 0.0266897 0.00947619 0.0199225
FixedParameters: 0 0 0

#Transform 35
Transform: AffineTransform_float_3_3
Parameters: 1 -0.000303691 -0.000453011 0.00030407 0.999999 0.00133696 0.000453415 -0.0013372 0.999999 0.0461834 -0.0315026 0.00134174
FixedParameters: 0 0 0

#Transform 36
Transform: AffineTransform_float_3_3
Parameters: 1 -0.000150232 -0.000307687 0.000150009 0.999999 0.00123285 0.000307548 -0.0012329 0.999999 0.0273904 -0.023844 0.0249993
FixedParameters: 0 0 0

#Transform 37
Transform: AffineTransform_float_3_3
Parameters: 1 -0.000290603 -0.000286494 0.000291258 1 0.00113179 0.000285918 -0.00113196 1 0.0383562 -0.0632955 0.00704895
FixedParameters: 0 0 0

#Transform 38
Transform: AffineTransform_float_3_3
Parameters: 1 -1.09248e-05 -0.000329037 1.18899e-05 0.999999 0.00145589 0.000329087 -0.0014559 0.999999 0.0306598 -0.0637723 0.00204962
FixedParameters: 0 0 0

#Transform 39
Transform: AffineTransform_float_3_3
Parameters: 1 -3.60946e-05 -0.000481823 3.74443e-05 0.999999 0.00139329 0.000481804 -0.00139332 0.999999 0.0482985 -0.109198 0.0124087
FixedParameters: 0 0 0

#Transform 40
Transform: AffineTransform_float_3_3
Parameters: 1 -0.000274975 -0.000292533 0.000276375 0.999997 0.00236151 0.000291479 -0.00236168 0.999997 0.0402536 -0.085206 0.0432493
FixedParameters: 0 0 0

#Transform 41
Transform: AffineTransform_float_3_3
Parameters: 1 -0.000221384 -0.000296584 0.00022202 1 0.00106166 0.000296197 -0.00106179 1 0.0387801 -0.0708298 0.00653455
FixedParameters: 0 0 0

#Transform 42
Transform: AffineTransform_float_3_3
Parameters: 1 -0.000224523 -0.000217336 0.000225146 0.999999 0.00141959 0.000216781 -0.00141968 0.999999 0.047342 -0.0699892 0.0295754
FixedParameters: 0 0 0

#Transform 43
Transform: AffineTransform_float_3_3
Parameters: 1 -0.000652237 -0.000233444 0.000652076 0.999999 0.00135575 0.000232883 -0.00135506 0.999999 0.0601165 -0.0616366 0.0578023
FixedParameters: 0 0 0

#Transform 44
Transform: AffineTransform_float_3_3
Parameters: 1 -0.000583601 8.26223e-05 0.000583456 1 0.000840141 -8.36019e-05 -0.000840338 0.999999 0.0436628 0.020817 0.0167648
FixedParameters: 0 0 0

#Transform 45
Transform: AffineTransform_float_3_3
Parameters: 1 -0.000663957 -0.00023269 0.000663921 0.999999 0.00163935 0.000231722 -0.00163897 0.999998 0.0382707 -0.0339208 0.0367119
FixedParameters: 0 0 0

#Transform 46
Transform: AffineTransform_float_3_3
Parameters: 1 -0.000694564 -0.000230675 0.000695029 0.999997 0.00238084 0.000229726 -0.00238019 0.999997 0.0586046 -0.0400279 0.0198972
FixedParameters: 0 0 0

#Transform 47
Transform: AffineTransform_float_3_3
Parameters: 1 -0.00066918 -5.75357e-05 0.000668631 0.999997 0.00238448 5.57281e-05 -0.00238453 0.999997 0.0518499 -0.0460195 0.0547669
FixedParameters: 0 0 0

#Transform 48
Transform: AffineTransform_float_3_3
Parameters: 1 -0.000504277 -0.000257667 0.000504541 0.999998 0.00204057 0.000256899 -0.00203985 0.999998 0.0647123 -0.0725261 0.0233867
FixedParameters: 0 0 0

#Transform 49
Transform: AffineTransform_float_3_3
Parameters: 1 -0.000383474 0.00051267 0.000381803 0.999996 0.00276196 -0.000513614 -0.00276162 0.999996 0.0246119 -0.0728987 0.030791
FixedParameters: 0 0 0

#Transform 50
Transform: AffineTransform_float_3_3
Parameters: 1 -0.000504686 -0.000257476 0.000504889 0.999998 0.00200154 0.000256755 -0.00200177 0.999998 0.0612155 -0.0819613 0.0452271
FixedParameters: 0 0 0

#Transform 51
Transform: AffineTransform_float_3_3
Parameters: 1 -0.000482056 -0.000202718 0.00048228 0.999997 0.00247872 0.000201702 -0.00247793 0.999997 0.0576068 -0.069961 0.0172066
FixedParameters: 0 0 0

#Transform 52
Transform: AffineTransform_float_3_3
Parameters: 1 -0.000482695 -0.000335603 0.000483224 0.999998 0.0020217 0.000334949 -0.00202199 0.999998 0.0803082 -0.105261 0.072417
FixedParameters: 0 0 0

#Transform 53
Transform: AffineTransform_float_3_3
Parameters: 0.999999 -0.000747911 0.000303728 0.000748085 0.999998 0.00184674 -0.000304502 -0.00184635 0.999998 0.0587151 -0.0540542 0.0163446
FixedParameters: 0 0 0

#Transform 54
Transform: AffineTransform_float_3_3
Parameters: 1 -0.000514161 -0.000259432 0.000514932 0.999995 0.00304705 0.000257844 -0.00304729 0.999996 0.0876767 -0.0931115 0.0519232
FixedParameters: 0 0 0

#Transform 55
Transform: AffineTransform_float_3_3
Parameters: 0.999999 -0.000500884 -0.000552187 0.00050192 0.999999 0.00168626 0.000551796 -0.00168678 0.999999 0.0872773 -0.109681 -0.0392759
FixedParameters: 0 0 0

#Transform 56
Transform: AffineTransform_float_3_3
Parameters: 1 -0.000493509 -0.000260895 0.000494056 0.999996 0.00254746 0.000259753 -0.00254673 0.999996 0.077692 -0.13261 -0.00357089
FixedParameters: 0 0 0

#Transform 57
Transform: AffineTransform_float_3_3
Parameters: 0.999999 -0.000765951 -0.000327805 0.000767585 0.999997 0.00224298 0.0003256 -0.00224349 0.999998 0.087264 -0.129351 -0.0125394
FixedParameters: 0 0 0

#Transform 58
Transform: AffineTransform_float_3_3
Parameters: 1 -0.000738862 -0.000229367 0.000739018 0.999992 0.00390836 0.000226521 -0.00390864 0.999993 0.0845002 -0.103456 0.0188914
FixedParameters: 0 0 0

#Transform 59
Transform: AffineTransform_float_3_3
Parameters: 0.999999 -0.00102682 -0.000236972 0.00102668 0.999994 0.00312167 0.000233235 -0.00312113 0.999995 0.0841213 -0.114463 0.0248802
FixedParameters: 0 0 0

#Transform 60
Transform: AffineTransform_float_3_3
Parameters: 1 -0.000712794 -0.000231365 0.000713697 0.999994 0.00337296 0.00022917 -0.00337326 0.999994 0.101873 -0.092977 0.0181716
FixedParameters: 0 0 0

#Transform 61
Transform: AffineTransform_float_3_3
Parameters: 0.999999 -0.000760574 -0.000276155 0.000761648 0.999995 0.00314788 0.000273897 -0.00314828 0.999995 0.0978795 -0.0904605 0.0577671
FixedParameters: 0 0 0

#Transform 62
Transform: AffineTransform_float_3_3
Parameters: 1 -0.000531304 -0.00045514 0.000532018 0.999996 0.00276667 0.000453811 -0.00276708 0.999996 0.0999645 -0.0789694 -0.0159285
FixedParameters: 0 0 0

#Transform 63
Transform: AffineTransform_float_3_3
Parameters: 1 -0.000402821 -8.86916e-05 0.000402419 0.999997 0.00236462 8.81699e-05 -0.00236467 0.999997 0.0770437 -0.0492237 0.00969504
FixedParameters: 0 0 0

#Transform 64
Transform: AffineTransform_float_3_3
Parameters: 0.999999 -0.00132253 -0.000135519 0.00132231 0.999997 0.00176295 0.000133058 -0.00176328 0.999999 0.0959435 -0.11835 0.0362649
FixedParameters: 0 0 0

#Transform 65
Transform: AffineTransform_float_3_3
Parameters: 0.999999 -0.00101562 -0.000182854 0.00101676 0.999997 0.00226622 0.000180468 -0.00226661 0.999998 0.079759 -0.101275 0.0515871
FixedParameters: 0 0 0

#Transform 66
Transform: AffineTransform_float_3_3
Parameters: 1 -0.00117954 -0.000242004 0.00118015 0.999996 0.00237264 0.000239676 -0.0023732 0.999997 0.100874 0.018045 0.0125262
FixedParameters: 0 0 0

#Transform 67
Transform: AffineTransform_float_3_3
Parameters: 1 -0.00103048 -0.000244912 0.00103196 0.999996 0.00240286 0.000242092 -0.00240338 0.999997 0.0923751 0.0105166 -0.00194869
FixedParameters: 0 0 0

#Transform 68
Transform: AffineTransform_float_3_3
Parameters: 0.999999 -0.00101055 -0.000183174 0.00101163 0.999997 0.00214318 0.000180977 -0.00214386 0.999997 0.0957977 -0.0860097 -0.0420111
FixedParameters: 0 0 0

#Transform 69
Transform: AffineTransform_float_3_3
Parameters: 0.999999 -0.000695397 -0.000462538 0.000696071 0.999996 0.00252559 0.000461539 -0.00252617 0.999996 0.0650883 -0.106228 -0.0411538
FixedParameters: 0 0 0

#Transform 70
Transform: AffineTransform_float_3_3
Parameters: 1 -0.000976552 -0.000611237 0.000978052 0.999997 0.00255614 0.000608747 -0.00255632 0.999997 0.0725782 -0.120699 -0.100652
FixedParameters: 0 0 0

#Transform 71
Transform: AffineTransform_float_3_3
Parameters: 1 -0.000956974 -0.000613374 0.000958219 0.999997 0.00234379 0.000611309 -0.00234394 0.999997 0.0753125 -0.0604347 -0.0407036
FixedParameters: 0 0 0

#Transform 72
Transform: AffineTransform_float_3_3
Parameters: 0.999999 -0.00118459 -0.000583274 0.00118593 0.999994 0.00325995 0.000579352 -0.00326028 0.999995 0.0720773 -0.143004 -0.00820735
FixedParameters: 0 0 0

#Transform 73
Transform: AffineTransform_float_3_3
Parameters: 0.999999 -0.00119423 -0.000580288 0.00119604 0.999996 0.002842 0.000576987 -0.00284267 0.999995 0.0919854 -0.0856324 -0.0454483
FixedParameters: 0 0 0

#Transform 74
Transform: AffineTransform_float_3_3
Parameters: 0.999999 -0.000503616 -0.000684868 0.000506093 0.999992 0.00382553 0.000683098 -0.00382582 0.999993 0.104202 -0.154672 -0.0122802
FixedParameters: 0 0 0

#Transform 75
Transform: AffineTransform_float_3_3
Parameters: 0.999999 -0.000887582 -0.000627503 0.000890268 0.999993 0.0034547 0.000624125 -0.00345575 0.999994 0.099878 -0.137039 -0.0266562
FixedParameters: 0 0 0

#Transform 76
Transform: AffineTransform_float_3_3
Parameters: 1 -0.000655317 6.04412e-05 0.000655121 0.99999 0.0045656 -6.35412e-05 -0.00456554 0.99999 0.0695261 -0.145592 0.00809136
FixedParameters: 0 0 0

#Transform 77
Transform: AffineTransform_float_3_3
Parameters: 0.999999 -0.000883063 -0.000234966 0.00088421 0.999994 0.00344189 0.000232477 -0.00344133 0.999994 0.0829602 -0.144923 0.0146416
FixedParameters: 0 0 0

#Transform 78
Transform: AffineTransform_float_3_3
Parameters: 1 -0.00116376 0.000227323 0.00116278 0.999993 0.0035011 -0.000231111 -0.0035009 0.999994 0.0725152 -0.129104 0.0179313
FixedParameters: 0 0 0

#Transform 79
Transform: AffineTransform_float_3_3
Parameters: 0.999999 -0.00131711 -7.74324e-05 0.00131735 0.999992 0.00394778 7.17029e-05 -0.00394827 0.999992 0.1095 -0.152288 0.0564598
FixedParameters: 0 0 0

#Transform 80
Transform: AffineTransform_float_3_3
Parameters: 1 -0.00124392 8.32251e-05 0.00124395 0.999993 0.00355828 -8.76378e-05 -0.0035581 0.999994 0.0992578 0.0274033 -0.0189671
FixedParameters: 0 0 0

#Transform 81
Transform: AffineTransform_float_3_3
Parameters: 1 -0.000725557 0.000152796 0.000724609 0.999989 0.00477564 -0.00015577 -0.00477545 0.999989 0.0761012 -0.0828826 0.0549293
FixedParameters: 0 0 0

#Transform 82
Transform: AffineTransform_float_3_3
Parameters: 1 -0.000447776 0.000243419 0.000447189 0.999992 0.00394511 -0.000244463 -0.00394495 0.999992 0.065954 -0.0563216 0.00493912
FixedParameters: 0 0 0

#Transform 83
Transform: AffineTransform_float_3_3
Parameters: 0.999999 -0.000811971 -0.000176331 0.000812858 0.999992 0.00393116 0.000173711 -0.00393143 0.999992 0.0988096 -0.0984544 0.0147628
FixedParameters: 0 0 0

#Transform 84
Transform: AffineTransform_float_3_3
Parameters: 1 -0.000960484 -0.000524305 0.000961984 0.999995 0.00301503 0.000521107 -0.00301597 0.999996 0.120155 -0.0767905 -0.0223229
FixedParameters: 0 0 0

#Transform 85
Transform: AffineTransform_float_3_3
Parameters: 0.999999 -0.00100063 -0.000460745 0.00100175 0.999995 0.00301319 0.000457392 -0.00301405 0.999996 0.0971259 -0.0662866 -0.0113443
FixedParameters: 0 0 0

#Transform 86
Transform: AffineTransform_float_3_3
Parameters: 0.999999 -0.00104267 -6.44564e-05 0.00104349 0.999995 0.00275124 6.2005e-05 -0.0027514 0.999996 0.0918641 -0.0618996 -0.0393488
FixedParameters: 0 0 0

#Transform 87
Transform: AffineTransform_float_3_3
Parameters: 0.999999 -0.00112839 -0.000220481 0.00113022 0.999987 0.00484181 0.000214622 -0.00484134 0.999988 0.104991 -0.156214 0.0141077
FixedParameters: 0 0 0

#Transform 88
Transform: AffineTransform_float_3_3
Parameters: 0.999998 -0.00106983 -0.00138842 0.00107506 0.999992 0.00382724 0.00138471 -0.00382876 0.999992 0.116021 -0.182494 -0.190224
FixedParameters: 0 0 0

#Transform 89
Transform: AffineTransform_float_3_3
Parameters: 0.999998 -0.00176765 -0.00123812 0.00177455 0.999979 0.00623902 0.00122694 -0.00624115 0.99998 0.142762 -0.261299 -0.110826
FixedParameters: 0 0 0

#Transform 90
Transform: AffineTransform_float_3_3
Parameters: 0.999998 -0.00183589 -0.00118647 0.00184302 0.999979 0.0061349 0.00117558 -0.00613706 0.99998 0.141832 -0.216147 -0.0710032
FixedParameters: 0 0 0

#Transform 91
Transform: AffineTransform_float_3_3
Parameters: 0.999998 -0.00181178 -0.000967491 0.00181961 0.999972 0.00728355 0.000954216 -0.0072849 0.999973 0.14438 -0.210711 -0.0438552
FixedParameters: 0 0 0

#Transform 92
Transform: AffineTransform_float_3_3
Parameters: 0.999997 -0.00190617 -0.00127837 0.00191478 0.999976 0.00659542 0.00126623 -0.00659806 0.999977 0.145576 -0.219988 -0.0824577
FixedParameters: 0 0 0

#Transform 93
Transform: AffineTransform_float_3_3
Parameters: 0.999998 -0.00201455 -0.00101828 0.00202292 0.999962 0.00841102 0.00100165 -0.00841287 0.999964 0.133941 -0.26073 -0.0664044
FixedParameters: 0 0 0

#Transform 94
Transform: AffineTransform_float_3_3
Parameters: 0.999997 -0.00208846 -0.00126808 0.00210093 0.999946 0.0101887 0.00124684 -0.0101916 0.999947 0.163291 -0.343932 -0.0637566
FixedParameters: 0 0 0

#Transform 95
Transform: AffineTransform_float_3_3
Parameters: 0.999998 -0.000845748 -0.0014332 0.000855915 0.999972 0.00752621 0.00142654 -0.00752789 0.999971 0.140131 -0.258965 -0.101065
FixedParameters: 0 0 0

#Transform 96
Transform: AffineTransform_float_3_3
Parameters: 0.999998 0.00069879 -0.00163657 -0.000701157 0.999998 -0.00165561 0.00163497 0.00165616 0.999998 0.120499 0.0567556 -0.1854
FixedParameters: 0 0 0

#Transform 97
Transform: AffineTransform_float_3_3
Parameters: 0.999999 0.000154143 -0.00155925 -0.000152703 1 0.000460403 0.00155939 -0.000459631 0.999998 0.114976 0.0304644 -0.211496
FixedParameters: 0 0 0

#Transform 98
Transform: AffineTransform_float_3_3
Parameters: 0.999999 0.000121432 -0.00155642 -0.000119529 0.999999 0.00130277 0.00155614 -0.00130297 0.999998 0.115563 -0.0441342 -0.19042
FixedParameters: 0 0 0

#Transform 99
Transform: AffineTransform_float_3_3
Parameters: 0.999999 -0.000387785 -0.00148659 0.000392745 0.999995 0.00331536 0.00148524 -0.00331602 0.999994 0.114049 -0.115439 -0.122244
FixedParameters: 0 0 0

#Transform 100
Transform: AffineTransform_float_3_3
Parameters: 0.999997 -0.0010886 -0.00224456 0.00109769 0.99999 0.00435801 0.00223937 -0.00436095 0.999988 0.147418 -0.130377 -0.152284
FixedParameters: 0 0 0

#Transform 101
Transform: AffineTransform_float_3_3
Parameters: 0.999998 -0.00117006 -0.00162543 0.0011806 0.999979 0.00636264 0.00161769 -0.0063648 0.999978 0.120514 -0.178924 -0.0897191
FixedParameters: 0 0 0

#Transform 102
Transform: AffineTransform_float_3_3
Parameters: 0.999998 -0.00111365 -0.00208941 0.00112434 0.999986 0.0052523 0.00208345 -0.00525402 0.999983 0.140837 -0.140059 -0.13443
FixedParameters: 0 0 0

#Transform 103
Transform: AffineTransform_float_3_3
Parameters: 0.999998 -0.00115365 -0.00157361 0.00116142 0.999988 0.00475885 0.00156862 -0.00476095 0.999987 0.116886 -0.0966151 -0.119044
FixedParameters: 0 0 0

#Transform 104
Transform: AffineTransform_float_3_3
Parameters: 0.999999 -0.000752578 -0.00163057 0.000759256 0.99999 0.00436298 0.00162787 -0.00436485 0.999989 0.137991 -0.0985476 -0.127236
FixedParameters: 0 0 0

#Transform 105
Transform: AffineTransform_float_3_3
Parameters: 0.999998 -0.00107241 -0.00123318 0.00107769 0.99999 0.00432521 0.00122854 -0.00432639 0.99999 0.110679 -0.10737 -0.144483
FixedParameters: 0 0 0

#Transform 106
Transform: AffineTransform_float_3_3
Parameters: 0.999996 -0.000941073 -0.00290605 0.000943661 0.999999 0.000746353 0.00290591 -0.000749336 0.999996 0.126498 -0.0424808 -0.238777
FixedParameters: 0 0 0

#Transform 107
Transform: AffineTransform_float_3_3
Parameters: 0.999996 -0.000913257 -0.00268986 0.00091997 0.999997 0.00230625 0.00268774 -0.00230882 0.999994 0.119797 -0.00323038 -0.158283
FixedParameters: 0 0 0

#Transform 108
Transform: AffineTransform_float_3_3
Parameters: 0.999995 -0.00100057 -0.00293692 0.00100747 0.999996 0.00264933 0.00293415 -0.00265274 0.999992 0.118856 -0.0980328 -0.275195
FixedParameters: 0 0 0

#Transform 109
Transform: AffineTransform_float_3_3
Parameters: 0.999998 -0.000854324 -0.00180881 0.000862498 0.99999 0.00438618 0.00180428 -0.00438838 0.999989 0.0608587 -0.10172 -0.168849
FixedParameters: 0 0 0

#Transform 110
Transform: AffineTransform_float_3_3
Parameters: 0.999997 -0.000857248 -0.00256709 0.000865791 0.999994 0.00335019 0.00256403 -0.00335242 0.999991 0.0911391 -0.125251 -0.224947
FixedParameters: 0 0 0

#Transform 111
Transform: AffineTransform_float_3_3
Parameters: 0.999996 -0.000649975 -0.00251368 0.00065405 0.999999 0.00139449 0.00251238 -0.00139676 0.999996 0.0611579 -0.00411095 -0.214136
FixedParameters: 0 0 0

#Transform 112
Transform: AffineTransform_float_3_3
Parameters: 0.999996 -0.000374849 -0.002552 0.000376346 1 0.000482937 0.00255178 -0.000483933 0.999996 0.0818726 0.018299 -0.243343
FixedParameters: 0 0 0

#Transform 113
Transform: AffineTransform_float_3_3
Parameters: 0.999997 -8.10749e-05 -0.00237934 8.02785e-05 1 -0.00037843 0.00237925 0.000378886 0.999997 0.0558925 0.00858355 -0.215185
FixedParameters: 0 0 0

#Transform 114
Transform: AffineTransform_float_3_3
Parameters: 0.999998 -5.662e-05 -0.00207466 5.6169e-05 1 -0.000349496 0.00207455 0.000349808 0.999998 0.0695201 -0.00672312 -0.272573
FixedParameters: 0 0 0

#Transform 115
Transform: AffineTransform_float_3_3
Parameters: 0.999999 0.000653618 -0.000417455 -0.000655373 0.999993 -0.00370642 0.000415006 0.0037069 0.999993 -0.00773573 0.151023 -0.261308
FixedParameters: 0 0 0

#Transform 116
Transform: AffineTransform_float_3_3
Parameters: 0.999999 0.000822087 -0.000440963 -0.000824807 0.999988 -0.00482121 0.000436826 0.00482186 0.999988 -0.00859289 0.210414 -0.325414
FixedParameters: 0 0 0

#Transform 117
Transform: AffineTransform_float_3_3
Parameters: 0.999999 0.000755159 0.000418277 -0.000753104 0.999979 -0.00644797 -0.000422712 0.00644746 0.999979 -0.0719368 0.3407 -0.267999
FixedParameters: 0 0 0

#Transform 118
Transform: AffineTransform_float_3_3
Parameters: 0.999999 0.000955455 0.000934984 -0.000947113 0.999957 -0.00921342 -0.000943617 0.00921294 0.999957 -0.0696022 0.394096 -0.299816
FixedParameters: 0 0 0

#Transform 119
Transform: AffineTransform_float_3_3
Parameters: 1 0.000704407 0.000971076 -0.000696766 0.99997 -0.0077253 -0.000976258 0.00772453 0.99997 -0.0734491 0.35541 -0.290333
FixedParameters: 0 0 0

#Transform 120
Transform: AffineTransform_float_3_3
Parameters: 1 0.000254284 -0.000408898 -0.000256281 0.999987 -0.00510137 0.00040807 0.00510053 0.999987 -0.0189376 0.279393 -0.320525
FixedParameters: 0 0 0

#Transform 121
Transform: AffineTransform_float_3_3
Parameters: 0.999999 -0.000602374 -0.00062275 0.000600758 0.999998 -0.00201301 0.000624196 0.00201319 0.999997 -0.012637 0.146042 -0.26879
FixedParameters: 0 0 0

#Transform 122
Transform: AffineTransform_float_3_3
Parameters: 1 -0.000611788 -0.000845896 0.000610771 0.999999 -0.000517324 0.000845542 0.000516593 1 0.0130767 0.0827284 -0.242036
FixedParameters: 0 0 0

#Transform 123
Transform: AffineTransform_float_3_3
Parameters: 0.999999 -0.000518779 -0.000640745 0.000518231 1 -0.000428054 0.000641189 0.000427389 0.999999 0.000226922 0.126993 -0.250652
FixedParameters: 0 0 0

#Transform 124
Transform: AffineTransform_float_3_3
Parameters: 1 -0.000650691 -0.000936431 0.000650508 1 -0.000122426 0.000936581 0.000122456 1 -0.0113521 0.0837126 -0.210332
FixedParameters: 0 0 0

#Transform 125
Transform: AffineTransform_float_3_3
Parameters: 0.999999 -0.000644184 -0.00115713 0.000643867 1 0.000269814 0.00115693 -0.000270015 0.999999 0.0142194 0.0570356 -0.263387
FixedParameters: 0 0 0

#Transform 126
Transform: AffineTransform_float_3_3
Parameters: 1 -0.000646629 -0.00081388 0.000646991 1 0.000225578 0.000813504 -0.00022663 0.999999 0.00372508 0.0648911 -0.227228
FixedParameters: 0 0 0

#Transform 127
Transform: AffineTransform_float_3_3
Parameters: 0.999998 -0.00116582 -0.00113365 0.00116743 0.999999 0.00106201 0.0011323 -0.00106367 0.999998 0.026568 0.00276501 -0.235728
FixedParameters: 0 0 0

#Transform 128
Transform: AffineTransform_float_3_3
Parameters: 1 -0.00091733 -0.00071606 0.000917828 0.999999 0.000323946 0.000715373 -0.000324304 0.999999 0.0148432 0.0605591 -0.265767
FixedParameters: 0 0 0

#Transform 129
Transform: AffineTransform_float_3_3
Parameters: 0.999999 -0.000749716 -0.00119673 0.000751138 0.999999 0.00139838 0.001195 -0.00139884 0.999998 0.0520529 0.00780643 -0.240691
FixedParameters: 0 0 0

#Transform 130
Transform: AffineTransform_float_3_3
Parameters: 0.999999 -0.000771932 -0.000998488 0.000772844 1 0.000856286 0.000998289 -0.000856841 0.999999 0.0408253 0.0459896 -0.285271
FixedParameters: 0 0 0

#Transform 131
Transform: AffineTransform_float_3_3
Parameters: 1 -0.000493513 -0.000885048 0.000493781 1 0.000132157 0.000884826 -0.000132076 0.999999 0.0365883 0.0414465 -0.269814
FixedParameters: 0 0 0

#Transform 132
Transform: AffineTransform_float_3_3
Parameters: 0.999999 -0.000468043 -0.00081985 0.000467634 1 -0.000250246 0.000820083 0.000249479 0.999999 0.029596 0.056333 -0.289934
FixedParameters: 0 0 0

#Transform 133
Transform: AffineTransform_float_3_3
Parameters: 0.999999 -0.000239117 -0.000758127 0.000238228 1 -0.000593896 0.000758492 0.000593827 1 0.0313181 0.0482756 -0.262023
FixedParameters: 0 0 0

#Transform 134
Transform: AffineTransform_float_3_3
Parameters: 0.999999 -0.000465822 -0.000806952 0.000465926 1 3.9027e-05 0.000806907 -3.88236e-05 0.999999 0.0330963 -0.0187077 -0.259904
FixedParameters: 0 0 0

#Transform 135
Transform: AffineTransform_float_3_3
Parameters: 1 -0.000854295 -0.000680797 0.000854637 1 0.000837984 0.00068049 -0.00083816 1 0.0398605 -0.00223947 -0.259723
FixedParameters: 0 0 0

#Transform 136
Transform: AffineTransform_float_3_3
Parameters: 0.999999 -0.000629359 -0.00121282 0.000630422 0.999999 0.000843087 0.0012119 -0.00084428 0.999999 0.0521298 -0.00457946 -0.262429
FixedParameters: 0 0 0

#Transform 137
Transform: AffineTransform_float_3_3
Parameters: 0.999999 -0.000752523 -0.00119491 0.00075391 1 0.000976721 0.00119357 -0.000977524 0.999998 0.0507726 0.0309196 -0.269089
FixedParameters: 0 0 0

#Transform 138
Transform: AffineTransform_float_3_3
Parameters: 0.999999 -0.000614486 -0.00141464 0.000613737 1 -0.000267663 0.00141497 0.000266219 0.999999 0.0618391 0.0317428 -0.255834
FixedParameters: 0 0 0

#Transform 139
Transform: AffineTransform_float_3_3
Parameters: 0.999999 -0.000404739 -0.00124088 0.000403294 0.999999 -0.00092375 0.0012405 0.00092301 0.999999 0.0435557 0.103967 -0.258171
FixedParameters: 0 0 0

#Transform 140
Transform: AffineTransform_float_3_3
Parameters: 1 -0.00081169 -0.000755148 0.000812117 1 0.000910034 0.000753809 -0.000910263 0.999999 0.0324152 -0.00498788 -0.20371
FixedParameters: 0 0 0

#Transform 141
Transform: AffineTransform_float_3_3
Parameters: 0.999999 -0.000391555 -0.00124428 0.000391287 1 -0.000463828 0.0012435 0.000464071 0.999999 0.0543698 0.0577441 -0.256475
FixedParameters: 0 0 0

#Transform 142
Transform: AffineTransform_float_3_3
Parameters: 0.999999 -0.000147128 -0.00134885 0.000145925 0.999999 -0.00081431 0.00134894 0.000814167 0.999999 0.0358995 0.0979584 -0.236967
FixedParameters: 0 0 0

#Transform 143
Transform: AffineTransform_float_3_3
Parameters: 0.999999 -0.000525168 -0.00122292 0.000523959 0.999999 -0.000856917 0.00122267 0.000856851 0.999999 0.0580381 0.0701654 -0.256049
FixedParameters: 0 0 0

#Transform 144
Transform: AffineTransform_float_3_3
Parameters: 1 -0.000349826 -0.000956493 0.0003482 0.999999 -0.00138683 0.000957304 0.00138708 0.999998 0.0373141 0.0624825 -0.268527
FixedParameters: 0 0 0

#Transform 145
Transform: AffineTransform_float_3_3
Parameters: 0.999999 -0.000385141 -0.00124386 0.00038469 0.999999 -0.000918942 0.00124328 0.000918207 0.999999 0.0545031 0.0838194 -0.250432
FixedParameters: 0 0 0

#Transform 146
Transform: AffineTransform_float_3_3
Parameters: 0.999999 0.000164935 -0.00132363 -0.000167764 0.999998 -0.00219438 0.00132262 0.0021947 0.999996 0.0217103 0.0569285 -0.401141
FixedParameters: 0 0 0

#Transform 147
Transform: AffineTransform_float_3_3
Parameters: 1 -0.00073623 -0.000810225 0.000735996 1 -0.00016557 0.000810377 0.000165333 0.999999 0.0346919 0.0683536 -0.267665
FixedParameters: 0 0 0

#Transform 148
Transform: AffineTransform_float_3_3
Parameters: 0.999999 -0.000786465 -0.00118537 0.000785614 0.999999 -0.000316693 0.00118487 0.000316088 0.999999 0.0424376 -0.0197198 -0.238108
FixedParameters: 0 0 0

#Transform 149
Transform: AffineTransform_float_3_3
Parameters: 1 -0.000729848 -0.000733751 0.000729821 1 -4.13994e-05 0.00073372 4.12838e-05 0.999999 0.0332028 0.0692997 -0.216931
FixedParameters: 0 0 0

#Transform 150
Transform: AffineTransform_float_3_3
Parameters: 0.999999 -0.000892047 -0.00116938 0.00089113 0.999999 -0.000349265 0.001169 0.000348438 0.999999 0.0594831 0.0775248 -0.262994
FixedParameters: 0 0 0

#Transform 151
Transform: AffineTransform_float_3_3
Parameters: 0.999999 -0.000835219 -0.00118151 0.000835864 0.999999 0.000671055 0.00118053 -0.00067174 0.999999 0.0536046 0.0138751 -0.228814
FixedParameters: 0 0 0

#Transform 152
Transform: AffineTransform_float_3_3
Parameters: 0.999999 -0.000765325 -0.000671731 0.000765639 1 0.0008237 0.000671677 -0.000823742 1 0.0292402 -0.00285874 -0.2372
FixedParameters: 0 0 0

#Transform 153
Transform: AffineTransform_float_3_3
Parameters: 1 -0.000339119 -0.0010467 0.000339015 1 -0.000524222 0.00104691 0.000523765 1 0.0543084 0.0626839 -0.256096
FixedParameters: 0 0 0

#Transform 154
Transform: AffineTransform_float_3_3
Parameters: 1 -0.000317553 -0.000991331 0.000316721 0.999999 -0.000846734 0.000990734 0.000846368 0.999999 0.049199 0.0744565 -0.257856
FixedParameters: 0 0 0

#Transform 155
Transform: AffineTransform_float_3_3
Parameters: 0.999999 1.56716e-05 -0.000996436 -1.80095e-05 0.999997 -0.00217771 0.000996314 0.00217795 0.999997 0.0440443 0.130483 -0.29169
FixedParameters: 0 0 0

#Transform 156
Transform: AffineTransform_float_3_3
Parameters: 0.999999 -0.000230784 -0.00087594 0.00022895 0.999997 -0.00218858 0.000876898 0.00218838 0.999997 0.0395122 0.109373 -0.243782
FixedParameters: 0 0 0

#Transform 157
Transform: AffineTransform_float_3_3
Parameters: 0.999999 0.000245275 -0.00133242 -0.000249648 0.999993 -0.00355393 0.00133141 0.00355372 0.999993 0.0262709 0.220548 -0.251151
FixedParameters: 0 0 0

#Transform 158
Transform: AffineTransform_float_3_3
Parameters: 0.999999 3.1277e-05 -0.00130019 -3.49451e-05 0.999995 -0.00332419 0.00129964 0.00332407 0.999993 0.0559462 0.168587 -0.238709
FixedParameters: 0 0 0

#Transform 159
Transform: AffineTransform_float_3_3
Parameters: 0.999999 0.000342905 -0.000689104 -0.000345523 0.999991 -0.00420688 0.000687495 0.00420722 0.999991 0.0104561 0.256871 -0.27837
FixedParameters: 0 0 0

#Transform 160
Transform: AffineTransform_float_3_3
Parameters: 0.999999 0.00015944 -0.000892787 -0.000163262 0.99999 -0.00447512 0.000892565 0.00447523 0.999989 0.018525 0.226623 -0.26373
FixedParameters: 0 0 0

#Transform 161
Transform: AffineTransform_float_3_3
Parameters: 0.999999 0.000350987 -0.000924361 -0.000355564 0.999986 -0.00528559 0.000922032 0.00528603 0.999985 0.0169676 0.269881 -0.301162
FixedParameters: 0 0 0

#Transform 162
Transform: AffineTransform_float_3_3
Parameters: 1 0.000336113 -0.000994177 -0.000341242 0.999987 -0.00518787 0.000991985 0.00518833 0.999986 -0.00389884 0.259313 -0.281113
FixedParameters: 0 0 0

#Transform 163
Transform: AffineTransform_float_3_3
Parameters: 0.999999 0.00053907 -0.000646163 -0.000543304 0.999976 -0.00682289 0.000643131 0.00682369 0.999977 -0.0182962 0.332078 -0.307356
FixedParameters: 0 0 0

#Transform 164
Transform: AffineTransform_float_3_3
Parameters: 1 0.000531576 -0.000251558 -0.000532681 0.999974 -0.00709915 0.00024775 0.00709931 0.999974 -0.0405266 0.347252 -0.26714
FixedParameters: 0 0 0

#Transform 165
Transform: AffineTransform_float_3_3
Parameters: 1 0.000144744 -0.000270397 -0.000145807 0.999971 -0.00753861 0.000269098 0.00753857 0.999971 -0.0486085 0.385699 -0.267608
FixedParameters: 0 0 0

#Transform 166
Transform: AffineTransform_float_3_3
Parameters: 0.999999 0.000647696 0.00131525 -0.000633238 0.99994 -0.0109968 -0.00132305 0.010996 0.999939 -0.125678 0.504052 -0.273111
FixedParameters: 0 0 0

#Transform 167
Transform: AffineTransform_float_3_3
Parameters: 0.999999 0.000526888 0.00143127 -0.000509743 0.99993 -0.0117728 -0.0014372 0.0117723 0.999929 -0.10596 0.527698 -0.239647
FixedParameters: 0 0 0

#Transform 168
Transform: AffineTransform_float_3_3
Parameters: 0.999999 0.000456299 0.00126773 -0.000442535 0.999937 -0.0112015 -0.00127233 0.0112012 0.999937 -0.100653 0.527353 -0.332045
FixedParameters: 0 0 0

#Transform 169
Transform: AffineTransform_float_3_3
Parameters: 1 -2.4992e-05 0.000175062 2.62104e-05 0.999975 -0.00708476 -0.000175435 0.00708483 0.999975 -0.0538762 0.364771 -0.239138
FixedParameters: 0 0 0

#Transform 170
Transform: AffineTransform_float_3_3
Parameters: 1 -0.000386884 -0.000471477 0.00038419 0.999988 -0.00474775 0.000473774 0.00474828 0.999988 -0.0340164 0.302218 -0.291377
FixedParameters: 0 0 0

#Transform 171
Transform: AffineTransform_float_3_3
Parameters: 1 -0.000411455 -0.000330763 0.000409784 0.999994 -0.00363522 0.00033221 0.00363492 0.999994 -0.0331883 0.302101 -0.210614
FixedParameters: 0 0 0

#Transform 172
Transform: AffineTransform_float_3_3
Parameters: 1 1.16355e-05 -0.000536878 -1.33688e-05 0.999994 -0.00349173 0.000536992 0.00349166 0.999994 -0.0145505 0.23392 -0.254992
FixedParameters: 0 0 0

#Transform 173
Transform: AffineTransform_float_3_3
Parameters: 1 -0.000118098 -0.000517774 0.000116767 0.999995 -0.00322302 0.00051865 0.00322281 0.999994 -0.00108303 0.238293 -0.274796
FixedParameters: 0 0 0

#Transform 174
Transform: AffineTransform_float_3_3
Parameters: 1 -0.000270156 -0.000498247 0.000269138 0.999998 -0.00202441 0.000499356 0.0020241 0.999998 0.0087114 0.153748 -0.258551
FixedParameters: 0 0 0

#Transform 175
Transform: AffineTransform_float_3_3
Parameters: 1 -0.00041382 -0.00035423 0.000412856 0.999996 -0.00257034 0.00035547 0.00257001 0.999996 0.0156697 0.181588 -0.304241
FixedParameters: 0 0 0

#Transform 176
Transform: AffineTransform_float_3_3
Parameters: 1 -0.000440862 -0.000471583 0.000439618 0.999998 -0.00222883 0.000472661 0.00222838 0.999998 0.019995 0.198235 -0.2639
FixedParameters: 0 0 0

#Transform 177
Transform: AffineTransform_float_3_3
Parameters: 1 -0.000402844 -0.000474336 0.000401707 0.999995 -0.00315505 0.000476008 0.00315459 0.999995 0.022878 0.214047 -0.315637
FixedParameters: 0 0 0

#Transform 178
Transform: AffineTransform_float_3_3
Parameters: 1 7.92912e-05 -0.000230932 -8.06509e-05 0.999996 -0.0030165 0.000230864 0.00301654 0.999996 0.0170666 0.264141 -0.286803
FixedParameters: 0 0 0

#Transform 179
Transform: AffineTransform_float_3_3
Parameters: 1 1.33805e-05 -0.000244723 -1.45237e-05 0.999992 -0.00417924 0.000244219 0.00417921 0.999992 0.0111348 0.22207 -0.30916
FixedParameters: 0 0 0

#Transform 180
Transform: AffineTransform_float_3_3
Parameters: 1 -0.000338307 0.000180989 0.000338403 0.999995 -0.00331043 -0.000179089 0.0033106 0.999995 0.0151481 0.169523 -0.282993
FixedParameters: 0 0 0

#Transform 181
Transform: AffineTransform_float_3_3
Parameters: 1 -0.000289114 -0.000135026 0.000289166 0.999996 -0.00303222 0.00013606 0.00303211 0.999996 0.0207267 0.203575 -0.288554
FixedParameters: 0 0 0

#Transform 182
Transform: AffineTransform_float_3_3
Parameters: 1 0.000264034 0.00029199 -0.000262699 0.999985 -0.00548585 -0.00029334 0.00548577 0.999985 -0.0134435 0.297984 -0.25096
FixedParameters: 0 0 0

#Transform 183
Transform: AffineTransform_float_3_3
Parameters: 1 0.000499662 0.000523692 -0.000496481 0.999973 -0.0074097 -0.000527026 0.00740936 0.999973 -0.0320505 0.36617 -0.280358
FixedParameters: 0 0 0

#Transform 184
Transform: AffineTransform_float_3_3
Parameters: 0.999999 0.000549163 0.00127727 -0.000539151 0.999963 -0.0085204 -0.00128275 0.00851883 0.999963 -0.0547483 0.40672 -0.304655
FixedParameters: 0 0 0

#Transform 185
Transform: AffineTransform_float_3_3
Parameters: 0.999999 0.000855971 0.00130191 -0.000842238 0.999944 -0.0106141 -0.00131003 0.0106127 0.999943 -0.0701925 0.483481 -0.317983
FixedParameters: 0 0 0

#Transform 186
Transform: AffineTransform_float_3_3
Parameters: 0.999999 0.000460891 0.000687202 -0.00045563 0.999962 -0.00864684 -0.000690941 0.00864677 0.999963 -0.0417749 0.458812 -0.324933
FixedParameters: 0 0 0

#Transform 187
Transform: AffineTransform_float_3_3
Parameters: 1 0.000381283 0.000606106 -0.000376195 0.999967 -0.00810647 -0.000608761 0.00810525 0.999967 -0.0258898 0.362793 -0.277823
FixedParameters: 0 0 0

#Transform 188
Transform: AffineTransform_float_3_3
Parameters: 1 0.000581018 0.00109718 -0.000570561 0.99995 -0.00998773 -0.00110276 0.00998723 0.99995 -0.0396416 0.483559 -0.359322
FixedParameters: 0 0 0

#Transform 189
Transform: AffineTransform_float_3_3
