# transform file /out/sourcedata/freesurfer/sub-v1s4x0050694_ses-1/mri/transforms/cc_up.lta
# created by oesteban on Tue Mar 10 03:59:20 2026

type      = 0 # LINEAR_VOX_TO_VOX
nxforms   = 1
mean      = 124.0000 111.0000 119.0000
sigma     = 10000.0000
1 4 4
9.930281639099121e-01 -2.191850915551186e-02 -1.158222630620003e-01 1.919642639160156e+01 
2.177092619240284e-02 9.997598528862000e-01 -2.539261244237423e-03 3.359250259399414e+01 
1.158500909805298e-01 0.000000000000000e+00 9.932667613029480e-01 4.325668811798096e+00 
0.000000000000000e+00 0.000000000000000e+00 0.000000000000000e+00 1.000000000000000e+00 
src volume info
valid = 1  # volume info valid
filename = /out/sourcedata/freesurfer/sub-v1s4x0050694_ses-1/mri/norm.mgz
volume = 256 256 256
voxelsize = 1.000000000000000e+00 1.000000000000000e+00 1.000000000000000e+00
xras   = -1.000000000000000e+00 -3.026798367500305e-09 0.000000000000000e+00
yras   = -3.725290298461914e-09 7.450580596923828e-09 -1.000000000000000e+00
zras   = 1.862645149230957e-09 1.000000000000000e+00 0.000000000000000e+00
cras   = -3.729835510253906e+00 1.417946624755859e+01 2.592177581787109e+01
dst volume info
valid = 1  # volume info valid
filename = /out/sourcedata/freesurfer/sub-v1s4x0050694_ses-1/mri/norm.mgz
volume = 256 256 256
voxelsize = 1.000000000000000e+00 1.000000000000000e+00 1.000000000000000e+00
xras   = -1.000000000000000e+00 -3.026798367500305e-09 0.000000000000000e+00
yras   = -3.725290298461914e-09 7.450580596923828e-09 -1.000000000000000e+00
zras   = 1.862645149230957e-09 1.000000000000000e+00 0.000000000000000e+00
cras   = -3.729835510253906e+00 1.417946624755859e+01 2.592177581787109e+01
