# transform file transforms/talairach.lta
# created by oesteban on Tue Mar 10 02:40:07 2026

type      = 0 # LINEAR_VOX_TO_VOX
nxforms   = 1
mean      = 124.0000 111.0000 122.0000
sigma     = 10000.0000
1 4 4
1.069852828979492e+00 -4.840974882245064e-02 -1.148649975657463e-01 9.955133438110352e+00 
6.291106343269348e-02 1.127536416053772e+00 1.605900377035141e-01 -2.501814842224121e+01 
7.262679934501648e-02 -1.881628483533859e-01 9.273602366447449e-01 1.251200199127197e+01 
0.000000000000000e+00 0.000000000000000e+00 0.000000000000000e+00 1.000000000000000e+00 
src volume info
valid = 1  # volume info valid
filename = nu.mgz
volume = 256 256 256
voxelsize = 1.000000000000000e+00 1.000000000000000e+00 1.000000000000000e+00
xras   = -1.000000000000000e+00 -3.026798367500305e-09 0.000000000000000e+00
yras   = -3.725290298461914e-09 7.450580596923828e-09 -1.000000000000000e+00
zras   = 1.862645149230957e-09 1.000000000000000e+00 0.000000000000000e+00
cras   = -3.729835510253906e+00 1.417946624755859e+01 2.592177581787109e+01
dst volume info
valid = 1  # volume info valid
filename = /opt/freesurfer/average/RB_all_2020-01-02.gca
volume = 256 256 256
voxelsize = 1.000000000000000e+00 1.000000000000000e+00 1.000000000000000e+00
xras   = -1.000000000000000e+00 0.000000000000000e+00 0.000000000000000e+00
yras   = 0.000000000000000e+00 0.000000000000000e+00 -1.000000000000000e+00
zras   = 0.000000000000000e+00 1.000000000000000e+00 0.000000000000000e+00
cras   = 0.000000000000000e+00 0.000000000000000e+00 0.000000000000000e+00
