#Insight Transform File V1.0
#Transform 0
Transform: AffineTransform_float_3_3
Parameters: 0.999999 -0.000382923 0.000987893 0.000389382 0.999978 -0.00677059 -0.000984523 0.00677068 0.999976 -0.0403446 0.185534 -0.0507989
FixedParameters: 0 0 0

#Transform 1
Transform: AffineTransform_float_3_3
Parameters: 1 6.17452e-06 0.00127189 1.92189e-06 0.99998 -0.00638946 -0.00127163 0.00638989 0.999979 -0.0699328 0.13216 -0.0746577
FixedParameters: 0 0 0

#Transform 2
Transform: AffineTransform_float_3_3
Parameters: 0.999999 -0.000447295 0.0010156 0.000454731 0.999977 -0.00673526 -0.0010125 0.0067359 0.999977 -0.0405713 0.19833 -0.126026
FixedParameters: 0 0 0

#Transform 3
Transform: AffineTransform_float_3_3
Parameters: 0.999999 -0.000407443 0.00123213 0.000413019 0.999987 -0.00499635 -0.00123051 0.00499608 0.999987 -0.0436828 0.128131 -0.0710431
FixedParameters: 0 0 0

#Transform 4
Transform: AffineTransform_float_3_3
Parameters: 0.999999 -0.000347961 0.00115448 0.00035528 0.999981 -0.00608106 -0.0011523 0.00608152 0.999981 -0.0490308 0.128498 -0.100321
FixedParameters: 0 0 0

#Transform 5
Transform: AffineTransform_float_3_3
Parameters: 1 -0.000372041 0.000489295 0.00037455 0.999984 -0.00562505 -0.000486941 0.00562468 0.999984 -0.0303153 0.132902 -0.120913
FixedParameters: 0 0 0

#Transform 6
Transform: AffineTransform_float_3_3
Parameters: 0.999999 -0.000370925 0.000987819 0.000376679 0.999987 -0.00515906 -0.000985677 0.00515938 0.999987 -0.0388853 0.0773603 -0.0227761
FixedParameters: 0 0 0

#Transform 7
Transform: AffineTransform_float_3_3
Parameters: 1 -0.000310715 0.000560713 0.000314159 0.999983 -0.00573938 -0.000558972 0.00573899 0.999983 -0.0336225 0.121736 -0.105278
FixedParameters: 0 0 0

#Transform 8
Transform: AffineTransform_float_3_3
Parameters: 1 -0.000110225 0.000190165 0.000110805 0.999987 -0.00499296 -0.000190245 0.00499314 0.999987 -0.021399 0.15099 -0.0666848
FixedParameters: 0 0 0

#Transform 9
Transform: AffineTransform_float_3_3
Parameters: 1 -0.000260663 0.000878763 0.000264705 0.99999 -0.00445695 -0.000877438 0.00445661 0.99999 -0.0437696 0.0582028 -0.0195818
FixedParameters: 0 0 0

#Transform 10
Transform: AffineTransform_float_3_3
Parameters: 0.999999 -0.000272479 0.000476072 0.000274363 0.999989 -0.00471987 -0.000475526 0.00472035 0.999989 -0.0283704 0.134147 -0.0698867
FixedParameters: 0 0 0

#Transform 11
Transform: AffineTransform_float_3_3
Parameters: 1 -0.000285422 0.000871374 0.000288839 0.999992 -0.0038455 -0.000870368 0.00384551 0.999993 -0.01426 0.101264 -0.026239
FixedParameters: 0 0 0

#Transform 12
Transform: AffineTransform_float_3_3
Parameters: 1 -9.27385e-05 0.000888586 9.50038e-05 0.999995 -0.0032187 -0.000888303 0.00321799 0.999994 -0.037138 0.105259 -0.0684792
FixedParameters: 0 0 0

#Transform 13
Transform: AffineTransform_float_3_3
Parameters: 1 -0.00021182 9.48237e-05 0.000211194 0.999993 -0.00356094 -9.4814e-05 0.00356113 0.999993 0.0146276 0.104071 -0.0201692
FixedParameters: 0 0 0

#Transform 14
Transform: AffineTransform_float_3_3
Parameters: 1 -0.000160901 0.000170974 0.000161097 0.999997 -0.00247684 -0.000170925 0.00247697 0.999997 -0.00538446 0.0439862 0.0301177
FixedParameters: 0 0 0

#Transform 15
Transform: AffineTransform_float_3_3
Parameters: 1 6.83955e-05 0.000144214 -6.82166e-05 0.999998 -0.00234236 -0.000144298 0.00234234 0.999997 0.000773702 0.0597774 -0.0587961
FixedParameters: 0 0 0

#Transform 16
Transform: AffineTransform_float_3_3
Parameters: 1 0.000159699 0.000290057 -0.000159531 1 -0.000289125 -0.000290149 0.000289032 1 -0.00152772 0.0167529 0.0720096
FixedParameters: 0 0 0

#Transform 17
Transform: AffineTransform_float_3_3
Parameters: 1 -2.35463e-05 0.000270179 2.38908e-05 0.999999 -0.000919928 -0.00027112 0.000920021 0.999999 -0.0146406 -0.00341864 -0.00618593
FixedParameters: 0 0 0

#Transform 18
Transform: AffineTransform_float_3_3
Parameters: 1 0.000148276 -0.000101822 -0.000148286 0.999999 -0.000802567 0.000102568 0.000802516 0.999999 0.00525073 0.0184336 -0.0067808
FixedParameters: 0 0 0

#Transform 19
Transform: AffineTransform_float_3_3
Parameters: 1 -7.9412e-05 7.96025e-05 7.93066e-05 1 0.000661782 -7.97074e-05 -0.000661769 1 -0.00481452 -0.0217794 0.0653296
FixedParameters: 0 0 0

#Transform 20
Transform: AffineTransform_float_3_3
Parameters: 1 -8.54212e-05 -3.11155e-05 8.53806e-05 1 -0.00065176 3.12268e-05 0.000651755 1 0.00336709 0.0113342 -0.0362685
FixedParameters: 0 0 0

#Transform 21
Transform: AffineTransform_float_3_3
Parameters: 1 -0.000170355 0.000119714 0.00017013 0.999999 0.000938309 -0.000120033 -0.000938268 0.999999 0.00623051 -0.00801159 0.0388379
FixedParameters: 0 0 0

#Transform 22
Transform: AffineTransform_float_3_3
Parameters: 1 -0.000298722 0.000214902 0.000298495 1 0.00052873 -0.000215217 -0.000528601 1 -0.00532153 0.00405299 0.0704447
FixedParameters: 0 0 0

#Transform 23
Transform: AffineTransform_float_3_3
Parameters: 1 -0.000191667 0.000327046 0.000191052 1 0.0011833 -0.000327473 -0.00118318 0.999999 0.0110484 0.0474074 0.0172402
FixedParameters: 0 0 0

#Transform 24
Transform: AffineTransform_float_3_3
Parameters: 1 -0.000299283 0.000439368 0.000298075 0.999998 0.00191136 -0.000439474 -0.00191118 0.999998 -0.00130556 -0.0419217 0.0951576
FixedParameters: 0 0 0

#Transform 25
Transform: AffineTransform_float_3_3
Parameters: 1 -0.000331945 0.000295797 0.000331209 0.999998 0.00230967 -0.000296267 -0.00230956 0.999998 -0.001248 -0.048219 0.122229
FixedParameters: 0 0 0

#Transform 26
Transform: AffineTransform_float_3_3
Parameters: 1 -0.000341117 0.000154969 0.000341027 0.999999 0.00181214 -0.000155169 -0.00181212 0.999999 0.0178336 0.0135424 0.0569965
FixedParameters: 0 0 0

#Transform 27
Transform: AffineTransform_float_3_3
Parameters: 1 -0.000417048 -9.02311e-05 0.000416676 0.999994 0.00329648 8.89846e-05 -0.0032957 0.999994 0.0269848 -0.0823255 0.152511
FixedParameters: 0 0 0

#Transform 28
Transform: AffineTransform_float_3_3
Parameters: 1 -0.000370521 0.000158071 0.000369543 0.999996 0.00298017 -0.000159056 -0.00298046 0.999995 0.0222443 -0.0773894 0.130857
FixedParameters: 0 0 0

#Transform 29
Transform: AffineTransform_float_3_3
Parameters: 1 -0.000406771 -0.000153871 0.000407195 0.999997 0.0024991 0.000153056 -0.00249931 0.999997 0.0309323 -0.0250828 0.10366
FixedParameters: 0 0 0

#Transform 30
Transform: AffineTransform_float_3_3
Parameters: 1 -0.000392265 0.000218503 0.000391036 0.999991 0.0041962 -0.000220415 -0.00419613 0.999991 0.0389247 -0.0840231 0.175207
FixedParameters: 0 0 0

#Transform 31
Transform: AffineTransform_float_3_3
Parameters: 1 -0.000411645 -0.000123637 0.000411194 0.999996 0.00287787 0.000122672 -0.00287807 0.999996 0.0477546 -0.0501244 0.143975
FixedParameters: 0 0 0

#Transform 32
Transform: AffineTransform_float_3_3
Parameters: 1 -0.00053048 -0.000750634 0.000533473 0.999993 0.00375293 0.000749395 -0.0037539 0.999992 0.0851706 -0.0268566 0.131837
FixedParameters: 0 0 0

#Transform 33
Transform: AffineTransform_float_3_3
Parameters: 1 -0.000701907 -0.000515171 0.000704378 0.999987 0.00495087 0.000512358 -0.0049506 0.999988 0.0904739 -0.137337 0.220541
FixedParameters: 0 0 0

#Transform 34
Transform: AffineTransform_float_3_3
Parameters: 1 -0.000928357 -0.000570746 0.000930547 0.999989 0.00451356 0.000566402 -0.00451393 0.999989 0.0945057 -0.0889347 0.143694
FixedParameters: 0 0 0

#Transform 35
Transform: AffineTransform_float_3_3
Parameters: 0.999997 -0.00124937 -0.00181563 0.00125809 0.999985 0.00526594 0.00180896 -0.00526801 0.999985 0.151137 -0.119184 0.197133
FixedParameters: 0 0 0

#Transform 36
Transform: AffineTransform_float_3_3
Parameters: 0.999998 -0.00156304 -0.00129995 0.00157069 0.999982 0.005772 0.00129112 -0.0057735 0.999982 0.142892 -0.101615 0.196605
FixedParameters: 0 0 0

#Transform 37
Transform: AffineTransform_float_3_3
Parameters: 0.999997 -0.00158353 -0.00171668 0.00159276 0.999986 0.00510139 0.00170771 -0.00510379 0.999985 0.13446 -0.0677428 0.127748
FixedParameters: 0 0 0

#Transform 38
Transform: AffineTransform_float_3_3
Parameters: 0.999999 -0.00153805 -0.00125277 0.00154648 0.99998 0.00617192 0.00124304 -0.00617322 0.99998 0.150898 -0.11479 0.188984
FixedParameters: 0 0 0

#Transform 39
Transform: AffineTransform_float_3_3
Parameters: 0.999997 -0.00157589 -0.00161242 0.0015847 0.999984 0.00545646 0.0016036 -0.00545859 0.999984 0.146215 -0.126399 0.21709
FixedParameters: 0 0 0

#Transform 40
Transform: AffineTransform_float_3_3
Parameters: 0.999997 -0.0014011 -0.00166795 0.00141103 0.99998 0.00610049 0.00165863 -0.00610215 0.999979 0.142348 -0.122081 0.164388
FixedParameters: 0 0 0

#Transform 41
Transform: AffineTransform_float_3_3
Parameters: 0.999997 -0.00151375 -0.00163762 0.00152626 0.99997 0.00757408 0.00162627 -0.00757628 0.999969 0.14432 -0.148248 0.251403
FixedParameters: 0 0 0

#Transform 42
Transform: AffineTransform_float_3_3
Parameters: 0.999998 -0.00139439 -0.00143824 0.00140633 0.999967 0.00798857 0.0014264 -0.00799069 0.999967 0.137438 -0.162928 0.23629
FixedParameters: 0 0 0

#Transform 43
Transform: AffineTransform_float_3_3
Parameters: 0.999998 -0.00116908 -0.0014809 0.00118285 0.999959 0.00898165 0.00147006 -0.00898286 0.999959 0.143166 -0.139215 0.241574
FixedParameters: 0 0 0

#Transform 44
Transform: AffineTransform_float_3_3
Parameters: 0.999999 -0.00113738 -0.00104003 0.00114872 0.999945 0.0104168 0.00102783 -0.0104173 0.999945 0.127794 -0.198692 0.344912
FixedParameters: 0 0 0

#Transform 45
Transform: AffineTransform_float_3_3
Parameters: 0.999999 -0.00114272 -0.00104553 0.00115403 0.999943 0.0106107 0.00103289 -0.0106125 0.999943 0.107368 -0.221099 0.231988
FixedParameters: 0 0 0

#Transform 46
Transform: AffineTransform_float_3_3
Parameters: 0.999999 -0.00147708 -0.000819362 0.00148717 0.999923 0.0122955 0.000801603 -0.0122966 0.999925 0.128133 -0.201638 0.290064
FixedParameters: 0 0 0

#Transform 47
Transform: AffineTransform_float_3_3
Parameters: 0.999999 -0.00138388 -0.000776708 0.00139386 0.999927 0.0120405 0.000759565 -0.0120415 0.999927 0.112177 -0.240413 0.261443
FixedParameters: 0 0 0

#Transform 48
Transform: AffineTransform_float_3_3
Parameters: 0.999999 -0.00120469 -0.00123932 0.00121921 0.999927 0.0120379 0.00122449 -0.0120388 0.999927 0.133751 -0.219395 0.209227
FixedParameters: 0 0 0

#Transform 49
Transform: AffineTransform_float_3_3
Parameters: 0.999999 -0.00149694 -0.000205708 0.00149877 0.999916 0.0128817 0.000187168 -0.0128815 0.999917 0.109013 -0.257986 0.306892
FixedParameters: 0 0 0

#Transform 50
Transform: AffineTransform_float_3_3
Parameters: 0.999998 -0.0016074 -0.000498213 0.00161402 0.999915 0.0129401 0.000477024 -0.0129412 0.999916 0.109147 -0.259094 0.245761
FixedParameters: 0 0 0

#Transform 51
Transform: AffineTransform_float_3_3
Parameters: 0.999999 -0.0015498 -0.000518155 0.00155672 0.999912 0.0131995 0.000497935 -0.0132002 0.999913 0.128534 -0.211983 0.271105
FixedParameters: 0 0 0

#Transform 52
Transform: AffineTransform_float_3_3
Parameters: 0.999999 -0.00171219 -0.000508191 0.0017191 0.999902 0.0138785 0.000483842 -0.0138796 0.999903 0.108106 -0.294466 0.330998
FixedParameters: 0 0 0

#Transform 53
Transform: AffineTransform_float_3_3
Parameters: 0.999999 -0.00139235 -0.000467537 0.00139798 0.999919 0.0126691 0.000450433 -0.0126704 0.99992 0.101541 -0.234963 0.251391
FixedParameters: 0 0 0

#Transform 54
Transform: AffineTransform_float_3_3
Parameters: 0.999999 -0.00153451 -0.00036803 0.00153926 0.999909 0.0134676 0.000347313 -0.0134682 0.999909 0.11074 -0.267714 0.351171
FixedParameters: 0 0 0

#Transform 55
Transform: AffineTransform_float_3_3
Parameters: 0.999999 -0.00147952 -5.04184e-05 0.00147974 0.999913 0.0130893 3.13714e-05 -0.0130899 0.999914 0.0951438 -0.235248 0.294832
FixedParameters: 0 0 0

#Transform 56
Transform: AffineTransform_float_3_3
Parameters: 0.999999 -0.00154094 -0.000382739 0.00154556 0.999906 0.0136464 0.000361559 -0.0136468 0.999907 0.116192 -0.241134 0.250047
FixedParameters: 0 0 0

#Transform 57
Transform: AffineTransform_float_3_3
Parameters: 0.999998 -0.00191876 0.000248263 0.00191474 0.999886 0.0150017 -0.000277383 -0.0150022 0.999887 0.103373 -0.25273 0.36962
FixedParameters: 0 0 0

#Transform 58
Transform: AffineTransform_float_3_3
Parameters: 0.999999 -0.00177042 0.000158473 0.00176775 0.999898 0.0141091 -0.000183424 -0.0141094 0.9999 0.107491 -0.202742 0.222318
FixedParameters: 0 0 0

#Transform 59
Transform: AffineTransform_float_3_3
Parameters: 0.999998 -0.00200444 -9.88e-05 0.00200516 0.999862 0.0165044 6.53243e-05 -0.0165042 0.999864 0.129619 -0.27105 0.338169
FixedParameters: 0 0 0

#Transform 60
Transform: AffineTransform_float_3_3
Parameters: 0.999999 -0.00149987 -0.000304623 0.00150435 0.999892 0.014635 0.000283099 -0.0146352 0.999893 0.109506 -0.229572 0.281591
FixedParameters: 0 0 0

#Transform 61
Transform: AffineTransform_float_3_3
Parameters: 0.999999 -0.00148324 -0.000830437 0.00149539 0.999879 0.0154974 0.000807807 -0.0154988 0.999879 0.148943 -0.237909 0.32323
FixedParameters: 0 0 0

#Transform 62
Transform: AffineTransform_float_3_3
Parameters: 0.999999 -0.00159342 -0.00028419 0.00159818 0.999877 0.0155821 0.000258562 -0.0155824 0.999878 0.122846 -0.275655 0.367473
FixedParameters: 0 0 0

#Transform 63
Transform: AffineTransform_float_3_3
Parameters: 0.999999 -0.00143555 -0.000518711 0.0014436 0.999881 0.0153582 0.00049705 -0.0153586 0.999882 0.112697 -0.242526 0.293277
FixedParameters: 0 0 0

#Transform 64
Transform: AffineTransform_float_3_3
Parameters: 0.999998 -0.00188157 -0.000325421 0.00188736 0.999853 0.0170427 0.000293793 -0.0170429 0.999855 0.137982 -0.300021 0.392042
FixedParameters: 0 0 0

#Transform 65
Transform: AffineTransform_float_3_3
Parameters: 0.999999 -0.0018545 -0.000228673 0.00185807 0.999862 0.0164778 0.00019834 -0.0164785 0.999865 0.117465 -0.286498 0.368593
FixedParameters: 0 0 0

#Transform 66
Transform: AffineTransform_float_3_3
Parameters: 0.999999 -0.00179041 -0.000380724 0.00179692 0.999862 0.0164906 0.00035174 -0.0164918 0.999864 0.131101 -0.27355 0.277105
FixedParameters: 0 0 0

#Transform 67
Transform: AffineTransform_float_3_3
Parameters: 0.999998 -0.00199121 -0.000269455 0.00199525 0.999844 0.0175703 0.000234508 -0.0175708 0.999845 0.146487 -0.298643 0.415067
FixedParameters: 0 0 0

#Transform 68
Transform: AffineTransform_float_3_3
Parameters: 0.999999 -0.00146354 -0.000427923 0.00147078 0.999863 0.0164853 0.000403873 -0.0164856 0.999864 0.119956 -0.26726 0.276136
FixedParameters: 0 0 0

#Transform 69
Transform: AffineTransform_float_3_3
Parameters: 0.999999 -0.00180893 -0.000278185 0.00181347 0.99984 0.0177945 0.000246 -0.0177944 0.999841 0.138964 -0.310937 0.363953
FixedParameters: 0 0 0

#Transform 70
Transform: AffineTransform_float_3_3
Parameters: 0.999998 -0.0020725 -0.000263693 0.00207726 0.999844 0.0174945 0.000227999 -0.017495 0.999847 0.113659 -0.344607 0.370268
FixedParameters: 0 0 0

#Transform 71
Transform: AffineTransform_float_3_3
Parameters: 0.999998 -0.00194786 -0.000233126 0.00195132 0.999834 0.018126 0.000197987 -0.0181261 0.999835 0.132163 -0.276909 0.282929
FixedParameters: 0 0 0

#Transform 72
Transform: AffineTransform_float_3_3
Parameters: 0.999997 -0.00208123 0.00123567 0.00204893 0.99967 0.0255998 -0.00128823 -0.025597 0.999671 0.0780298 -0.431262 0.53059
FixedParameters: 0 0 0

#Transform 73
Transform: AffineTransform_float_3_3
Parameters: 0.999997 -0.00248851 0.00100066 0.00246099 0.999641 0.0266779 -0.00106615 -0.0266749 0.999644 0.0790458 -0.465992 0.490262
FixedParameters: 0 0 0

#Transform 74
Transform: AffineTransform_float_3_3
Parameters: 0.999997 -0.00223303 0.00066664 0.00221438 0.999623 0.0273727 -0.000727657 -0.0273711 0.999625 0.11945 -0.439878 0.472511
FixedParameters: 0 0 0

#Transform 75
Transform: AffineTransform_float_3_3
Parameters: 0.999996 -0.00245211 0.000815051 0.00242687 0.999559 0.0295839 -0.00088717 -0.0295811 0.999561 0.109168 -0.527781 0.543204
FixedParameters: 0 0 0

#Transform 76
Transform: AffineTransform_float_3_3
Parameters: 0.999999 -0.00152193 0.000733699 0.00149907 0.999579 0.0290041 -0.000777647 -0.0290025 0.999579 0.089786 -0.510179 0.465704
FixedParameters: 0 0 0

#Transform 77
Transform: AffineTransform_float_3_3
Parameters: 0.999998 -0.00201738 0.000698148 0.00199532 0.999543 0.0301814 -0.000758775 -0.0301795 0.999544 0.117612 -0.491223 0.529237
FixedParameters: 0 0 0

#Transform 78
Transform: AffineTransform_float_3_3
Parameters: 0.999997 -0.00195164 0.0011042 0.00191756 0.99956 0.0295988 -0.00116094 -0.0295964 0.999561 0.106148 -0.476544 0.49617
FixedParameters: 0 0 0

#Transform 79
Transform: AffineTransform_float_3_3
Parameters: 0.999998 -0.00201767 0.000699543 0.00199568 0.999541 0.0301993 -0.000759278 -0.0301975 0.999543 0.12679 -0.498815 0.522966
FixedParameters: 0 0 0

#Transform 80
Transform: AffineTransform_float_3_3
Parameters: 0.999997 -0.00192407 0.00080205 0.00189777 0.999496 0.0316955 -0.000862047 -0.0316943 0.999497 0.118474 -0.534122 0.609776
FixedParameters: 0 0 0

#Transform 81
Transform: AffineTransform_float_3_3
Parameters: 0.999999 -0.00137675 0.000885123 0.00134808 0.999501 0.0315416 -0.000928758 -0.0315403 0.999502 0.100338 -0.525216 0.491904
FixedParameters: 0 0 0

#Transform 82
Transform: AffineTransform_float_3_3
Parameters: 0.999998 -0.00177982 0.00136061 0.0017342 0.99946 0.0327994 -0.00141798 -0.0327964 0.999461 0.0852776 -0.502093 0.593317
FixedParameters: 0 0 0

#Transform 83
Transform: AffineTransform_float_3_3
Parameters: 0.999997 -0.00162439 0.00136392 0.00158051 0.999497 0.0316897 -0.0014143 -0.0316879 0.999497 0.0769985 -0.494445 0.470165
FixedParameters: 0 0 0

#Transform 84
Transform: AffineTransform_float_3_3
Parameters: 0.999998 -0.00176508 0.00145954 0.00171515 0.999445 0.0332833 -0.00151733 -0.0332813 0.999445 0.0847908 -0.480229 0.557066
FixedParameters: 0 0 0

#Transform 85
Transform: AffineTransform_float_3_3
Parameters: 0.999999 -0.0014153 0.000826568 0.00138723 0.999459 0.0328559 -0.000872022 -0.0328549 0.99946 0.078108 -0.541676 0.553158
FixedParameters: 0 0 0

#Transform 86
Transform: AffineTransform_float_3_3
Parameters: 0.999999 -0.00149152 0.000355782 0.00147868 0.999434 0.0336133 -0.000406262 -0.0336122 0.999435 0.104279 -0.526595 0.628677
FixedParameters: 0 0 0

#Transform 87
Transform: AffineTransform_float_3_3
Parameters: 0.999999 -0.0014847 0.000523457 0.00146537 0.999414 0.034213 -0.000573869 -0.0342119 0.999414 0.0929873 -0.602228 0.656891
FixedParameters: 0 0 0

#Transform 88
Transform: AffineTransform_float_3_3
Parameters: 0.999999 -0.00141782 0.00100698 0.00138236 0.999424 0.0339069 -0.00105457 -0.0339058 0.999424 0.0797701 -0.594155 0.520287
FixedParameters: 0 0 0

#Transform 89
Transform: AffineTransform_float_3_3
Parameters: 0.999998 -0.00145686 0.000947348 0.00142243 0.999378 0.0352465 -0.000998003 -0.0352453 0.999379 0.100844 -0.564269 0.585928
FixedParameters: 0 0 0

#Transform 90
Transform: AffineTransform_float_3_3
Parameters: 0.999998 -0.00175411 0.00134161 0.00170328 0.999329 0.0365853 -0.00140513 -0.0365826 0.999329 0.0836897 -0.58755 0.577274
FixedParameters: 0 0 0

#Transform 91
Transform: AffineTransform_float_3_3
Parameters: 0.999998 -0.00147943 0.00116719 0.00143488 0.999302 0.0373286 -0.0012209 -0.0373271 0.999303 0.100158 -0.56965 0.503301
FixedParameters: 0 0 0

#Transform 92
Transform: AffineTransform_float_3_3
Parameters: 0.999997 -0.00190738 0.00151522 0.00184816 0.999285 0.0377621 -0.00158607 -0.0377594 0.999285 0.0857226 -0.605872 0.6171
FixedParameters: 0 0 0

#Transform 93
Transform: AffineTransform_float_3_3
Parameters: 0.999997 -0.00188724 0.00141452 0.00183154 0.999272 0.0381015 -0.00148509 -0.0380988 0.999273 0.075535 -0.661935 0.556349
FixedParameters: 0 0 0

#Transform 94
Transform: AffineTransform_float_3_3
Parameters: 0.999995 -0.00281896 0.00131072 0.00276558 0.999226 0.0392433 -0.00141984 -0.0392389 0.999229 0.110343 -0.672719 0.631807
FixedParameters: 0 0 0

#Transform 95
Transform: AffineTransform_float_3_3
Parameters: 0.999995 -0.00266485 0.0015682 0.00260104 0.999221 0.0393792 -0.00167199 -0.0393753 0.999224 0.0843254 -0.713556 0.608972
FixedParameters: 0 0 0

#Transform 96
Transform: AffineTransform_float_3_3
Parameters: 0.999996 -0.00287978 0.001204 0.00282915 0.999213 0.0395787 -0.00131661 -0.0395758 0.999215 0.1077 -0.656931 0.545274
FixedParameters: 0 0 0

#Transform 97
Transform: AffineTransform_float_3_3
Parameters: 0.999994 -0.00302857 0.00176671 0.00295213 0.99912 0.0418462 -0.00189211 -0.0418407 0.999123 0.117125 -0.74175 0.660586
FixedParameters: 0 0 0

#Transform 98
Transform: AffineTransform_float_3_3
Parameters: 0.999993 -0.00319158 0.00198317 0.0031077 0.999154 0.0409945 -0.00211247 -0.0409878 0.999158 0.1116 -0.699485 0.536895
FixedParameters: 0 0 0

#Transform 99
Transform: AffineTransform_float_3_3
Parameters: 0.999995 -0.00259525 0.00174225 0.00252954 0.999309 0.0370844 -0.00183681 -0.0370798 0.999311 0.0819007 -0.573512 0.456447
FixedParameters: 0 0 0

#Transform 100
Transform: AffineTransform_float_3_3
Parameters: 0.999996 -0.00227843 0.00163224 0.00221908 0.999358 0.0357632 -0.00171216 -0.0357601 0.999359 0.0377121 -0.60896 0.416904
FixedParameters: 0 0 0

#Transform 101
Transform: AffineTransform_float_3_3
Parameters: 0.999997 -0.00233003 0.00133804 0.00228353 0.999419 0.034019 -0.00141607 -0.0340155 0.99942 0.0694523 -0.515934 0.396884
FixedParameters: 0 0 0

#Transform 102
Transform: AffineTransform_float_3_3
Parameters: 0.999997 -0.00215821 0.00137328 0.00211196 0.99944 0.0333849 -0.0014441 -0.0333809 0.999442 0.0541546 -0.525191 0.45434
FixedParameters: 0 0 0

#Transform 103
Transform: AffineTransform_float_3_3
Parameters: 0.999998 -0.00168497 0.000923939 0.00165466 0.999478 0.0322451 -0.000977407 -0.0322434 0.999479 0.0606182 -0.497852 0.359327
FixedParameters: 0 0 0

#Transform 104
Transform: AffineTransform_float_3_3
Parameters: 0.999997 -0.00159597 0.00181842 0.00153544 0.999448 0.0331792 -0.00187046 -0.0331763 0.999448 0.0402793 -0.511472 0.428087
FixedParameters: 0 0 0

#Transform 105
Transform: AffineTransform_float_3_3
Parameters: 0.999997 -0.00214809 0.0008925 0.00211711 0.999424 0.033843 -0.000964834 -0.0338406 0.999427 0.0914392 -0.485548 0.415449
FixedParameters: 0 0 0

#Transform 106
Transform: AffineTransform_float_3_3
Parameters: 0.999997 -0.00217476 0.000685005 0.0021501 0.999423 0.0338879 -0.000758265 -0.0338863 0.999425 0.0946347 -0.50188 0.390601
FixedParameters: 0 0 0

#Transform 107
Transform: AffineTransform_float_3_3
Parameters: 0.999997 -0.00244013 0.000436428 0.00242352 0.999412 0.0341821 -0.000519496 -0.034181 0.999415 0.117219 -0.515512 0.508826
FixedParameters: 0 0 0

#Transform 108
Transform: AffineTransform_float_3_3
Parameters: 0.999996 -0.0027403 0.000593372 0.00271762 0.999378 0.0351434 -0.000689092 -0.0351412 0.999382 0.121985 -0.54421 0.456104
FixedParameters: 0 0 0

#Transform 109
Transform: AffineTransform_float_3_3
Parameters: 0.999996 -0.00282978 0.000368687 0.00281449 0.999362 0.0356058 -0.000468496 -0.035605 0.999366 0.14505 -0.493412 0.487611
FixedParameters: 0 0 0

#Transform 110
Transform: AffineTransform_float_3_3
Parameters: 0.999996 -0.00274636 0.000595166 0.0027225 0.999355 0.0358101 -0.000693719 -0.0358083 0.999358 0.121602 -0.551814 0.515349
FixedParameters: 0 0 0

#Transform 111
Transform: AffineTransform_float_3_3
Parameters: 0.999994 -0.00316561 0.00105091 0.00312574 0.999351 0.0359017 -0.00116394 -0.0358985 0.999354 0.145284 -0.554913 0.395444
FixedParameters: 0 0 0

#Transform 112
Transform: AffineTransform_float_3_3
Parameters: 0.999995 -0.0031303 0.000726608 0.00310168 0.999312 0.0369377 -0.000842412 -0.0369358 0.999317 0.169261 -0.560233 0.496074
FixedParameters: 0 0 0

#Transform 113
Transform: AffineTransform_float_3_3
Parameters: 0.999994 -0.00345037 0.000701523 0.00342328 0.999334 0.0363116 -0.000826562 -0.0363087 0.99934 0.168834 -0.572444 0.411435
FixedParameters: 0 0 0

#Transform 114
Transform: AffineTransform_float_3_3
Parameters: 0.999993 -0.00355202 0.000620733 0.00352563 0.999287 0.0375992 -0.000753266 -0.0375973 0.999293 0.200739 -0.540388 0.430008
FixedParameters: 0 0 0

#Transform 115
Transform: AffineTransform_float_3_3
Parameters: 0.999989 -0.0045791 0.000889015 0.0045394 0.99917 0.0404785 -0.00107352 -0.0404733 0.99918 0.174522 -0.574016 0.759823
FixedParameters: 0 0 0

#Transform 116
Transform: AffineTransform_float_3_3
Parameters: 0.999988 -0.00491071 0.000193613 0.00489908 0.999229 0.0389501 -0.000384548 -0.0389494 0.999241 0.242253 -0.526902 0.63701
FixedParameters: 0 0 0

#Transform 117
Transform: AffineTransform_float_3_3
Parameters: 0.999985 -0.00542225 0.000789785 0.00538343 0.999079 0.0425699 -0.00102006 -0.042565 0.999093 0.256474 -0.603777 0.797007
FixedParameters: 0 0 0

#Transform 118
Transform: AffineTransform_float_3_3
Parameters: 0.999987 -0.00514517 0.000314533 0.00512653 0.999037 0.04356 -0.000537831 -0.0435569 0.99905 0.251798 -0.633966 0.737857
FixedParameters: 0 0 0

#Transform 119
Transform: AffineTransform_float_3_3
Parameters: 0.999987 -0.00508494 9.11964e-05 0.00507603 0.998977 0.0449519 -0.000319239 -0.044951 0.998989 0.275916 -0.637423 0.714362
FixedParameters: 0 0 0

#Transform 120
Transform: AffineTransform_float_3_3
Parameters: 0.999987 -0.00507435 0.000481342 0.0050472 0.998907 0.0464694 -0.0007165 -0.046467 0.99892 0.263839 -0.678034 0.790349
FixedParameters: 0 0 0

#Transform 121
Transform: AffineTransform_float_3_3
Parameters: 0.999987 -0.00515619 0.000214233 0.00514077 0.998916 0.0462795 -0.000452826 -0.0462779 0.998929 0.27524 -0.658483 0.665178
FixedParameters: 0 0 0

#Transform 122
Transform: AffineTransform_float_3_3
Parameters: 0.999987 -0.00509555 0.00033249 0.00507481 0.998897 0.0466898 -0.000570335 -0.046687 0.998909 0.280911 -0.676191 0.717312
FixedParameters: 0 0 0

#Transform 123
Transform: AffineTransform_float_3_3
Parameters: 0.999983 -0.00570209 0.000696397 0.00566246 0.998866 0.0472722 -0.000964772 -0.0472672 0.998882 0.299137 -0.671215 0.754356
FixedParameters: 0 0 0

#Transform 124
Transform: AffineTransform_float_3_3
Parameters: 0.999983 -0.00572091 0.000407462 0.0056954 0.998894 0.0466717 -0.000673611 -0.0466685 0.99891 0.299776 -0.650936 0.672484
FixedParameters: 0 0 0

#Transform 125
Transform: AffineTransform_float_3_3
Parameters: 0.999983 -0.0057404 0.000350427 0.00571767 0.998865 0.0472835 -0.000620743 -0.0472811 0.998882 0.306487 -0.65579 0.708023
FixedParameters: 0 0 0

#Transform 126
Transform: AffineTransform_float_3_3
Parameters: 0.999983 -0.00592127 0.000601114 0.00588711 0.998884 0.0468745 -0.000878063 -0.0468702 0.998901 0.296976 -0.622407 0.579822
FixedParameters: 0 0 0

#Transform 127
Transform: AffineTransform_float_3_3
Parameters: 0.999981 -0.00622538 0.000882643 0.00617426 0.998789 0.0487981 -0.00118466 -0.0487925 0.998808 0.308832 -0.636861 0.668289
FixedParameters: 0 0 0

#Transform 128
Transform: AffineTransform_float_3_3
Parameters: 0.999981 -0.00601058 0.00146218 0.00592778 0.998658 0.0514473 -0.00176987 -0.0514376 0.998675 0.27965 -0.697222 0.703868
FixedParameters: 0 0 0

#Transform 129
Transform: AffineTransform_float_3_3
Parameters: 0.999982 -0.00581496 0.00177958 0.00571163 0.998574 0.0530876 -0.00208558 -0.0530758 0.998589 0.270888 -0.704227 0.725234
FixedParameters: 0 0 0

#Transform 130
Transform: AffineTransform_float_3_3
Parameters: 0.99998 -0.0057926 0.00271857 0.00563999 0.998558 0.0533877 -0.00302379 -0.0533717 0.99857 0.220277 -0.718723 0.693315
FixedParameters: 0 0 0

#Transform 131
Transform: AffineTransform_float_3_3
Parameters: 0.999977 -0.00597144 0.00310526 0.00579685 0.998537 0.0537603 -0.00342128 -0.0537415 0.998549 0.237902 -0.686489 0.699939
FixedParameters: 0 0 0

#Transform 132
Transform: AffineTransform_float_3_3
Parameters: 0.999974 -0.00641818 0.00305277 0.00624651 0.99856 0.0532913 -0.00339035 -0.0532704 0.998574 0.242614 -0.737874 0.738052
FixedParameters: 0 0 0

#Transform 133
Transform: AffineTransform_float_3_3
Parameters: 0.999972 -0.00714238 0.00238793 0.00700695 0.998584 0.0527387 -0.00276129 -0.0527205 0.998605 0.319693 -0.656943 0.691399
FixedParameters: 0 0 0

#Transform 134
Transform: AffineTransform_float_3_3
Parameters: 0.999954 -0.00937165 0.00229946 0.0092394 0.99861 0.0518781 -0.00278292 -0.0518549 0.99865 0.403177 -0.656286 0.733772
FixedParameters: 0 0 0

#Transform 135
Transform: AffineTransform_float_3_3
Parameters: 0.999945 -0.0102683 0.00193526 0.0101557 0.998626 0.0514013 -0.00245987 -0.051379 0.998676 0.46134 -0.609921 0.719773
FixedParameters: 0 0 0

#Transform 136
Transform: AffineTransform_float_3_3
Parameters: 0.999923 -0.0122616 0.00160224 0.0121656 0.998663 0.0502389 -0.00221682 -0.0502159 0.998736 0.557168 -0.651671 0.674091
FixedParameters: 0 0 0

#Transform 137
Transform: AffineTransform_float_3_3
Parameters: 0.999914 -0.0129882 0.00211617 0.0128644 0.998636 0.0506021 -0.00277125 -0.0505702 0.998717 0.563922 -0.665592 0.775917
FixedParameters: 0 0 0

#Transform 138
Transform: AffineTransform_float_3_3
Parameters: 0.999906 -0.0135701 0.00217121 0.0134435 0.998634 0.0504817 -0.00285361 -0.0504477 0.998723 0.582292 -0.613659 0.728602
FixedParameters: 0 0 0

#Transform 139
Transform: AffineTransform_float_3_3
Parameters: 0.999906 -0.0136427 0.00171474 0.0135396 0.998653 0.0500992 -0.00239512 -0.0500718 0.998743 0.614819 -0.645308 0.64121
FixedParameters: 0 0 0

#Transform 140
Transform: AffineTransform_float_3_3
Parameters: 0.9999 -0.0140084 0.00204759 0.0138849 0.998592 0.0511886 -0.0027613 -0.0511553 0.998687 0.607252 -0.699593 0.785949
FixedParameters: 0 0 0

#Transform 141
Transform: AffineTransform_float_3_3
Parameters: 0.999905 -0.0135896 0.00196838 0.0134726 0.998625 0.0506623 -0.00265385 -0.0506309 0.998714 0.595046 -0.674593 0.662445
FixedParameters: 0 0 0

#Transform 142
Transform: AffineTransform_float_3_3
Parameters: 0.9999 -0.0140085 0.00202631 0.0138853 0.998569 0.051639 -0.00274643 -0.0516058 0.998664 0.625174 -0.663803 0.791617
FixedParameters: 0 0 0

#Transform 143
Transform: AffineTransform_float_3_3
Parameters: 0.999898 -0.0141132 0.00207555 0.0139824 0.998493 0.0530714 -0.00282111 -0.0530363 0.998589 0.61632 -0.704452 0.84121
FixedParameters: 0 0 0

#Transform 144
Transform: AffineTransform_float_3_3
Parameters: 0.999905 -0.0136157 0.00208349 0.0134869 0.998536 0.0523895 -0.00279361 -0.0523562 0.998625 0.597437 -0.677594 0.710274
FixedParameters: 0 0 0

#Transform 145
Transform: AffineTransform_float_3_3
Parameters: 0.999897 -0.0142993 0.00142634 0.0142021 0.998471 0.0534344 -0.00218805 -0.0534091 0.998571 0.649672 -0.703968 0.837812
FixedParameters: 0 0 0

#Transform 146
Transform: AffineTransform_float_3_3
Parameters: 0.999899 -0.0141012 0.00174898 0.0139873 0.998465 0.0535887 -0.00250258 -0.0535581 0.998562 0.628717 -0.682331 0.767995
FixedParameters: 0 0 0

#Transform 147
Transform: AffineTransform_float_3_3
Parameters: 0.999897 -0.014217 0.00180178 0.0140973 0.998414 0.0545002 -0.00257344 -0.0544687 0.998512 0.624519 -0.685634 0.864667
FixedParameters: 0 0 0

#Transform 148
Transform: AffineTransform_float_3_3
Parameters: 0.999899 -0.014065 0.00221212 0.0139243 0.998437 0.0541258 -0.00296939 -0.0540895 0.998532 0.559792 -0.711494 0.857363
FixedParameters: 0 0 0

#Transform 149
Transform: AffineTransform_float_3_3
Parameters: 0.999899 -0.0139794 0.00280153 0.0138109 0.998497 0.0530323 -0.00353877 -0.0529887 0.998589 0.515748 -0.626868 0.865113
FixedParameters: 0 0 0

#Transform 150
Transform: AffineTransform_float_3_3
Parameters: 0.999892 -0.0143776 0.00296355 0.0142015 0.998509 0.0527195 -0.0037169 -0.052672 0.998605 0.521895 -0.6463 0.890298
FixedParameters: 0 0 0

#Transform 151
Transform: AffineTransform_float_3_3
Parameters: 0.999894 -0.0143671 0.00240991 0.0142202 0.998506 0.0527614 -0.00316374 -0.0527218 0.998605 0.567976 -0.634943 0.765339
FixedParameters: 0 0 0

#Transform 152
Transform: AffineTransform_float_3_3
Parameters: 0.999892 -0.0143372 0.00321143 0.0141513 0.998542 0.0520952 -0.0039539 -0.0520435 0.998637 0.542741 -0.611883 0.904491
FixedParameters: 0 0 0

#Transform 153
Transform: AffineTransform_float_3_3
Parameters: 0.999912 -0.0129536 0.00297643 0.0128029 0.998853 0.0461577 -0.00357095 -0.0461159 0.99893 0.526666 -0.555389 0.695013
FixedParameters: 0 0 0

#Transform 154
Transform: AffineTransform_float_3_3
Parameters: 0.999907 -0.0132721 0.00337368 0.0131079 0.998913 0.0447387 -0.00396328 -0.0446902 0.998993 0.544956 -0.542892 0.773225
FixedParameters: 0 0 0

#Transform 155
Transform: AffineTransform_float_3_3
Parameters: 0.999881 -0.0153049 0.00214926 0.0151822 0.998701 0.0486347 -0.00289057 -0.0485963 0.998814 0.638048 -0.515805 0.804856
FixedParameters: 0 0 0

#Transform 156
Transform: AffineTransform_float_3_3
Parameters: 0.999881 -0.015336 0.00155795 0.0152415 0.9987 0.0486348 -0.00230252 -0.0486053 0.998815 0.653361 -0.572996 0.72003
FixedParameters: 0 0 0

#Transform 157
Transform: AffineTransform_float_3_3
Parameters: 0.999886 -0.0149514 0.00182991 0.0148381 0.998592 0.0509427 -0.00258885 -0.0509093 0.998699 0.652324 -0.606531 0.80939
FixedParameters: 0 0 0

#Transform 158
Transform: AffineTransform_float_3_3
Parameters: 0.999874 -0.0157901 0.00172622 0.0156826 0.9986 0.0505176 -0.00252167 -0.0504834 0.998722 0.686087 -0.633192 0.729053
FixedParameters: 0 0 0

#Transform 159
Transform: AffineTransform_float_3_3
Parameters: 0.999876 -0.0156313 0.00177381 0.0155195 0.99855 0.0515454 -0.00257714 -0.0515112 0.998669 0.701628 -0.629222 0.688181
FixedParameters: 0 0 0

#Transform 160
Transform: AffineTransform_float_3_3
Parameters: 0.99987 -0.0159739 0.00207786 0.0158436 0.998496 0.0524992 -0.00291337 -0.052459 0.998619 0.696748 -0.667175 0.777228
FixedParameters: 0 0 0

#Transform 161
Transform: AffineTransform_float_3_3
Parameters: 0.999877 -0.0155415 0.00191264 0.0154221 0.998553 0.0515179 -0.00270966 -0.0514823 0.99867 0.675384 -0.606334 0.662319
FixedParameters: 0 0 0

#Transform 162
Transform: AffineTransform_float_3_3
Parameters: 0.999871 -0.0157948 0.00288385 0.0156325 0.998646 0.0496203 -0.0036641 -0.0495683 0.998764 0.675822 -0.593622 0.70977
FixedParameters: 0 0 0

#Transform 163
Transform: AffineTransform_float_3_3
Parameters: 0.999851 -0.0170947 0.0021643 0.0169665 0.998615 0.049809 -0.00301217 -0.0497654 0.998756 0.723313 -0.616754 0.71851
FixedParameters: 0 0 0

#Transform 164
Transform: AffineTransform_float_3_3
Parameters: 0.999852 -0.0171319 0.00177223 0.0170219 0.998612 0.0498575 -0.00262364 -0.0498206 0.998755 0.768135 -0.591272 0.672544
FixedParameters: 0 0 0

#Transform 165
Transform: AffineTransform_float_3_3
Parameters: 0.999848 -0.0172571 0.00235362 0.0171122 0.998511 0.0518028 -0.00324438 -0.0517551 0.998655 0.72222 -0.681101 0.838306
FixedParameters: 0 0 0

#Transform 166
Transform: AffineTransform_float_3_3
Parameters: 0.999857 -0.0167505 0.00246803 0.0166018 0.998535 0.0514971 -0.00332663 -0.0514482 0.99867 0.724564 -0.602668 0.690921
FixedParameters: 0 0 0

#Transform 167
Transform: AffineTransform_float_3_3
Parameters: 0.999856 -0.0167423 0.00278429 0.0165727 0.998477 0.0526176 -0.00366167 -0.0525645 0.998611 0.728976 -0.667105 0.77167
FixedParameters: 0 0 0

#Transform 168
Transform: AffineTransform_float_3_3
Parameters: 0.99985 -0.017201 0.00220515 0.0170647 0.998525 0.0515505 -0.00308919 -0.0515053 0.998668 0.729101 -0.632676 0.786607
FixedParameters: 0 0 0

#Transform 169
Transform: AffineTransform_float_3_3
Parameters: 0.999857 -0.0168481 0.0018357 0.0167271 0.998459 0.052917 -0.00272429 -0.0528795 0.998597 0.712097 -0.647128 0.812331
FixedParameters: 0 0 0

#Transform 170
Transform: AffineTransform_float_3_3
Parameters: 0.999855 -0.0168518 0.00229581 0.0166992 0.998331 0.0552859 -0.00322411 -0.0552397 0.998468 0.727683 -0.71105 0.896886
FixedParameters: 0 0 0

#Transform 171
Transform: AffineTransform_float_3_3
Parameters: 0.999849 -0.0172232 0.00258409 0.0170506 0.99828 0.0560922 -0.00354569 -0.0560396 0.998422 0.724644 -0.763375 0.917464
FixedParameters: 0 0 0

#Transform 172
Transform: AffineTransform_float_3_3
Parameters: 0.999869 -0.0160371 0.00218277 0.0158885 0.998276 0.0564964 -0.0030847 -0.0564544 0.9984 0.697103 -0.78472 0.957395
FixedParameters: 0 0 0

#Transform 173
Transform: AffineTransform_float_3_3
Parameters: 0.999848 -0.0173016 0.00218017 0.0171491 0.998227 0.0569936 -0.00316246 -0.0569468 0.998373 0.747308 -0.803459 0.96264
FixedParameters: 0 0 0

#Transform 174
Transform: AffineTransform_float_3_3
Parameters: 0.999849 -0.0172727 0.00210947 0.0171294 0.998319 0.0553658 -0.00306256 -0.055321 0.998464 0.780099 -0.76168 0.885546
FixedParameters: 0 0 0

#Transform 175
Transform: AffineTransform_float_3_3
Parameters: 0.999839 -0.0178174 0.00223057 0.0176675 0.998328 0.0550423 -0.00320714 -0.0549942 0.998482 0.77544 -0.767715 0.925132
FixedParameters: 0 0 0

#Transform 176
Transform: AffineTransform_float_3_3
Parameters: 0.999845 -0.0175748 0.00143142 0.017473 0.998414 0.0535186 -0.00236977 -0.0534855 0.998566 0.815852 -0.687066 0.794894
FixedParameters: 0 0 0

#Transform 177
Transform: AffineTransform_float_3_3
Parameters: 0.999834 -0.0181652 0.0014712 0.0180613 0.998423 0.0531509 -0.00243455 -0.053115 0.998586 0.813557 -0.695201 0.824211
FixedParameters: 0 0 0

#Transform 178
Transform: AffineTransform_float_3_3
Parameters: 0.999839 -0.0179247 0.00122469 0.0178346 0.998419 0.0533078 -0.00217825 -0.0532774 0.998577 0.815906 -0.670083 0.782215
FixedParameters: 0 0 0

#Transform 179
Transform: AffineTransform_float_3_3
Parameters: 0.999832 -0.0182809 0.0013702 0.0181792 0.998346 0.0545282 -0.00236483 -0.0544944 0.998511 0.838597 -0.676537 0.859574
FixedParameters: 0 0 0

#Transform 180
Transform: AffineTransform_float_3_3
Parameters: 0.999827 -0.0185723 0.000881745 0.018497 0.998357 0.0542258 -0.00188739 -0.0542002 0.998529 0.868646 -0.685366 0.853468
FixedParameters: 0 0 0

#Transform 181
Transform: AffineTransform_float_3_3
Parameters: 0.999811 -0.0194301 0.000515791 0.0193748 0.998369 0.0536965 -0.00155803 -0.0536761 0.998557 0.919573 -0.690739 0.764218
FixedParameters: 0 0 0

#Transform 182
Transform: AffineTransform_float_3_3
Parameters: 0.99982 -0.0189464 0.000980677 0.0188638 0.99829 0.0553281 -0.00202733 -0.0552995 0.998468 0.892627 -0.693918 0.83314
FixedParameters: 0 0 0

#Transform 183
Transform: AffineTransform_float_3_3
Parameters: 0.999826 -0.0185974 0.0011021 0.0185081 0.998291 0.0554341 -0.00213156 -0.0554042 0.998462 0.86002 -0.742316 0.79537
FixedParameters: 0 0 0

#Transform 184
Transform: AffineTransform_float_3_3
Parameters: 0.999825 -0.0187033 0.000913158 0.0186205 0.998198 0.0570353 -0.00197916 -0.057008 0.998371 0.896264 -0.756047 0.781731
FixedParameters: 0 0 0

#Transform 185
Transform: AffineTransform_float_3_3
Parameters: 0.999817 -0.019126 0.00134766 0.0190158 0.998131 0.058063 -0.00245614 -0.0580265 0.998312 0.880981 -0.819669 0.859292
FixedParameters: 0 0 0

#Transform 186
Transform: AffineTransform_float_3_3
Parameters: 0.999814 -0.0192325 0.000833781 0.0191535 0.998192 0.0569644 -0.00192805 -0.0569381 0.998376 0.904109 -0.761902 0.794122
FixedParameters: 0 0 0

#Transform 187
Transform: AffineTransform_float_3_3
Parameters: 0.999815 -0.0192216 0.000833249 0.0191443 0.998224 0.0564165 -0.0019159 -0.0563897 0.998407 0.908529 -0.772177 0.801722
FixedParameters: 0 0 0

#Transform 188
Transform: AffineTransform_float_3_3
Parameters: 0.999812 -0.0193772 0.000962233 0.0192895 0.998168 0.0573537 -0.00207167 -0.057324 0.998354 0.906225 -0.778354 0.915651
FixedParameters: 0 0 0

#Transform 189
Transform: AffineTransform_float_3_3
Parameters: 0.999815 -0.0192259 0.00097541 0.0191386 0.998171 0.0573417 -0.00207639 -0.0573124 0.998354 0.907042 -0.786095 0.816931
FixedParameters: 0 0 0

#Transform 190
Transform: AffineTransform_float_3_3
Parameters: 0.999818 -0.019057 0.00093986 0.0189682 0.998082 0.0589192 -0.00206146 -0.0588906 0.998262 0.912093 -0.794479 0.872243
FixedParameters: 0 0 0

#Transform 191
Transform: AffineTransform_float_3_3
