# transform file /out/sourcedata/freesurfer/sub-v1s4x0050682_ses-1/mri/transforms/cc_up.lta
# created by oesteban on Tue Mar 10 03:31:44 2026

type      = 0 # LINEAR_VOX_TO_VOX
nxforms   = 1
mean      = 130.0000 111.0000 119.0000
sigma     = 10000.0000
1 4 4
9.998135566711426e-01 2.325117093278095e-04 1.930822432041168e-02 -2.160043001174927e+00 
-2.324683591723442e-04 1.000000000000000e+00 -4.489388174988562e-06 3.603025436401367e+01 
-1.930822618305683e-02 -4.547473508864641e-13 9.998136162757874e-01 1.849232292175293e+01 
0.000000000000000e+00 0.000000000000000e+00 0.000000000000000e+00 1.000000000000000e+00 
src volume info
valid = 1  # volume info valid
filename = /out/sourcedata/freesurfer/sub-v1s4x0050682_ses-1/mri/norm.mgz
volume = 256 256 256
voxelsize = 1.000000000000000e+00 1.000000000000000e+00 1.000000000000000e+00
xras   = -9.999998807907104e-01 -2.270098775625229e-09 -1.862645149230957e-09
yras   = -9.313225746154785e-10 -9.313225746154785e-10 -1.000000000000000e+00
zras   = 3.929017111659050e-10 9.999999403953552e-01 0.000000000000000e+00
cras   = 4.016677856445312e+00 6.815544128417969e+00 1.288848876953125e+00
dst volume info
valid = 1  # volume info valid
filename = /out/sourcedata/freesurfer/sub-v1s4x0050682_ses-1/mri/norm.mgz
volume = 256 256 256
voxelsize = 1.000000000000000e+00 1.000000000000000e+00 1.000000000000000e+00
xras   = -9.999998807907104e-01 -2.270098775625229e-09 -1.862645149230957e-09
yras   = -9.313225746154785e-10 -9.313225746154785e-10 -1.000000000000000e+00
zras   = 3.929017111659050e-10 9.999999403953552e-01 0.000000000000000e+00
cras   = 4.016677856445312e+00 6.815544128417969e+00 1.288848876953125e+00
