type      = 1 # LINEAR_RAS_TO_RAS
nxforms   = 1
mean      = 0.0000 0.0000 0.0000
sigma     = 1.0000
1 4 4
1.104405045509338e+00 -2.883199974894524e-02 -8.981999941170216e-03 -4.034606933593750e+00 
2.540000132285058e-04 1.056319952011108e+00 1.121300011873245e-01 -1.772090148925781e+01 
4.745999816805124e-03 -2.541900053620338e-02 1.134608983993530e+00 -1.849516296386719e+01 
0.000000000000000e+00 0.000000000000000e+00 0.000000000000000e+00 1.000000000000000e+00 
src volume info
valid = 1  # volume info valid
filename = /out/sourcedata/freesurfer/sub-v1s4x0050682_ses-1/mri/orig_nu.mgz
volume = 256 256 256
voxelsize = 1.000000000000000e+00 1.000000000000000e+00 1.000000000000000e+00
xras   = -9.999998807907104e-01 -2.270098775625229e-09 -1.862645149230957e-09
yras   = -9.313225746154785e-10 -9.313225746154785e-10 -1.000000000000000e+00
zras   = 3.929017111659050e-10 9.999999403953552e-01 0.000000000000000e+00
cras   = 4.016677856445312e+00 6.815544128417969e+00 1.288848876953125e+00
dst volume info
valid = 1  # volume info valid
filename = /opt/freesurfer/average/mni305.cor.mgz
volume = 256 256 256
voxelsize = 1.000000000000000e+00 1.000000000000000e+00 1.000000000000000e+00
xras   = -1.000000000000000e+00 0.000000000000000e+00 0.000000000000000e+00
yras   = 0.000000000000000e+00 0.000000000000000e+00 -1.000000000000000e+00
zras   = 0.000000000000000e+00 1.000000000000000e+00 0.000000000000000e+00
cras   = 0.000000000000000e+00 0.000000000000000e+00 0.000000000000000e+00
subject fsaverage
fscale 0.100000
