type      = 0 # LINEAR_VOX_TO_VOX
nxforms   = 1
mean      = 0.0000 0.0000 0.0000
sigma     = 1.0000
1 4 4
1.104404926300049e+00 -8.981999009847641e-03 2.883199788630009e-02 -1.609797668457031e+01 
4.746001679450274e-03 1.134608983993530e+00 2.541899867355824e-02 -3.904067993164062e+00 
-2.540025743655860e-04 -1.121300011873245e-01 1.056319832801819e+00 -3.199768066406250e+00 
0.000000000000000e+00 0.000000000000000e+00 0.000000000000000e+00 1.000000000000000e+00 
src volume info
valid = 1  # volume info valid
filename = /out/sourcedata/freesurfer/sub-v1s4x0050682_ses-1/mri/orig.mgz
volume = 256 256 256
voxelsize = 1.000000000000000e+00 1.000000000000000e+00 1.000000000000000e+00
xras   = -9.999998807907104e-01 -2.270098775625229e-09 -1.862645149230957e-09
yras   = -9.313225746154785e-10 -9.313225746154785e-10 -1.000000000000000e+00
zras   = 3.929017111659050e-10 9.999999403953552e-01 0.000000000000000e+00
cras   = 4.016677856445312e+00 6.815544128417969e+00 1.288848876953125e+00
dst volume info
valid = 1  # volume info valid
filename = /opt/freesurfer/average/mni305.cor.mgz
volume = 256 256 256
voxelsize = 1.000000000000000e+00 1.000000000000000e+00 1.000000000000000e+00
xras   = -1.000000000000000e+00 0.000000000000000e+00 0.000000000000000e+00
yras   = 0.000000000000000e+00 0.000000000000000e+00 -1.000000000000000e+00
zras   = 0.000000000000000e+00 1.000000000000000e+00 0.000000000000000e+00
cras   = 0.000000000000000e+00 0.000000000000000e+00 0.000000000000000e+00
subject fsaverage
fscale 0.100000
