# transform file transforms/talairach.lta
# created by oesteban on Tue Mar 10 02:06:46 2026

type      = 0 # LINEAR_VOX_TO_VOX
nxforms   = 1
mean      = 130.0000 111.0000 119.0000
sigma     = 10000.0000
1 4 4
1.101979136466980e+00 8.752764202654362e-03 2.473958209156990e-02 -1.923753547668457e+01 
-8.878346532583237e-03 1.170261859893799e+00 2.611542493104935e-02 -6.360699653625488e+00 
-2.705010212957859e-02 -2.664440684020519e-02 9.991339445114136e-01 -9.024522304534912e-01 
0.000000000000000e+00 0.000000000000000e+00 0.000000000000000e+00 1.000000000000000e+00 
src volume info
valid = 1  # volume info valid
filename = nu.mgz
volume = 256 256 256
voxelsize = 1.000000000000000e+00 1.000000000000000e+00 1.000000000000000e+00
xras   = -9.999998807907104e-01 -2.270098775625229e-09 -1.862645149230957e-09
yras   = -9.313225746154785e-10 -9.313225746154785e-10 -1.000000000000000e+00
zras   = 3.929017111659050e-10 9.999999403953552e-01 0.000000000000000e+00
cras   = 4.016677856445312e+00 6.815544128417969e+00 1.288848876953125e+00
dst volume info
valid = 1  # volume info valid
filename = /opt/freesurfer/average/RB_all_2020-01-02.gca
volume = 256 256 256
voxelsize = 1.000000000000000e+00 1.000000000000000e+00 1.000000000000000e+00
xras   = -1.000000000000000e+00 0.000000000000000e+00 0.000000000000000e+00
yras   = 0.000000000000000e+00 0.000000000000000e+00 -1.000000000000000e+00
zras   = 0.000000000000000e+00 1.000000000000000e+00 0.000000000000000e+00
cras   = 0.000000000000000e+00 0.000000000000000e+00 0.000000000000000e+00
