#Insight Transform File V1.0
#Transform 0
Transform: AffineTransform_float_3_3
Parameters: 0.999999 -0.000730229 0.000219177 0.000730171 0.999999 -0.000942022 -0.000218688 0.000941586 0.999999 0.014481 0.0559697 0.00680516
FixedParameters: 0 0 0

#Transform 1
Transform: AffineTransform_float_3_3
Parameters: 0.999999 -0.000673851 0.000353238 0.000674355 0.999999 -0.00138405 -0.000352264 0.0013845 0.999999 -0.00917791 0.0581487 0.0116265
FixedParameters: 0 0 0

#Transform 2
Transform: AffineTransform_float_3_3
Parameters: 1 -0.000402503 0.000209869 0.000402842 0.999999 -0.000807718 -0.000209218 0.000807887 0.999999 0.0124226 0.0643876 0.00103958
FixedParameters: 0 0 0

#Transform 3
Transform: AffineTransform_float_3_3
Parameters: 1 -0.000314256 4.78017e-05 0.000315216 0.999999 -0.00128131 -4.73645e-05 0.00128132 0.999999 0.000556389 0.0374778 -0.00228086
FixedParameters: 0 0 0

#Transform 4
Transform: AffineTransform_float_3_3
Parameters: 0.999999 -0.0007831 9.4437e-05 0.000782756 1 -0.000667378 -9.42781e-05 0.00066677 1 0.0175516 0.0480677 -0.0122999
FixedParameters: 0 0 0

#Transform 5
Transform: AffineTransform_float_3_3
Parameters: 0.999999 -0.000680215 0.000334535 0.000680352 1 -0.000908819 -0.000334184 0.000908518 0.999999 -0.00953944 0.0664382 0.00965397
FixedParameters: 0 0 0

#Transform 6
Transform: AffineTransform_float_3_3
Parameters: 0.999999 -0.000826686 -6.94861e-08 0.000826211 0.999998 -0.00134489 1.40054e-06 0.00134486 0.999999 0.0220246 0.0895311 0.0205805
FixedParameters: 0 0 0

#Transform 7
Transform: AffineTransform_float_3_3
Parameters: 0.999999 -0.000831223 -0.000339659 0.000830116 1 -0.000905127 0.000340235 0.000905218 1 0.0310756 0.0209866 0.0484472
FixedParameters: 0 0 0

#Transform 8
Transform: AffineTransform_float_3_3
Parameters: 1 -0.000607855 -0.000221745 0.000607704 1 -0.000338883 0.000222157 0.000338613 1 0.0339082 0.0442032 0.0104774
FixedParameters: 0 0 0

#Transform 9
Transform: AffineTransform_float_3_3
Parameters: 1 -0.000459547 -0.000258318 0.000459966 0.999999 -0.000954521 0.000258795 0.000954984 1 0.0133818 0.019411 0.0274107
FixedParameters: 0 0 0

#Transform 10
Transform: AffineTransform_float_3_3
Parameters: 0.999999 -0.000659102 -0.000727159 0.000658712 0.999999 -0.000268359 0.000727512 0.000267401 0.999999 0.0488513 -0.0174118 -0.00997013
FixedParameters: 0 0 0

#Transform 11
Transform: AffineTransform_float_3_3
Parameters: 1 -0.000394062 -0.000374871 0.00039302 0.999999 -0.000859102 0.000374623 0.000859504 1 0.00615886 0.00614922 0.0411092
FixedParameters: 0 0 0

#Transform 12
Transform: AffineTransform_float_3_3
Parameters: 1 -0.000334656 -0.000420368 0.000334955 1 -0.00070849 0.000420411 0.000708867 0.999999 0.023902 0.0143088 0.0260926
FixedParameters: 0 0 0

#Transform 13
Transform: AffineTransform_float_3_3
Parameters: 0.999999 -0.000491393 -0.000635157 0.000490902 1 -0.000386558 0.000635536 0.000385934 0.999999 0.0434839 0.0113372 -0.0126105
FixedParameters: 0 0 0

#Transform 14
Transform: AffineTransform_float_3_3
Parameters: 1 -0.000148661 -7.39222e-05 0.000148526 0.999999 -0.000916562 7.41945e-05 0.000916541 0.999999 0.0211087 0.0196204 0.0103077
FixedParameters: 0 0 0

#Transform 15
Transform: AffineTransform_float_3_3
Parameters: 1 -0.000407236 -0.000134778 0.000407349 0.999999 -0.00122459 0.000134488 0.00122443 0.999999 0.00814512 0.0509531 0.000991828
FixedParameters: 0 0 0

#Transform 16
Transform: AffineTransform_float_3_3
Parameters: 1 -0.000133429 -0.000293751 0.000133246 1 -0.000312381 0.000293835 0.000312303 1 0.0193555 -0.00366379 -0.0418686
FixedParameters: 0 0 0

#Transform 17
Transform: AffineTransform_float_3_3
Parameters: 1 -0.000241276 -0.000239109 0.000240645 1 -0.000493837 0.00023843 0.000493692 1 0.0154457 -0.00288722 -0.0153396
FixedParameters: 0 0 0

#Transform 18
Transform: AffineTransform_float_3_3
Parameters: 1 -2.17516e-05 -0.000323922 2.21995e-05 1 -0.000721414 0.000323559 0.000721373 0.999999 0.028792 0.0378133 0.0221483
FixedParameters: 0 0 0

#Transform 19
Transform: AffineTransform_float_3_3
Parameters: 1 -0.000150972 -0.000100596 0.000150814 0.999999 -0.000784517 0.000100832 0.000784487 0.999999 -0.0150888 0.0340909 0.0134971
FixedParameters: 0 0 0

#Transform 20
Transform: AffineTransform_float_3_3
Parameters: 1 -0.000141344 -0.000276635 0.000141313 1 -5.5609e-05 0.000276651 5.55308e-05 1 0.0166038 -0.00857714 -0.0240749
FixedParameters: 0 0 0

#Transform 21
Transform: AffineTransform_float_3_3
Parameters: 1 -0.000145034 0.000399249 0.000145151 0.999999 -0.00138956 -0.000398425 0.0013897 0.999999 -0.0138019 0.0603135 0.00792506
FixedParameters: 0 0 0

#Transform 22
Transform: AffineTransform_float_3_3
Parameters: 0.999999 0.000591564 0.0006434 -0.000590327 0.999999 -0.000656017 -0.000643264 0.000656015 1 -0.0214028 -0.0491778 0.0721537
FixedParameters: 0 0 0

#Transform 23
Transform: AffineTransform_float_3_3
Parameters: 1 -1.74534e-05 -0.000113014 1.75012e-05 1 0.00021158 0.000113007 -0.000211584 1 0.00682981 -0.0107715 -0.0190569
FixedParameters: 0 0 0

#Transform 24
Transform: AffineTransform_float_3_3
Parameters: 1 0.000508719 0.000448891 -0.000508492 1 -0.000253486 -0.000449148 0.00025303 1 -0.0294106 0.00744339 0.0438193
FixedParameters: 0 0 0

#Transform 25
Transform: AffineTransform_float_3_3
Parameters: 1 7.70399e-05 -0.000194499 -7.69541e-05 1 0.000220682 0.000194533 -0.000220653 1 0.0139312 -0.00697568 -0.00813605
FixedParameters: 0 0 0

#Transform 26
Transform: AffineTransform_float_3_3
Parameters: 1 0.000509338 0.000450644 -0.000509068 1 -0.000299449 -0.000450949 0.00029899 1 -0.0162381 -0.0177265 0.00648813
FixedParameters: 0 0 0

#Transform 27
Transform: AffineTransform_float_3_3
Parameters: 1 0.000226966 -0.000209046 -0.000226822 1 0.0003452 0.000209202 -0.000345105 1 0.00766567 0.00792122 -0.0478102
FixedParameters: 0 0 0

#Transform 28
Transform: AffineTransform_float_3_3
Parameters: 1 0.000411565 0.000229898 -0.000410769 1 -0.00103772 -0.000229808 0.00103757 1 -0.0497079 0.035124 0.0177537
FixedParameters: 0 0 0

#Transform 29
Transform: AffineTransform_float_3_3
Parameters: 1 0.000300099 -3.94541e-05 -0.000300466 1 0.000356681 3.87509e-05 -0.000356688 1 -0.0115675 0.0266448 -0.0593899
FixedParameters: 0 0 0

#Transform 30
Transform: AffineTransform_float_3_3
Parameters: 1 0.00039833 0.000193804 -0.0003982 1 -0.000334691 -0.00019407 0.000334537 1 -0.0339526 0.0162739 0.023575
FixedParameters: 0 0 0

#Transform 31
Transform: AffineTransform_float_3_3
Parameters: 1 0.000491876 0.000231023 -0.000492071 1 0.000380352 -0.000230685 -0.000379894 0.999999 -0.0229765 0.0481742 -0.00479892
FixedParameters: 0 0 0

#Transform 32
Transform: AffineTransform_float_3_3
Parameters: 0.999999 0.000571643 0.000592278 -0.000571789 1 0.000106898 -0.000592192 -0.00010689 0.999999 -0.0480168 0.0223647 0.00686516
FixedParameters: 0 0 0

#Transform 33
Transform: AffineTransform_float_3_3
Parameters: 1 0.000334501 3.90991e-05 -0.000334541 1 0.000513261 -3.87556e-05 -0.000513287 1 -0.0144754 0.03431 0.00138591
FixedParameters: 0 0 0

#Transform 34
Transform: AffineTransform_float_3_3
Parameters: 1 0.000641323 5.1778e-05 -0.000641301 1 -0.000209875 -5.2047e-05 0.000209809 1 -0.0144011 0.00537935 0.0205477
FixedParameters: 0 0 0

#Transform 35
Transform: AffineTransform_float_3_3
Parameters: 1 0.000278244 -8.89055e-05 -0.000278207 1 0.000208373 8.90216e-05 -0.000208323 1 -0.00577911 0.0658585 -0.0184432
FixedParameters: 0 0 0

#Transform 36
Transform: AffineTransform_float_3_3
Parameters: 0.999999 0.000756028 0.00102356 -0.000755651 1 -0.000603683 -0.00102415 0.000603575 0.999999 -0.0631189 0.0384543 0.0076694
FixedParameters: 0 0 0

#Transform 37
Transform: AffineTransform_float_3_3
Parameters: 0.999999 0.00058533 0.000626761 -0.000584934 1 -0.000315808 -0.00062713 0.000315074 1 -0.0273634 0.0319936 -0.00122901
FixedParameters: 0 0 0

#Transform 38
Transform: AffineTransform_float_3_3
Parameters: 0.999999 0.000535759 0.000509958 -0.000535735 1 -2.36326e-05 -0.000509983 2.30863e-05 1 -0.0293677 -0.0394774 0.0352611
FixedParameters: 0 0 0

#Transform 39
Transform: AffineTransform_float_3_3
Parameters: 1 0.000101858 0.000308252 -0.000102126 0.999999 0.000464744 -0.000308121 -0.000465493 1 -0.0026722 0.0426373 0.0279132
FixedParameters: 0 0 0

#Transform 40
Transform: AffineTransform_float_3_3
Parameters: 0.999999 0.000427731 0.000669138 -0.000428088 1 0.00026634 -0.00066891 -0.000266913 0.999999 -0.0346381 -0.0521175 0.0358114
FixedParameters: 0 0 0

#Transform 41
Transform: AffineTransform_float_3_3
Parameters: 1 0.000370685 0.000120793 -0.000371275 0.999999 0.000804098 -0.000121114 -0.000804218 0.999999 -0.0171752 -0.000137485 -0.0148657
FixedParameters: 0 0 0

#Transform 42
Transform: AffineTransform_float_3_3
Parameters: 0.999999 0.000579045 0.00060918 -0.000579223 1 0.000145822 -0.00060901 -0.000146527 1 -0.035439 0.00645984 0.0286473
FixedParameters: 0 0 0

#Transform 43
Transform: AffineTransform_float_3_3
Parameters: 1 0.000389676 0.000167259 -0.000389844 1 0.000502868 -0.000166867 -0.000502998 1 -0.0174375 -0.0199241 0.0106549
FixedParameters: 0 0 0

#Transform 44
Transform: AffineTransform_float_3_3
Parameters: 0.999999 0.000576408 0.000601796 -0.000576836 1 0.000339509 -0.000601441 -0.000339518 0.999999 -0.0290397 -0.00856812 0.0138051
FixedParameters: 0 0 0

#Transform 45
Transform: AffineTransform_float_3_3
Parameters: 1 0.000477995 0.000372495 -0.000478346 1 0.000471806 -0.000372044 -0.000472162 1 -0.023884 0.00162353 0.00959894
FixedParameters: 0 0 0

#Transform 46
Transform: AffineTransform_float_3_3
Parameters: 1 0.000356662 9.02925e-05 -0.000356761 1 0.000544533 -8.99039e-05 -0.000544597 1 -0.0143774 -0.0139675 0.0283994
FixedParameters: 0 0 0

#Transform 47
Transform: AffineTransform_float_3_3
Parameters: 0.999999 0.000201368 0.000753366 -0.000201309 1 0.000568032 -0.000753532 -0.000568363 0.999999 -0.039331 0.00611308 0.0228012
FixedParameters: 0 0 0

#Transform 48
Transform: AffineTransform_float_3_3
Parameters: 1 0.000253341 0.000210923 -0.000252847 0.999999 0.000993556 -0.000210822 -0.000992963 1 -0.00258304 -0.0275869 0.0183409
FixedParameters: 0 0 0

#Transform 49
Transform: AffineTransform_float_3_3
Parameters: 0.999999 0.000728546 0.0005263 -0.000729141 0.999999 0.000565869 -0.000525474 -0.000566635 0.999999 -0.033772 0.00407338 0.0265339
FixedParameters: 0 0 0

#Transform 50
Transform: AffineTransform_float_3_3
Parameters: 1 0.000302576 0.000299562 -0.000303295 1 0.0010723 -0.000298886 -0.00107248 1 -0.00685614 -0.0193948 0.0132917
FixedParameters: 0 0 0

#Transform 51
Transform: AffineTransform_float_3_3
Parameters: 0.999999 0.000642611 0.000325495 -0.000643096 0.999999 0.000746315 -0.000324535 -0.000746733 0.999999 -0.0232643 -0.0517785 0.0690468
FixedParameters: 0 0 0

#Transform 52
Transform: AffineTransform_float_3_3
Parameters: 1 0.000721071 0.000505253 -0.000721684 0.999999 0.00112042 -0.000504948 -0.00112121 1 -0.0157239 -0.0357037 0.0174977
FixedParameters: 0 0 0

#Transform 53
Transform: AffineTransform_float_3_3
Parameters: 0.999999 0.000723844 0.000513192 -0.000723941 1 0.000911583 -0.000512241 -0.000912352 1 -0.0231165 -0.0476961 0.0249555
FixedParameters: 0 0 0

#Transform 54
Transform: AffineTransform_float_3_3
Parameters: 1 0.000519277 3.1941e-05 -0.000519456 0.999998 0.00164629 -3.02047e-05 -0.00164633 0.999998 0.0112753 -0.00927998 0.00386812
FixedParameters: 0 0 0

#Transform 55
Transform: AffineTransform_float_3_3
Parameters: 0.999999 0.000725187 0.000516855 -0.000725116 0.999999 0.000815023 -0.000516074 -0.000815072 1 -0.0308005 -0.0294438 0.0393694
FixedParameters: 0 0 0

#Transform 56
Transform: AffineTransform_float_3_3
Parameters: 1 0.000390663 3.50624e-05 -0.000391242 0.999999 0.00151866 -3.47662e-05 -0.00151872 0.999999 0.00843857 -0.0186804 0.0278304
FixedParameters: 0 0 0

#Transform 57
Transform: AffineTransform_float_3_3
Parameters: 0.999999 0.000723142 0.000511221 -0.000723307 1 0.000963385 -0.000510233 -0.000963464 0.999999 -0.0230111 -0.0329456 0.028903
FixedParameters: 0 0 0

#Transform 58
Transform: AffineTransform_float_3_3
Parameters: 0.999999 0.000745463 0.000245327 -0.000745594 0.999999 0.00116891 -0.00024487 -0.00116933 1 -0.00590534 -0.0405209 0.0315209
FixedParameters: 0 0 0

#Transform 59
Transform: AffineTransform_float_3_3
Parameters: 0.999999 0.000726009 0.000519169 -0.000725878 0.999999 0.000754071 -0.000518475 -0.000754125 1 -0.0250931 -6.68723e-05 0.0286743
FixedParameters: 0 0 0

#Transform 60
Transform: AffineTransform_float_3_3
Parameters: 1 0.000539084 8.02565e-05 -0.000539795 0.999999 0.00136802 -7.97081e-05 -0.00136745 0.999999 0.000478522 -0.0257972 0.0135253
FixedParameters: 0 0 0

#Transform 61
Transform: AffineTransform_float_3_3
Parameters: 0.999999 0.00112107 0.000862568 -0.00112183 0.999999 0.000771732 -0.000862217 -0.000772313 0.999999 -0.0502635 0.00751822 0.0400842
FixedParameters: 0 0 0

#Transform 62
Transform: AffineTransform_float_3_3
Parameters: 1 0.00093425 0.000413745 -0.000934653 0.999999 0.00111562 -0.000412972 -0.00111645 1 -0.0391525 0.0263453 0.0274006
FixedParameters: 0 0 0

#Transform 63
Transform: AffineTransform_float_3_3
Parameters: 1 0.000922658 0.000410906 -0.000923221 0.999999 0.00129535 -0.000409863 -0.00129548 0.999999 -0.0161077 0.0321426 0.0227262
FixedParameters: 0 0 0

#Transform 64
Transform: AffineTransform_float_3_3
Parameters: 1 0.0011228 0.000348353 -0.00112374 1 0.000752091 -0.000347616 -0.000752218 1 -0.0330512 0.0472584 0.0177205
FixedParameters: 0 0 0

#Transform 65
Transform: AffineTransform_float_3_3
Parameters: 1 0.000956048 0.000388605 -0.00095578 0.999998 0.00147806 -0.000387523 -0.0014782 0.999998 -0.00741097 -0.0109551 0.0217598
FixedParameters: 0 0 0

#Transform 66
Transform: AffineTransform_float_3_3
Parameters: 1 0.00111935 0.000338595 -0.00112044 0.999999 0.00101189 -0.000337282 -0.00101199 1 -0.0275973 0.00824898 0.0182091
FixedParameters: 0 0 0

#Transform 67
Transform: AffineTransform_float_3_3
Parameters: 0.999999 0.00084678 0.000444868 -0.000847481 0.999999 0.00126466 -0.000444048 -0.00126478 0.999999 -0.0191311 0.0118923 0.0140176
FixedParameters: 0 0 0

#Transform 68
Transform: AffineTransform_float_3_3
Parameters: 0.999999 0.00119672 0.000519839 -0.00119795 0.999999 0.000787473 -0.000518905 -0.000788062 1 -0.0444678 0.0269713 0.0111445
FixedParameters: 0 0 0

#Transform 69
Transform: AffineTransform_float_3_3
Parameters: 0.999999 0.0012122 0.000551729 -0.0012133 0.999998 0.00145774 -0.000549548 -0.00145772 0.999999 -0.0218098 -0.0120215 0.02095
FixedParameters: 0 0 0

#Transform 70
Transform: AffineTransform_float_3_3
Parameters: 0.999999 0.0012763 0.000704092 -0.00127667 0.999999 0.000899421 -0.000702225 -0.000900558 0.999999 -0.0521545 -0.00211483 0.0472256
FixedParameters: 0 0 0

#Transform 71
Transform: AffineTransform_float_3_3
Parameters: 0.999999 0.0012232 0.000577322 -0.00122439 0.999998 0.00146184 -0.000575098 -0.00146189 0.999999 -0.0300755 0.0512458 -0.00669916
FixedParameters: 0 0 0

#Transform 72
Transform: AffineTransform_float_3_3
Parameters: 0.999999 0.00129606 0.000749982 -0.00129691 0.999999 0.000901383 -0.000748991 -0.000902699 0.999999 -0.0566572 -0.0122998 0.05342
FixedParameters: 0 0 0

#Transform 73
Transform: AffineTransform_float_3_3
Parameters: 0.999999 0.00129446 0.00056423 -0.00129452 0.999998 0.00130773 -0.000562587 -0.00130859 0.999999 -0.0372241 0.0075011 0.0136104
FixedParameters: 0 0 0

#Transform 74
Transform: AffineTransform_float_3_3
Parameters: 0.999999 0.00168059 0.000618344 -0.00168167 0.999998 0.00100013 -0.000617308 -0.00100093 0.999999 -0.057462 -0.0258177 0.0497293
FixedParameters: 0 0 0

#Transform 75
Transform: AffineTransform_float_3_3
Parameters: 0.999999 0.00140432 0.000300901 -0.00140527 0.999999 0.000885978 -0.000299364 -0.000886166 1 -0.051979 0.0392427 0.0270559
FixedParameters: 0 0 0

#Transform 76
Transform: AffineTransform_float_3_3
Parameters: 0.999998 0.00206134 0.000260583 -0.00206181 0.999997 0.00107643 -0.000258438 -0.00107694 0.999999 -0.0715878 0.025695 0.118897
FixedParameters: 0 0 0

#Transform 77
Transform: AffineTransform_float_3_3
Parameters: 0.999998 0.00186423 0.000752491 -0.00186528 0.999997 0.0013656 -0.000750092 -0.00136715 0.999999 -0.0736741 0.0341464 0.079637
FixedParameters: 0 0 0

#Transform 78
Transform: AffineTransform_float_3_3
Parameters: 0.999998 0.00202298 0.000128158 -0.00202244 0.999997 0.00153243 -0.000124623 -0.00153241 0.999999 -0.0302035 -0.0371376 0.0674199
FixedParameters: 0 0 0

#Transform 79
Transform: AffineTransform_float_3_3
Parameters: 0.999998 0.00221126 0.000297618 -0.0022125 0.999996 0.00156205 -0.000293919 -0.00156284 0.999999 -0.0347015 -0.0258835 0.0416006
FixedParameters: 0 0 0

#Transform 80
Transform: AffineTransform_float_3_3
Parameters: 0.999998 0.00169284 -0.000231888 -0.00169242 0.999997 0.00180943 0.000234924 -0.00180949 0.999999 -0.0124266 -0.0207528 0.0492355
FixedParameters: 0 0 0

#Transform 81
Transform: AffineTransform_float_3_3
Parameters: 0.999998 0.00202397 0.000267417 -0.00202445 0.999997 0.0010632 -0.000265407 -0.00106372 0.999999 -0.012478 -0.0214259 0.0138737
FixedParameters: 0 0 0

#Transform 82
Transform: AffineTransform_float_3_3
Parameters: 0.999998 0.0022449 0.00016643 -0.00224544 0.999997 0.000556948 -0.000164937 -0.00055708 1 -0.0241736 0.00589778 0.0351036
FixedParameters: 0 0 0

#Transform 83
Transform: AffineTransform_float_3_3
Parameters: 0.999999 0.0017778 6.49147e-05 -0.00177789 0.999997 0.00139886 -6.22364e-05 -0.00139854 0.999998 -0.00271626 0.0166966 0.028726
FixedParameters: 0 0 0

#Transform 84
Transform: AffineTransform_float_3_3
Parameters: 0.999998 0.00195922 0.000423302 -0.00195914 0.999998 0.000563073 -0.000422505 -0.000563417 1 -0.04294 0.00135534 0.00850982
FixedParameters: 0 0 0

#Transform 85
Transform: AffineTransform_float_3_3
Parameters: 0.999998 0.00157191 7.41524e-05 -0.00157165 0.999999 0.00111249 -7.19705e-05 -0.00111282 1 -0.0148036 0.0463019 -0.00494232
FixedParameters: 0 0 0

#Transform 86
Transform: AffineTransform_float_3_3
Parameters: 0.999998 0.00200467 0.000599563 -0.0020048 0.999997 0.000570107 -0.000598685 -0.000571196 1 -0.0568723 0.0459033 0.00605634
FixedParameters: 0 0 0

#Transform 87
Transform: AffineTransform_float_3_3
Parameters: 0.999997 0.00212667 0.000194699 -0.002127 0.999997 0.00109387 -0.000192341 -0.00109413 0.999999 -0.0210586 0.0143488 0.0223741
FixedParameters: 0 0 0

#Transform 88
Transform: AffineTransform_float_3_3
Parameters: 0.999997 0.00232036 0.000718182 -0.00232065 0.999997 0.000577804 -0.000716936 -0.000579864 0.999999 -0.0630552 0.0342275 0.0560962
FixedParameters: 0 0 0

#Transform 89
Transform: AffineTransform_float_3_3
Parameters: 0.999997 0.00233437 0.000146545 -0.0023346 0.999997 0.00102019 -0.000144106 -0.00102036 0.999999 -0.0449693 0.0516876 -0.00452497
FixedParameters: 0 0 0

#Transform 90
Transform: AffineTransform_float_3_3
Parameters: 0.999997 0.00243843 0.000443269 -0.00243849 0.999997 0.000671365 -0.000441432 -0.000672252 0.999999 -0.0491586 0.00957044 0.0262092
FixedParameters: 0 0 0

#Transform 91
Transform: AffineTransform_float_3_3
Parameters: 0.999997 0.00260579 0.000580421 -0.00260675 0.999997 0.000930444 -0.000577962 -0.000931538 1 -0.0494045 0.0196107 0.00710214
FixedParameters: 0 0 0

#Transform 92
Transform: AffineTransform_float_3_3
Parameters: 0.999998 0.0022932 0.000152156 -0.00229372 0.999997 0.000557047 -0.000150609 -0.00055713 1 -0.0405396 0.0385755 0.00617978
FixedParameters: 0 0 0

#Transform 93
Transform: AffineTransform_float_3_3
Parameters: 0.999998 0.00223433 0.000204958 -0.00223492 0.999997 0.000578232 -0.000203382 -0.000578532 1 -0.0209436 0.00387615 0.0208576
FixedParameters: 0 0 0

#Transform 94
Transform: AffineTransform_float_3_3
Parameters: 0.999997 0.00215637 -6.42217e-05 -0.0021558 0.999997 0.000548538 6.52451e-05 -0.000548358 1 -0.0109377 0.0100921 0.000578718
FixedParameters: 0 0 0

#Transform 95
Transform: AffineTransform_float_3_3
Parameters: 0.999997 0.00212661 0.000283704 -0.00212644 0.999998 0.000560709 -0.000282696 -0.000561328 1 -0.0238271 0.0184528 0.0252825
FixedParameters: 0 0 0

#Transform 96
Transform: AffineTransform_float_3_3
Parameters: 0.999997 0.00213068 -3.79234e-05 -0.00213014 0.999997 0.000549164 3.89215e-05 -0.0005491 1 -0.00439386 0.00401962 0.0606476
FixedParameters: 0 0 0

#Transform 97
Transform: AffineTransform_float_3_3
Parameters: 0.999998 0.00210883 -6.33809e-06 -0.00210965 0.999998 0.000721024 7.47843e-06 -0.000720412 1 -0.00403447 0.0104136 0.0368993
FixedParameters: 0 0 0

#Transform 98
Transform: AffineTransform_float_3_3
Parameters: 0.999998 0.00194865 4.58642e-06 -0.00194906 0.999998 0.000548005 -3.38927e-06 -0.00054882 1 0.00553653 0.0562821 0.040985
FixedParameters: 0 0 0

#Transform 99
Transform: AffineTransform_float_3_3
Parameters: 0.999998 0.00210613 0.000141775 -0.00210635 0.999997 0.00111168 -0.000139387 -0.00111172 0.999999 0.00203277 0.013353 0.0156625
FixedParameters: 0 0 0

#Transform 100
Transform: AffineTransform_float_3_3
Parameters: 0.999998 0.00204498 0.00047336 -0.00204587 0.999997 0.00102898 -0.000471443 -0.00103035 0.999999 -0.00908265 0.00153717 0.0469316
FixedParameters: 0 0 0

#Transform 101
Transform: AffineTransform_float_3_3
Parameters: 0.999999 0.00176637 0.000261565 -0.00176668 0.999998 0.000912963 -0.000260667 -0.000912603 0.999999 0.00275203 0.00206674 0.0188389
FixedParameters: 0 0 0

#Transform 102
Transform: AffineTransform_float_3_3
Parameters: 0.999997 0.00214455 0.000431668 -0.00214533 0.999997 0.00100168 -0.000429663 -0.00100297 0.999999 -0.0204132 0.0280783 0.0310101
FixedParameters: 0 0 0

#Transform 103
Transform: AffineTransform_float_3_3
Parameters: 0.999998 0.0019897 0.00063318 -0.00199055 0.999998 0.00105853 -0.000630348 -0.00105973 1 -0.0163591 0.0257195 -0.00408796
FixedParameters: 0 0 0

#Transform 104
Transform: AffineTransform_float_3_3
Parameters: 0.999996 0.002484 0.000646331 -0.0024842 0.999996 0.000972861 -0.000644253 -0.000974127 1 -0.0317674 -0.0194666 0.0319301
FixedParameters: 0 0 0

#Transform 105
Transform: AffineTransform_float_3_3
Parameters: 0.999996 0.00254394 0.00021853 -0.00254377 0.999995 0.00198854 -0.000213343 -0.00198851 0.999998 -0.032043 -0.0466994 0.0680674
FixedParameters: 0 0 0

#Transform 106
Transform: AffineTransform_float_3_3
Parameters: 0.999995 0.00298939 2.95166e-05 -0.00298977 0.999993 0.00193606 -2.33872e-05 -0.00193583 0.999999 -0.0094635 -0.0362884 0.0161126
FixedParameters: 0 0 0

#Transform 107
Transform: AffineTransform_float_3_3
Parameters: 0.999995 0.00312037 0.000548595 -0.00312157 0.999994 0.00171772 -0.000543807 -0.00171939 0.999998 -0.0346696 -0.0466473 0.0194866
FixedParameters: 0 0 0

#Transform 108
Transform: AffineTransform_float_3_3
Parameters: 0.999996 0.00298874 2.77e-05 -0.00298913 0.999994 0.00198651 -2.13013e-05 -0.0019863 0.999998 -0.0136973 -0.00461714 0.012708
FixedParameters: 0 0 0

#Transform 109
Transform: AffineTransform_float_3_3
Parameters: 0.999994 0.00324406 -4.73316e-05 -0.00324429 0.999994 0.00114318 5.14834e-05 -0.00114314 0.999999 -0.021006 -0.0260043 0.016381
FixedParameters: 0 0 0

#Transform 110
Transform: AffineTransform_float_3_3
Parameters: 0.999996 0.00264594 -0.000765598 -0.00264524 0.999995 0.00123646 0.000769365 -0.00123398 0.999999 0.033144 -0.0139478 -0.0408081
FixedParameters: 0 0 0

#Transform 111
Transform: AffineTransform_float_3_3
Parameters: 0.999994 0.00328767 0.000205949 -0.00328871 0.999994 0.000593524 -0.000204066 -0.000593688 0.999999 -0.0402816 0.014141 0.010671
FixedParameters: 0 0 0

#Transform 112
Transform: AffineTransform_float_3_3
Parameters: 0.999995 0.00315558 -0.000322222 -0.00315534 0.999995 0.000858225 0.000324405 -0.000857156 1 0.00186539 0.0185337 -0.0543177
FixedParameters: 0 0 0

#Transform 113
Transform: AffineTransform_float_3_3
Parameters: 0.999996 0.00280998 -0.000377985 -0.00281016 0.999996 0.000323411 0.000378837 -0.000322853 1 -0.00232457 0.0369563 -0.00708897
FixedParameters: 0 0 0

#Transform 114
Transform: AffineTransform_float_3_3
Parameters: 0.999995 0.00300779 -0.000236453 -0.00300812 0.999995 -0.0010569 0.000233222 0.0010569 1 -0.031982 0.0287496 -0.150411
FixedParameters: 0 0 0

#Transform 115
Transform: AffineTransform_float_3_3
Parameters: 0.999996 0.00277269 -0.00046106 -0.00277289 0.999996 -0.000178434 0.000460022 0.00017945 1 -0.00154325 0.0658282 -0.145252
FixedParameters: 0 0 0

#Transform 116
Transform: AffineTransform_float_3_3
Parameters: 0.999996 0.00272156 -0.000742527 -0.00272032 0.999995 0.00102416 0.00074493 -0.00102173 1 0.0291256 0.0421085 -0.116096
FixedParameters: 0 0 0

#Transform 117
Transform: AffineTransform_float_3_3
Parameters: 0.999995 0.00287557 -0.000812838 -0.00287501 0.999995 0.00112247 0.00081655 -0.0011201 0.999999 0.0325395 -0.00408145 -0.103268
FixedParameters: 0 0 0

#Transform 118
Transform: AffineTransform_float_3_3
Parameters: 0.999996 0.00295884 -0.000846767 -0.00295821 0.999995 0.00107637 0.000850366 -0.00107367 0.999999 0.0323609 0.0344029 -0.0791234
FixedParameters: 0 0 0

#Transform 119
Transform: AffineTransform_float_3_3
Parameters: 0.999995 0.00309948 -0.000888314 -0.00309922 0.999995 0.00061098 0.000890217 -0.000607794 0.999999 -0.00273577 0.0269502 -0.129038
FixedParameters: 0 0 0

#Transform 120
Transform: AffineTransform_float_3_3
Parameters: 0.999995 0.00331973 -0.000561493 -0.00331888 0.999993 0.00138696 0.000566553 -0.00138495 0.999999 0.0107218 0.014973 -0.0541702
FixedParameters: 0 0 0

#Transform 121
Transform: AffineTransform_float_3_3
Parameters: 0.999993 0.00359008 -0.000162081 -0.00358951 0.999993 0.00124256 0.000166383 -0.00124103 0.999999 -0.0237872 0.0468087 -0.10972
FixedParameters: 0 0 0

#Transform 122
Transform: AffineTransform_float_3_3
Parameters: 0.999994 0.00341931 -0.000561695 -0.00341866 0.999993 0.00162547 0.000567771 -0.00162337 0.999999 0.0184924 0.0192929 -0.0880817
FixedParameters: 0 0 0

#Transform 123
Transform: AffineTransform_float_3_3
Parameters: 0.999993 0.00352242 -0.000316091 -0.00352194 0.999994 0.000654643 0.000318357 -0.000653391 1 -0.0292968 0.0570712 -0.118368
FixedParameters: 0 0 0

#Transform 124
Transform: AffineTransform_float_3_3
Parameters: 0.999993 0.00356618 -0.000218099 -0.00356542 0.999992 0.00131949 0.000222927 -0.00131826 0.999999 -0.0296967 0.0216777 -0.107989
FixedParameters: 0 0 0

#Transform 125
Transform: AffineTransform_float_3_3
Parameters: 0.999994 0.00360779 -0.000281233 -0.00360815 0.999993 0.00138737 0.000286109 -0.00138571 0.999999 -0.0249285 0.0846421 -0.140913
FixedParameters: 0 0 0

#Transform 126
Transform: AffineTransform_float_3_3
Parameters: 0.999992 0.00379913 0.000321167 -0.00379922 0.99999 0.00198985 -0.000313325 -0.00199062 0.999998 -0.0491386 -0.0109252 -0.0185032
FixedParameters: 0 0 0

#Transform 127
Transform: AffineTransform_float_3_3
Parameters: 0.999993 0.00384113 -0.000316107 -0.00383987 0.999989 0.0028999 0.000327559 -0.00289878 0.999996 -0.0266553 -0.0598066 -0.0473695
FixedParameters: 0 0 0

#Transform 128
Transform: AffineTransform_float_3_3
Parameters: 0.99999 0.00430125 0.000101267 -0.00430228 0.999989 0.00209931 -9.1953e-05 -0.00209935 0.999998 -0.0694528 -0.00236629 -0.0471443
FixedParameters: 0 0 0

#Transform 129
Transform: AffineTransform_float_3_3
Parameters: 0.999993 0.00388609 3.1584e-05 -0.00388547 0.999989 0.00262759 -2.15269e-05 -0.00262773 0.999997 -0.047219 -0.00445252 -0.0690948
FixedParameters: 0 0 0

#Transform 130
Transform: AffineTransform_float_3_3
Parameters: 0.999992 0.00411278 -3.43884e-05 -0.00411255 0.999986 0.00342542 4.8195e-05 -0.00342588 0.999994 -0.0125342 -0.0507804 -0.0691453
FixedParameters: 0 0 0

#Transform 131
Transform: AffineTransform_float_3_3
Parameters: 0.999991 0.0041801 0.000122764 -0.00418043 0.999987 0.00285952 -0.000110173 -0.00285978 0.999996 -0.0384339 -0.0423928 -0.0677562
FixedParameters: 0 0 0

#Transform 132
Transform: AffineTransform_float_3_3
Parameters: 0.999992 0.00379584 0.000309181 -0.00379655 0.999988 0.00312466 -0.000297146 -0.00312553 0.999994 -0.0184782 -0.0453055 -0.0913652
FixedParameters: 0 0 0

#Transform 133
Transform: AffineTransform_float_3_3
Parameters: 0.999993 0.00388494 0.000235651 -0.00388571 0.99999 0.0023585 -0.000226395 -0.00236017 0.999997 -0.0371857 -0.000587383 -0.0805974
FixedParameters: 0 0 0

#Transform 134
Transform: AffineTransform_float_3_3
Parameters: 0.999994 0.00364628 -4.26446e-05 -0.00364617 0.999987 0.00358174 5.66804e-05 -0.00358205 0.999993 0.00334042 -0.0450994 -0.0719392
FixedParameters: 0 0 0

#Transform 135
Transform: AffineTransform_float_3_3
Parameters: 0.999993 0.00378358 -0.000219218 -0.00378289 0.999988 0.00288988 0.000230256 -0.0028888 0.999996 -0.00945339 -0.00935989 -0.0796017
FixedParameters: 0 0 0

#Transform 136
Transform: AffineTransform_float_3_3
Parameters: 0.999993 0.00369098 6.28773e-05 -0.00369193 0.999987 0.00338024 -5.09545e-05 -0.00338064 0.999995 -0.000258252 -0.0551386 -0.0662716
FixedParameters: 0 0 0

#Transform 137
Transform: AffineTransform_float_3_3
Parameters: 0.999992 0.00402387 -6.44395e-05 -0.00402357 0.999988 0.00289787 7.5594e-05 -0.00289802 0.999996 -0.0109427 -0.0281073 -0.0526737
FixedParameters: 0 0 0

#Transform 138
Transform: AffineTransform_float_3_3
Parameters: 0.999993 0.00376884 -0.000131067 -0.00376852 0.999987 0.00328888 0.000142788 -0.00328787 0.999994 -0.00136997 -0.0209417 -0.0589505
FixedParameters: 0 0 0

#Transform 139
Transform: AffineTransform_float_3_3
Parameters: 0.999992 0.00380495 -0.000179557 -0.00380444 0.999991 0.00189585 0.000186251 -0.00189496 0.999998 -0.00841512 0.00751992 -0.12075
FixedParameters: 0 0 0

#Transform 140
Transform: AffineTransform_float_3_3
Parameters: 0.999991 0.00424718 0.00013566 -0.00424763 0.999985 0.00326109 -0.000121477 -0.00326155 0.999995 -0.0134048 -0.0589414 -0.0719621
FixedParameters: 0 0 0

#Transform 141
Transform: AffineTransform_float_3_3
Parameters: 0.999992 0.00391883 -0.000346182 -0.00391737 0.999986 0.00352531 0.000359889 -0.00352401 0.999994 0.00111595 -0.0161571 -0.121131
FixedParameters: 0 0 0

#Transform 142
Transform: AffineTransform_float_3_3
Parameters: 0.999991 0.00417403 -0.000506432 -0.00417102 0.999979 0.00481066 0.000526497 -0.00480877 0.999988 0.0164551 -0.0618667 -0.0833084
FixedParameters: 0 0 0

#Transform 143
Transform: AffineTransform_float_3_3
Parameters: 0.999992 0.00391793 -0.000537964 -0.00391455 0.999971 0.00658237 0.000564745 -0.00658065 0.999978 0.0261392 -0.0920864 -0.127792
FixedParameters: 0 0 0

#Transform 144
Transform: AffineTransform_float_3_3
Parameters: 0.999992 0.00391518 -0.000488272 -0.00391204 0.999967 0.00710763 0.000516932 -0.00710496 0.999974 0.0325496 -0.126961 -0.0952296
FixedParameters: 0 0 0

#Transform 145
Transform: AffineTransform_float_3_3
Parameters: 0.999992 0.00401175 -6.86909e-05 -0.00401136 0.999969 0.00678906 9.58416e-05 -0.00678903 0.999977 -0.000814665 -0.103784 -0.115418
FixedParameters: 0 0 0

#Transform 146
Transform: AffineTransform_float_3_3
Parameters: 0.999992 0.00390156 -0.000391578 -0.00389838 0.99996 0.0080376 0.000422667 -0.00803657 0.999968 0.0116544 -0.137929 -0.103324
FixedParameters: 0 0 0

#Transform 147
Transform: AffineTransform_float_3_3
Parameters: 0.99999 0.00447853 -8.05444e-05 -0.00447741 0.999954 0.00848861 0.000119265 -0.00848806 0.999964 0.0176497 -0.165274 -0.0530085
FixedParameters: 0 0 0

#Transform 148
Transform: AffineTransform_float_3_3
Parameters: 0.999991 0.00433267 -0.000425695 -0.00432945 0.999956 0.00828172 0.000461757 -0.00828021 0.999966 0.0170509 -0.0989789 -0.0745053
FixedParameters: 0 0 0

#Transform 149
Transform: AffineTransform_float_3_3
Parameters: 0.99999 0.00445894 -0.000129494 -0.00445798 0.999948 0.00919216 0.000170273 -0.00919131 0.999958 0.0201705 -0.134757 -0.0736265
FixedParameters: 0 0 0

#Transform 150
Transform: AffineTransform_float_3_3
Parameters: 0.99999 0.00449773 -3.46337e-05 -0.00449733 0.999954 0.00838636 7.27424e-05 -0.00838622 0.999965 0.00520723 -0.120499 -0.072039
FixedParameters: 0 0 0

#Transform 151
Transform: AffineTransform_float_3_3
Parameters: 0.99999 0.004463 -0.000364087 -0.00445839 0.999944 0.00959123 0.00040675 -0.00958975 0.999954 0.0314949 -0.168747 -0.0614848
FixedParameters: 0 0 0

#Transform 152
Transform: AffineTransform_float_3_3
Parameters: 0.999989 0.00472721 0.000181094 -0.00472894 0.999948 0.0090257 -0.000138261 -0.00902641 0.999959 -0.0137376 -0.138355 -0.0528119
FixedParameters: 0 0 0

#Transform 153
Transform: AffineTransform_float_3_3
Parameters: 0.999991 0.00445814 -0.000133191 -0.00445665 0.999943 0.00965032 0.0001768 -0.00964948 0.999953 0.0148471 -0.18052 -0.0582637
FixedParameters: 0 0 0

#Transform 154
Transform: AffineTransform_float_3_3
Parameters: 0.999988 0.0048481 -0.000498886 -0.00484377 0.999952 0.00853814 0.000540598 -0.00853573 0.999964 -0.0149428 -0.185712 -0.0429925
FixedParameters: 0 0 0

#Transform 155
Transform: AffineTransform_float_3_3
Parameters: 0.999989 0.00488078 -0.000424051 -0.0048768 0.999946 0.00918835 0.000469195 -0.00918607 0.999957 0.00343935 -0.176489 -0.0545467
FixedParameters: 0 0 0

#Transform 156
Transform: AffineTransform_float_3_3
Parameters: 0.999986 0.00545213 0.000112907 -0.00545285 0.999949 0.00854263 -6.65489e-05 -0.00854309 0.999963 -0.0299034 -0.174339 -0.0532081
FixedParameters: 0 0 0

#Transform 157
Transform: AffineTransform_float_3_3
Parameters: 0.999988 0.00492287 -0.000325595 -0.00491878 0.999941 0.00966053 0.000373274 -0.0096593 0.999953 -0.00786572 -0.18079 -0.0768211
FixedParameters: 0 0 0

#Transform 158
Transform: AffineTransform_float_3_3
Parameters: 0.999987 0.00515667 0.000233008 -0.00515878 0.999949 0.00865589 -0.000188632 -0.00865671 0.999962 -0.0440268 -0.170236 -0.0513294
FixedParameters: 0 0 0

#Transform 159
Transform: AffineTransform_float_3_3
Parameters: 0.999986 0.00530299 0.000579476 -0.00530811 0.999941 0.0094378 -0.000529279 -0.00944049 0.999955 -0.0507923 -0.116678 -0.123405
FixedParameters: 0 0 0

#Transform 160
Transform: AffineTransform_float_3_3
Parameters: 0.99999 0.0043388 -0.00114748 -0.00432413 0.999917 0.012154 0.00120036 -0.0121489 0.999925 0.0428793 -0.286905 -0.064117
FixedParameters: 0 0 0

#Transform 161
Transform: AffineTransform_float_3_3
Parameters: 0.999983 0.00557864 -0.00204665 -0.00556205 0.999953 0.00787204 0.00209089 -0.0078608 0.999967 0.0238358 -0.134117 -0.0908588
FixedParameters: 0 0 0

#Transform 162
Transform: AffineTransform_float_3_3
Parameters: 0.999989 0.00441148 -0.0010008 -0.00440349 0.999959 0.00789324 0.00103537 -0.00788866 0.999969 0.0448563 -0.114094 -0.1155
FixedParameters: 0 0 0

#Transform 163
Transform: AffineTransform_float_3_3
Parameters: 0.999989 0.00457912 -0.00134316 -0.00456583 0.99995 0.0088973 0.00138423 -0.00889082 0.99996 0.0645874 -0.154478 -0.123009
FixedParameters: 0 0 0

#Transform 164
Transform: AffineTransform_float_3_3
Parameters: 0.999986 0.00499774 -0.00130362 -0.00498594 0.99995 0.008707 0.00134705 -0.00870068 0.999961 0.0422753 -0.160703 -0.119562
FixedParameters: 0 0 0

#Transform 165
Transform: AffineTransform_float_3_3
Parameters: 0.999986 0.00524681 -0.000714169 -0.0052405 0.999944 0.00914371 0.000761386 -0.00913963 0.999958 0.0358563 -0.129647 -0.110176
FixedParameters: 0 0 0

#Transform 166
Transform: AffineTransform_float_3_3
Parameters: 0.999989 0.00461337 -0.000775927 -0.00460716 0.999956 0.00815652 0.000814379 -0.0081523 0.999966 0.0371457 -0.157317 -0.117176
FixedParameters: 0 0 0

#Transform 167
Transform: AffineTransform_float_3_3
Parameters: 0.999988 0.0048156 -0.00127578 -0.00480452 0.999953 0.00840008 0.00131616 -0.00839364 0.999964 0.0487484 -0.111908 -0.0997924
FixedParameters: 0 0 0

#Transform 168
Transform: AffineTransform_float_3_3
Parameters: 0.999987 0.00507057 -0.000678361 -0.00506355 0.999936 0.0101322 0.000729062 -0.0101288 0.999948 0.0367217 -0.18632 -0.0668791
FixedParameters: 0 0 0

#Transform 169
Transform: AffineTransform_float_3_3
Parameters: 0.999984 0.00545291 -0.000500229 -0.00544816 0.999943 0.00917328 0.00054938 -0.00916996 0.999958 0.00347947 -0.209441 -0.00166185
FixedParameters: 0 0 0

#Transform 170
Transform: AffineTransform_float_3_3
Parameters: 0.999986 0.00524414 -0.000742087 -0.00523712 0.999942 0.00936188 0.000791586 -0.0093575 0.999956 0.0216706 -0.119317 -0.0909391
FixedParameters: 0 0 0

#Transform 171
Transform: AffineTransform_float_3_3
Parameters: 0.999984 0.00565118 -0.000452306 -0.00564661 0.999941 0.00925936 0.000504693 -0.00925573 0.999957 -0.0057335 -0.158871 -0.0715688
FixedParameters: 0 0 0

#Transform 172
Transform: AffineTransform_float_3_3
Parameters: 0.999985 0.0054357 -0.000467035 -0.0054315 0.999942 0.00937329 0.000518104 -0.00937033 0.999956 -0.0219327 -0.145957 -0.0966546
FixedParameters: 0 0 0

#Transform 173
Transform: AffineTransform_float_3_3
Parameters: 0.999984 0.00570236 -0.000339571 -0.00569794 0.999936 0.00972166 0.000395305 -0.00972011 0.999953 -0.00156183 -0.15625 -0.0528728
FixedParameters: 0 0 0

#Transform 174
Transform: AffineTransform_float_3_3
Parameters: 0.999983 0.00576598 -0.000313311 -0.00576306 0.999949 0.00833535 0.000361964 -0.0083331 0.999965 -0.0267527 -0.174615 -0.0525623
FixedParameters: 0 0 0

#Transform 175
Transform: AffineTransform_float_3_3
Parameters: 0.999986 0.00528907 -0.00071763 -0.00528273 0.999948 0.00868787 0.000763817 -0.00868358 0.999962 -0.00448187 -0.123342 -0.0787681
FixedParameters: 0 0 0

#Transform 176
Transform: AffineTransform_float_3_3
Parameters: 0.999984 0.00565047 -0.000262923 -0.00564793 0.99995 0.00829163 0.000310095 -0.00829069 0.999965 -0.0294254 -0.143384 -0.0987958
FixedParameters: 0 0 0

#Transform 177
Transform: AffineTransform_float_3_3
Parameters: 0.999986 0.00519713 -0.000982149 -0.00518766 0.999944 0.00920306 0.00102994 -0.00919831 0.999957 0.0175496 -0.184332 -0.0772819
FixedParameters: 0 0 0

#Transform 178
Transform: AffineTransform_float_3_3
Parameters: 0.999984 0.00568574 -0.000356716 -0.005683 0.99995 0.00825399 0.000403514 -0.00825197 0.999966 -0.0241887 -0.159943 -0.115548
FixedParameters: 0 0 0

#Transform 179
Transform: AffineTransform_float_3_3
Parameters: 0.999984 0.00556157 -0.000633316 -0.00555535 0.999944 0.00898898 0.000682783 -0.00898545 0.99996 0.00077727 -0.153144 -0.136624
FixedParameters: 0 0 0

#Transform 180
Transform: AffineTransform_float_3_3
Parameters: 0.999985 0.00549105 -0.000439061 -0.00548771 0.999954 0.00795568 0.000482891 -0.00795346 0.999968 -0.00895796 -0.164229 -0.113834
FixedParameters: 0 0 0

#Transform 181
Transform: AffineTransform_float_3_3
Parameters: 0.999986 0.0051979 -0.000369692 -0.00519413 0.999949 0.00865747 0.000414621 -0.00865554 0.999962 -0.00567311 -0.137669 -0.0306033
FixedParameters: 0 0 0

#Transform 182
Transform: AffineTransform_float_3_3
Parameters: 0.999984 0.00568061 -0.000353168 -0.00567662 0.999943 0.00901186 0.000403771 -0.00900933 0.99996 -0.0113147 -0.173992 -0.0743273
FixedParameters: 0 0 0

#Transform 183
Transform: AffineTransform_float_3_3
Parameters: 0.999984 0.00558966 -0.0004876 -0.00558492 0.999934 0.0100617 0.00054403 -0.0100592 0.999949 0.0197217 -0.218158 -0.0810501
FixedParameters: 0 0 0

#Transform 184
Transform: AffineTransform_float_3_3
Parameters: 0.999984 0.00561557 -0.000455822 -0.00561128 0.999944 0.00894839 0.000506314 -0.00894608 0.99996 -0.000805547 -0.176973 -0.0876035
FixedParameters: 0 0 0

#Transform 185
Transform: AffineTransform_float_3_3
Parameters: 0.999984 0.00560867 -0.000474023 -0.00560416 0.99994 0.00949888 0.000527504 -0.00949579 0.999955 0.0178219 -0.164302 -0.0989955
FixedParameters: 0 0 0

#Transform 186
Transform: AffineTransform_float_3_3
Parameters: 0.999984 0.00561041 -0.000469507 -0.00560598 0.99994 0.00936233 0.000521429 -0.00935857 0.999956 0.0196428 -0.211103 -0.0769758
FixedParameters: 0 0 0

#Transform 187
Transform: AffineTransform_float_3_3
Parameters: 0.999981 0.00619384 -0.000466608 -0.00618932 0.999939 0.00905549 0.000523267 -0.00905207 0.999959 -0.00819366 -0.130962 -0.0847201
