# transform file /out/sourcedata/freesurfer/sub-v1s4x0050705_ses-1/mri/transforms/cc_up.lta
# created by oesteban on Tue Mar 10 04:28:55 2026

type      = 0 # LINEAR_VOX_TO_VOX
nxforms   = 1
mean      = 127.0000 113.0000 116.0000
sigma     = 10000.0000
1 4 4
9.973942637443542e-01 4.709151759743690e-02 -5.465443804860115e-02 2.672481536865234e+00 
-4.702097550034523e-02 9.988905787467957e-01 2.576619153842330e-03 3.780179977416992e+01 
5.471513792872429e-02 -2.328306436538696e-10 9.985020756721497e-01 1.921974945068359e+01 
0.000000000000000e+00 0.000000000000000e+00 0.000000000000000e+00 1.000000000000000e+00 
src volume info
valid = 1  # volume info valid
filename = /out/sourcedata/freesurfer/sub-v1s4x0050705_ses-1/mri/norm.mgz
volume = 256 256 256
voxelsize = 1.000000000000000e+00 1.000000000000000e+00 1.000000000000000e+00
xras   = -1.000000119209290e+00 1.629814505577087e-09 0.000000000000000e+00
yras   = 3.725290298461914e-09 -1.862645149230957e-09 -1.000000000000000e+00
zras   = 2.124579623341560e-09 1.000000238418579e+00 1.862645149230957e-09
cras   = -3.098297119140625e-01 1.331131744384766e+01 1.010845184326172e+01
dst volume info
valid = 1  # volume info valid
filename = /out/sourcedata/freesurfer/sub-v1s4x0050705_ses-1/mri/norm.mgz
volume = 256 256 256
voxelsize = 1.000000000000000e+00 1.000000000000000e+00 1.000000000000000e+00
xras   = -1.000000119209290e+00 1.629814505577087e-09 0.000000000000000e+00
yras   = 3.725290298461914e-09 -1.862645149230957e-09 -1.000000000000000e+00
zras   = 2.124579623341560e-09 1.000000238418579e+00 1.862645149230957e-09
cras   = -3.098297119140625e-01 1.331131744384766e+01 1.010845184326172e+01
