# transform file transforms/talairach.lta
# created by oesteban on Tue Mar 10 03:11:48 2026

type      = 0 # LINEAR_VOX_TO_VOX
nxforms   = 1
mean      = 126.0000 114.0000 116.0000
sigma     = 10000.0000
1 4 4
1.049389481544495e+00 8.004143089056015e-02 -3.776476159691811e-02 -1.130942916870117e+01 
-7.625167816877365e-02 1.205541014671326e+00 1.257357895374298e-01 -1.344325542449951e+01 
5.054120346903801e-02 -1.306923329830170e-01 9.877005815505981e-01 3.736075162887573e+00 
0.000000000000000e+00 0.000000000000000e+00 0.000000000000000e+00 1.000000000000000e+00 
src volume info
valid = 1  # volume info valid
filename = nu.mgz
volume = 256 256 256
voxelsize = 1.000000000000000e+00 1.000000000000000e+00 1.000000000000000e+00
xras   = -1.000000119209290e+00 1.629814505577087e-09 0.000000000000000e+00
yras   = 3.725290298461914e-09 -1.862645149230957e-09 -1.000000000000000e+00
zras   = 2.124579623341560e-09 1.000000238418579e+00 1.862645149230957e-09
cras   = -3.098297119140625e-01 1.331131744384766e+01 1.010845184326172e+01
dst volume info
valid = 1  # volume info valid
filename = /opt/freesurfer/average/RB_all_2020-01-02.gca
volume = 256 256 256
voxelsize = 1.000000000000000e+00 1.000000000000000e+00 1.000000000000000e+00
xras   = -1.000000000000000e+00 0.000000000000000e+00 0.000000000000000e+00
yras   = 0.000000000000000e+00 0.000000000000000e+00 -1.000000000000000e+00
zras   = 0.000000000000000e+00 1.000000000000000e+00 0.000000000000000e+00
cras   = 0.000000000000000e+00 0.000000000000000e+00 0.000000000000000e+00
