type      = 0 # LINEAR_VOX_TO_VOX
nxforms   = 1
mean      = 0.0000 0.0000 0.0000
sigma     = 1.0000
1 4 4
1.067506074905396e+00 2.392499707639217e-02 -5.339201539754868e-02 -4.294494628906250e+00 
-5.840200930833817e-02 1.152078986167908e+00 1.338390260934830e-01 -1.057543945312500e+01 
5.545200780034065e-02 -2.060299962759018e-01 1.056412220001221e+00 2.090805053710938e+00 
0.000000000000000e+00 0.000000000000000e+00 0.000000000000000e+00 1.000000000000000e+00 
src volume info
valid = 1  # volume info valid
filename = /out/sourcedata/freesurfer/sub-v1s4x0050705_ses-1/mri/orig.mgz
volume = 256 256 256
voxelsize = 1.000000000000000e+00 1.000000000000000e+00 1.000000000000000e+00
xras   = -1.000000119209290e+00 1.629814505577087e-09 0.000000000000000e+00
yras   = 3.725290298461914e-09 -1.862645149230957e-09 -1.000000000000000e+00
zras   = 2.124579623341560e-09 1.000000238418579e+00 1.862645149230957e-09
cras   = -3.098297119140625e-01 1.331131744384766e+01 1.010845184326172e+01
dst volume info
valid = 1  # volume info valid
filename = /opt/freesurfer/average/mni305.cor.mgz
volume = 256 256 256
voxelsize = 1.000000000000000e+00 1.000000000000000e+00 1.000000000000000e+00
xras   = -1.000000000000000e+00 0.000000000000000e+00 0.000000000000000e+00
yras   = 0.000000000000000e+00 0.000000000000000e+00 -1.000000000000000e+00
zras   = 0.000000000000000e+00 1.000000000000000e+00 0.000000000000000e+00
cras   = 0.000000000000000e+00 0.000000000000000e+00 0.000000000000000e+00
subject fsaverage
fscale 0.100000
