type      = 1 # LINEAR_RAS_TO_RAS
nxforms   = 1
mean      = 0.0000 0.0000 0.0000
sigma     = 1.0000
1 4 4
1.067505955696106e+00 5.339200049638748e-02 2.392500080168247e-02 -1.196320056915283e+00 
-5.545200034976006e-02 1.056411981582642e+00 2.060299962759018e-01 -2.612446594238281e+01 
-5.840200185775757e-02 -1.338389962911606e-01 1.152078986167908e+00 -2.842886352539062e+01 
0.000000000000000e+00 0.000000000000000e+00 0.000000000000000e+00 1.000000000000000e+00 
src volume info
valid = 1  # volume info valid
filename = /out/sourcedata/freesurfer/sub-v1s4x0050705_ses-1/mri/orig_nu.mgz
volume = 256 256 256
voxelsize = 1.000000000000000e+00 1.000000000000000e+00 1.000000000000000e+00
xras   = -1.000000119209290e+00 1.629814505577087e-09 0.000000000000000e+00
yras   = 3.725290298461914e-09 -1.862645149230957e-09 -1.000000000000000e+00
zras   = 2.124579623341560e-09 1.000000238418579e+00 1.862645149230957e-09
cras   = -3.098297119140625e-01 1.331131744384766e+01 1.010845184326172e+01
dst volume info
valid = 1  # volume info valid
filename = /opt/freesurfer/average/mni305.cor.mgz
volume = 256 256 256
voxelsize = 1.000000000000000e+00 1.000000000000000e+00 1.000000000000000e+00
xras   = -1.000000000000000e+00 0.000000000000000e+00 0.000000000000000e+00
yras   = 0.000000000000000e+00 0.000000000000000e+00 -1.000000000000000e+00
zras   = 0.000000000000000e+00 1.000000000000000e+00 0.000000000000000e+00
cras   = 0.000000000000000e+00 0.000000000000000e+00 0.000000000000000e+00
subject fsaverage
fscale 0.100000
