# transform file /out/sourcedata/freesurfer/sub-v1s4x0050690_ses-1/mri/transforms/cc_up.lta
# created by oesteban on Tue Mar 10 03:57:02 2026

type      = 0 # LINEAR_VOX_TO_VOX
nxforms   = 1
mean      = 127.0000 112.0000 121.0000
sigma     = 10000.0000
1 4 4
9.978325963020325e-01 -5.925584957003593e-02 2.861650474369526e-02 4.345865726470947e+00 
5.923149362206459e-02 9.982428550720215e-01 1.698679989203811e-03 2.949969291687012e+01 
-2.866687811911106e-02 1.164153218269348e-10 9.995890855789185e-01 1.565970611572266e+01 
0.000000000000000e+00 0.000000000000000e+00 0.000000000000000e+00 1.000000000000000e+00 
src volume info
valid = 1  # volume info valid
filename = /out/sourcedata/freesurfer/sub-v1s4x0050690_ses-1/mri/norm.mgz
volume = 256 256 256
voxelsize = 1.000000000000000e+00 1.000000000000000e+00 1.000000000000000e+00
xras   = -1.000000000000000e+00 -1.164153218269348e-10 0.000000000000000e+00
yras   = 0.000000000000000e+00 0.000000000000000e+00 -1.000000119209290e+00
zras   = 1.164153218269348e-10 1.000000000000000e+00 3.725290298461914e-09
cras   = 2.764450073242188e+00 1.611427307128906e+01 2.565856933593750e+01
dst volume info
valid = 1  # volume info valid
filename = /out/sourcedata/freesurfer/sub-v1s4x0050690_ses-1/mri/norm.mgz
volume = 256 256 256
voxelsize = 1.000000000000000e+00 1.000000000000000e+00 1.000000000000000e+00
xras   = -1.000000000000000e+00 -1.164153218269348e-10 0.000000000000000e+00
yras   = 0.000000000000000e+00 0.000000000000000e+00 -1.000000119209290e+00
zras   = 1.164153218269348e-10 1.000000000000000e+00 3.725290298461914e-09
cras   = 2.764450073242188e+00 1.611427307128906e+01 2.565856933593750e+01
