# transform file transforms/talairach.lta
# created by oesteban on Tue Mar 10 02:32:52 2026

type      = 0 # LINEAR_VOX_TO_VOX
nxforms   = 1
mean      = 128.0000 112.0000 121.0000
sigma     = 10000.0000
1 4 4
1.055049538612366e+00 -4.961495846509933e-02 1.493705064058304e-02 -3.261781930923462e+00 
4.031583666801453e-02 1.186052083969116e+00 -1.053456217050552e-04 -1.248830413818359e+01 
-1.650382578372955e-02 2.335368469357491e-02 1.043614745140076e+00 -1.648413848876953e+01 
0.000000000000000e+00 0.000000000000000e+00 0.000000000000000e+00 1.000000000000000e+00 
src volume info
valid = 1  # volume info valid
filename = nu.mgz
volume = 256 256 256
voxelsize = 1.000000000000000e+00 1.000000000000000e+00 1.000000000000000e+00
xras   = -1.000000000000000e+00 -1.164153218269348e-10 0.000000000000000e+00
yras   = 0.000000000000000e+00 0.000000000000000e+00 -1.000000119209290e+00
zras   = 1.164153218269348e-10 1.000000000000000e+00 3.725290298461914e-09
cras   = 2.764450073242188e+00 1.611427307128906e+01 2.565856933593750e+01
dst volume info
valid = 1  # volume info valid
filename = /opt/freesurfer/average/RB_all_2020-01-02.gca
volume = 256 256 256
voxelsize = 1.000000000000000e+00 1.000000000000000e+00 1.000000000000000e+00
xras   = -1.000000000000000e+00 0.000000000000000e+00 0.000000000000000e+00
yras   = 0.000000000000000e+00 0.000000000000000e+00 -1.000000000000000e+00
zras   = 0.000000000000000e+00 1.000000000000000e+00 0.000000000000000e+00
cras   = 0.000000000000000e+00 0.000000000000000e+00 0.000000000000000e+00
