#Insight Transform File V1.0
#Transform 0
Transform: AffineTransform_float_3_3
Parameters: 0.999996 -0.00220318 0.00168747 0.00219745 0.999992 0.00336317 -0.00169469 -0.00335908 0.999993 0.0301734 -0.0375579 -0.016795
FixedParameters: 0 0 0

#Transform 1
Transform: AffineTransform_float_3_3
Parameters: 0.999996 -0.00188084 0.00199877 0.00187481 0.999992 0.00331262 -0.00200523 -0.00330924 0.999993 -0.00190909 -0.046078 -0.0645262
FixedParameters: 0 0 0

#Transform 2
Transform: AffineTransform_float_3_3
Parameters: 0.999996 -0.00187726 0.00200362 0.00187145 0.999993 0.00324989 -0.00200982 -0.00324651 0.999993 0.00473684 -0.0604642 -0.0874415
FixedParameters: 0 0 0

#Transform 3
Transform: AffineTransform_float_3_3
Parameters: 0.999997 -0.00180749 0.00200254 0.00180169 0.999994 0.00295705 -0.00200793 -0.00295327 0.999993 0.00103253 -0.0356736 -0.00875625
FixedParameters: 0 0 0

#Transform 4
Transform: AffineTransform_float_3_3
Parameters: 0.999998 -0.00142016 0.00177272 0.00141434 0.999993 0.0035168 -0.00177756 -0.00351453 0.999993 -0.00943841 -0.0968181 -0.0387054
FixedParameters: 0 0 0

#Transform 5
Transform: AffineTransform_float_3_3
Parameters: 0.999998 -0.00141325 0.00151108 0.00140869 0.999994 0.00302287 -0.00151478 -0.0030206 0.999994 0.0235173 0.00568942 -0.0165264
FixedParameters: 0 0 0

#Transform 6
Transform: AffineTransform_float_3_3
Parameters: 0.999999 -0.00103254 0.00143767 0.00102814 0.999994 0.00329815 -0.00144091 -0.00329656 0.999994 0.0269534 -0.0594082 -0.00200713
FixedParameters: 0 0 0

#Transform 7
Transform: AffineTransform_float_3_3
Parameters: 0.999999 -0.000784413 0.00148932 0.000779343 0.999994 0.00352027 -0.00149247 -0.00351943 0.999993 0.0147055 -0.0777828 0.0163227
FixedParameters: 0 0 0

#Transform 8
Transform: AffineTransform_float_3_3
Parameters: 0.999998 -0.00133854 0.00126163 0.00133443 0.999994 0.00321231 -0.00126623 -0.00321172 0.999994 0.0281268 -0.0596751 0.0673997
FixedParameters: 0 0 0

#Transform 9
Transform: AffineTransform_float_3_3
Parameters: 0.999999 -0.00114037 0.000675766 0.00113851 0.999994 0.00336042 -0.000680051 -0.00335881 0.999994 0.0442568 -0.089545 0.0177663
FixedParameters: 0 0 0

#Transform 10
Transform: AffineTransform_float_3_3
Parameters: 0.999999 -0.000959527 9.13978e-05 0.000959459 0.999996 0.00239366 -9.38491e-05 -0.00239336 0.999997 0.0470668 0.00912611 0.0290775
FixedParameters: 0 0 0

#Transform 11
Transform: AffineTransform_float_3_3
Parameters: 0.999999 -0.00103453 -0.000429296 0.00103519 0.999998 0.00150814 0.000427591 -0.00150889 0.999998 0.0560807 -0.0264621 0.0312121
FixedParameters: 0 0 0

#Transform 12
Transform: AffineTransform_float_3_3
Parameters: 0.999999 -0.000961779 6.20338e-05 0.000962048 0.999998 0.00187686 -6.37021e-05 -0.00187597 0.999998 0.0399707 -0.0455869 0.0237778
FixedParameters: 0 0 0

#Transform 13
Transform: AffineTransform_float_3_3
Parameters: 0.999999 -0.000964786 5.23577e-05 0.000964706 0.999998 0.00181186 -5.47275e-05 -0.00181169 0.999999 0.0303934 0.0291436 0.0173722
FixedParameters: 0 0 0

#Transform 14
Transform: AffineTransform_float_3_3
Parameters: 1 -1.49473e-06 9.33835e-05 1.12833e-06 1 0.00116396 -9.3277e-05 -0.00116395 1 -0.00291942 -0.0210512 -0.0402697
FixedParameters: 0 0 0

#Transform 15
Transform: AffineTransform_float_3_3
Parameters: 1 0.000232039 0.000158159 -0.000232227 1 0.000591121 -0.000157885 -0.000591194 1 -0.0202687 0.0470364 -0.0719967
FixedParameters: 0 0 0

#Transform 16
Transform: AffineTransform_float_3_3
Parameters: 1 0.000366892 0.000484277 -0.000367247 1 0.00113915 -0.000483732 -0.00113957 0.999999 -0.040462 0.0344197 -0.0441001
FixedParameters: 0 0 0

#Transform 17
Transform: AffineTransform_float_3_3
Parameters: 1 -0.000237336 0.000157038 0.000236689 0.999998 0.00158263 -0.000157678 -0.00158255 0.999998 -0.0159583 -0.00914105 0.0270989
FixedParameters: 0 0 0

#Transform 18
Transform: AffineTransform_float_3_3
Parameters: 1 -0.000170738 0.000310206 0.000170606 0.999999 0.000876683 -0.000309598 -0.000876531 0.999999 -0.0140372 0.0369123 0.00284723
FixedParameters: 0 0 0

#Transform 19
Transform: AffineTransform_float_3_3
Parameters: 1 -0.000328023 0.000393366 0.000327844 0.999999 0.000750798 -0.000392952 -0.000750494 0.999999 -0.00851312 0.0264861 0.0195129
FixedParameters: 0 0 0

#Transform 20
Transform: AffineTransform_float_3_3
Parameters: 1 -5.7101e-05 3.70484e-05 5.70923e-05 1 0.000117143 -3.70617e-05 -0.000117138 1 0.00648858 -0.0181489 -0.0247842
FixedParameters: 0 0 0

#Transform 21
Transform: AffineTransform_float_3_3
Parameters: 1 0.0002246 0.000148077 -0.000224815 0.999999 0.000725541 -0.000147751 -0.000725606 0.999999 -0.0157734 -0.018273 0.0327899
FixedParameters: 0 0 0

#Transform 22
Transform: AffineTransform_float_3_3
Parameters: 1 -0.000102643 0.000312007 0.000102709 1 0.000554136 -0.000311215 -0.000554025 1 -0.0242292 0.0883545 -0.0167538
FixedParameters: 0 0 0

#Transform 23
Transform: AffineTransform_float_3_3
Parameters: 1 -1.36955e-05 0.000433602 1.30883e-05 1 0.000699763 -0.000433621 -0.00069975 0.999999 -0.0179703 -0.0332284 0.00672363
FixedParameters: 0 0 0

#Transform 24
Transform: AffineTransform_float_3_3
Parameters: 1 -0.000202541 0.000324731 0.000203282 0.999999 0.000873976 -0.000324581 -0.000873878 0.999999 -0.0108395 0.0958193 0.0172274
FixedParameters: 0 0 0

#Transform 25
Transform: AffineTransform_float_3_3
Parameters: 1 0.000475492 2.71986e-05 -0.000475536 0.999999 0.000809653 -2.64289e-05 -0.000809677 0.999999 -0.00647425 -0.00852852 0.0134232
FixedParameters: 0 0 0

#Transform 26
Transform: AffineTransform_float_3_3
Parameters: 1 0.000468265 1.75565e-05 -0.000468462 1 0.000938726 -1.6603e-05 -0.000939481 0.999999 -0.0172023 0.0156483 0.0110222
FixedParameters: 0 0 0

#Transform 27
Transform: AffineTransform_float_3_3
Parameters: 1 0.000278618 9.30331e-05 -0.000278959 1 0.00103473 -9.23468e-05 -0.00103477 1 0.00298469 0.0408537 0.0170997
FixedParameters: 0 0 0

#Transform 28
Transform: AffineTransform_float_3_3
Parameters: 1 0.000245073 0.000194799 -0.000245166 1 0.00110276 -0.000195457 -0.00110297 1 0.000177947 0.0253835 0.0204521
FixedParameters: 0 0 0

#Transform 29
Transform: AffineTransform_float_3_3
Parameters: 1 0.000464262 1.21384e-05 -0.000464435 1 0.00101179 -1.10896e-05 -0.00101179 1 -0.00840901 -0.0252127 0.0313555
FixedParameters: 0 0 0

#Transform 30
Transform: AffineTransform_float_3_3
Parameters: 1 0.000450502 -3.05603e-05 -0.000450456 0.999999 0.000761774 3.12462e-05 -0.000761745 0.999999 -0.00682307 0.00858417 0.0184869
FixedParameters: 0 0 0

#Transform 31
Transform: AffineTransform_float_3_3
Parameters: 1 0.000478094 3.06894e-05 -0.00047816 1 0.000762687 -3.00515e-05 -0.000762055 0.999999 -0.0067739 0.00737025 0.0152351
FixedParameters: 0 0 0

#Transform 32
Transform: AffineTransform_float_3_3
Parameters: 0.999999 0.000742271 1.80382e-05 -0.00074185 0.999999 -0.000303151 -1.75825e-05 0.000303169 1 -0.0185123 0.0423331 -0.0417047
FixedParameters: 0 0 0

#Transform 33
Transform: AffineTransform_float_3_3
Parameters: 1 0.000973105 -0.000202094 -0.000972767 0.999999 0.000871918 0.000203755 -0.000872272 0.999999 6.3177e-05 -0.0368082 0.0457498
FixedParameters: 0 0 0

#Transform 34
Transform: AffineTransform_float_3_3
Parameters: 1 0.000537383 -8.43278e-05 -0.000537794 1 0.000999429 8.4514e-05 -0.000998714 1 -0.0106068 0.0593761 -0.00194525
FixedParameters: 0 0 0

#Transform 35
Transform: AffineTransform_float_3_3
Parameters: 0.999999 0.00084549 0.000247571 -0.000845219 0.999999 0.000964918 -0.000246232 -0.000965406 1 -0.0255601 -0.0288459 0.022436
FixedParameters: 0 0 0

#Transform 36
Transform: AffineTransform_float_3_3
Parameters: 1 0.000674659 -2.88606e-05 -0.000674632 0.999999 0.000474999 2.95009e-05 -0.000474959 1 -0.0156613 0.0648886 0.0195329
FixedParameters: 0 0 0

#Transform 37
Transform: AffineTransform_float_3_3
Parameters: 0.999999 0.000685443 0.000225295 -0.000685999 1 0.000903296 -0.000223947 -0.000903595 1 -0.0219337 -0.0117437 0.0337506
FixedParameters: 0 0 0

#Transform 38
Transform: AffineTransform_float_3_3
Parameters: 1 0.000582534 -1.21009e-05 -0.000582517 0.999999 0.000722236 1.29418e-05 -0.00072222 0.999999 -0.0255385 0.0556727 -0.0125769
FixedParameters: 0 0 0

#Transform 39
Transform: AffineTransform_float_3_3
Parameters: 1 0.000220757 0.000175786 -0.00022092 1 0.000465276 -0.000175581 -0.000465353 1 0.0193348 0.000287274 -0.0227358
FixedParameters: 0 0 0

#Transform 40
Transform: AffineTransform_float_3_3
Parameters: 1 0.00033495 0.000134639 -0.000335048 1 0.000364029 -0.000134395 -0.000364118 1 -0.0046146 0.103204 0.00747567
FixedParameters: 0 0 0

#Transform 41
Transform: AffineTransform_float_3_3
Parameters: 1 0.000559465 0.000127417 -0.000558928 1 -0.00057642 -0.000127247 0.000576982 0.999999 0.0111772 0.0763121 0.104858
FixedParameters: 0 0 0

#Transform 42
Transform: AffineTransform_float_3_3
Parameters: 1 0.000408496 3.77992e-05 -0.000408482 1 -0.000188526 -3.79534e-05 0.000188494 1 0.0058278 0.00197593 0.0664313
FixedParameters: 0 0 0

#Transform 43
Transform: AffineTransform_float_3_3
Parameters: 1 0.000146289 0.00025919 -0.000146272 1 -3.47344e-05 -0.0002592 3.46585e-05 1 0.00990817 0.00691549 0.0467835
FixedParameters: 0 0 0

#Transform 44
Transform: AffineTransform_float_3_3
Parameters: 1 0.00011788 6.37245e-05 -0.000117851 0.999999 -0.00139879 -6.39447e-05 0.00139878 0.999999 0.0267357 0.102928 0.0327687
FixedParameters: 0 0 0

#Transform 45
Transform: AffineTransform_float_3_3
Parameters: 1 0.000184455 0.000338723 -0.000183908 1 0.000517638 -0.000338933 -0.000517843 1 0.0094945 -0.0855873 0.0517751
FixedParameters: 0 0 0

#Transform 46
Transform: AffineTransform_float_3_3
Parameters: 1 0.00052584 0.000234606 -0.000524874 0.999999 -0.0015001 -0.000235167 0.0014999 0.999999 0.0144296 0.122233 0.0226391
FixedParameters: 0 0 0

#Transform 47
Transform: AffineTransform_float_3_3
Parameters: 1 0.000425908 9.98763e-05 -0.000425071 1 0.000303117 -0.00010002 -0.000303282 1 0.0288959 -0.0559911 0.120266
FixedParameters: 0 0 0

#Transform 48
Transform: AffineTransform_float_3_3
Parameters: 1 8.20304e-05 -0.000307219 -8.24192e-05 1 -0.00063319 0.000307115 0.00063324 1 0.0361453 0.184096 0.082387
FixedParameters: 0 0 0

#Transform 49
Transform: AffineTransform_float_3_3
Parameters: 1 0.000133485 -0.000526731 -0.00013267 0.999999 0.000773288 0.000526936 -0.000773146 0.999999 0.05236 -0.0168705 0.0410487
FixedParameters: 0 0 0

#Transform 50
Transform: AffineTransform_float_3_3
Parameters: 1 0.000329303 -0.000417635 -0.000329622 1 0.000110475 0.0004168 -0.000110246 1 0.0355988 -0.00361754 0.122037
FixedParameters: 0 0 0

#Transform 51
Transform: AffineTransform_float_3_3
Parameters: 1 0.000162092 -0.00067262 -0.000162689 0.999999 -0.000764462 0.000673368 0.000764065 0.999999 0.0581284 0.0450191 0.0986472
FixedParameters: 0 0 0

#Transform 52
Transform: AffineTransform_float_3_3
Parameters: 0.999999 0.000202919 -0.000883704 -0.000203036 1 -7.7992e-05 0.000883762 7.76908e-05 1 0.0669556 0.005294 0.132455
FixedParameters: 0 0 0

#Transform 53
Transform: AffineTransform_float_3_3
Parameters: 1 0.000384884 -0.00101865 -0.000386525 1 -0.001007 0.00101878 0.00100783 0.999999 0.0804304 0.111466 0.115851
FixedParameters: 0 0 0

#Transform 54
Transform: AffineTransform_float_3_3
Parameters: 0.999999 0.000335442 -0.00086621 -0.000335597 0.999999 -0.000853448 0.000866176 0.000854743 0.999999 0.0867941 0.00668268 0.146129
FixedParameters: 0 0 0

#Transform 55
Transform: AffineTransform_float_3_3
Parameters: 0.999999 0.000203822 -0.000869145 -0.000204219 1 -0.000228664 0.000869051 0.000229018 0.999999 0.0730655 0.0629704 0.105435
FixedParameters: 0 0 0

#Transform 56
Transform: AffineTransform_float_3_3
Parameters: 1 0.000655755 -0.000253883 -0.000655467 0.999999 0.000565638 0.000254624 -0.000565304 1 0.0327233 -0.0364721 0.0256462
FixedParameters: 0 0 0

#Transform 57
Transform: AffineTransform_float_3_3
Parameters: 0.999999 0.000561915 -0.000719508 -0.000561759 0.999999 -0.000529693 0.000718601 0.000529759 1 0.0481754 0.0548844 0.119988
FixedParameters: 0 0 0

#Transform 58
Transform: AffineTransform_float_3_3
Parameters: 0.999999 0.00065876 -0.000490361 -0.000658711 1 5.10586e-05 0.000490427 -5.04124e-05 1 0.0529376 -0.0140602 0.141499
FixedParameters: 0 0 0

#Transform 59
Transform: AffineTransform_float_3_3
Parameters: 0.999999 0.000492597 -0.000807426 -0.000493199 1 -0.000372545 0.000807057 0.00037334 0.999999 0.0742291 0.0748964 0.105737
FixedParameters: 0 0 0

#Transform 60
Transform: AffineTransform_float_3_3
Parameters: 1 0.000587006 -0.000854154 -0.000586502 0.999999 -0.000329449 0.000853346 0.000329702 1 0.0440518 0.0360079 0.112698
FixedParameters: 0 0 0

#Transform 61
Transform: AffineTransform_float_3_3
Parameters: 1 0.000626324 -0.000800215 -0.0006267 1 -0.0010525 0.0007994 0.00105346 0.999999 0.0500606 0.10687 0.109539
FixedParameters: 0 0 0

#Transform 62
Transform: AffineTransform_float_3_3
Parameters: 0.999999 0.000618266 -0.000767597 -0.000618199 1 4.41942e-05 0.00076765 -4.32449e-05 0.999999 0.0578438 -0.0398416 0.146949
FixedParameters: 0 0 0

#Transform 63
Transform: AffineTransform_float_3_3
Parameters: 1 0.000491809 -0.00108601 -0.000492222 1 -0.000802028 0.00108581 0.000802401 1 0.0781869 0.116977 0.122136
FixedParameters: 0 0 0

#Transform 64
Transform: AffineTransform_float_3_3
Parameters: 1 0.000555454 -0.000899592 -0.000554936 1 0.00020556 0.000899709 -0.000204569 0.999999 0.0627724 -0.053779 0.117705
FixedParameters: 0 0 0

#Transform 65
Transform: AffineTransform_float_3_3
Parameters: 0.999999 0.00052287 -0.00103985 -0.000523362 0.999999 -0.00129817 0.00103859 0.00129914 0.999998 0.0778118 0.14526 0.0882639
FixedParameters: 0 0 0

#Transform 66
Transform: AffineTransform_float_3_3
Parameters: 0.999999 0.000356087 -0.00140747 -0.000357481 0.999999 -0.00128668 0.00140675 0.00128691 0.999998 0.101361 0.0577412 0.148797
FixedParameters: 0 0 0

#Transform 67
Transform: AffineTransform_float_3_3
Parameters: 0.999999 0.00046621 -0.00114058 -0.000466609 1 -0.000757335 0.00114047 0.000757703 0.999999 0.0951157 0.118226 0.0984475
FixedParameters: 0 0 0

#Transform 68
Transform: AffineTransform_float_3_3
Parameters: 0.999999 0.000481076 -0.0010975 -0.000480754 0.999999 -0.000526323 0.00109748 0.000526675 0.999999 0.0890022 0.0370419 0.14174
FixedParameters: 0 0 0

#Transform 69
Transform: AffineTransform_float_3_3
Parameters: 0.999999 0.000344012 -0.0014351 -0.000345524 0.999999 -0.00130814 0.00143442 0.00130911 0.999998 0.102816 0.10588 0.165229
FixedParameters: 0 0 0

#Transform 70
Transform: AffineTransform_float_3_3
Parameters: 0.999999 0.000361745 -0.00138465 -0.000362436 1 -0.00105368 0.00138408 0.00105391 0.999998 0.104824 0.0639075 0.202187
FixedParameters: 0 0 0

#Transform 71
Transform: AffineTransform_float_3_3
Parameters: 0.999999 0.000470629 -0.00111194 -0.000469913 1 -0.000333335 0.00111202 0.000334337 0.999999 0.0865663 0.0648576 0.135216
FixedParameters: 0 0 0

#Transform 72
Transform: AffineTransform_float_3_3
Parameters: 0.999999 0.000453171 -0.00113605 -0.000453047 1 -1.06715e-05 0.00113593 1.16928e-05 0.999999 0.0895963 0.0253036 0.136579
FixedParameters: 0 0 0

#Transform 73
Transform: AffineTransform_float_3_3
Parameters: 0.999998 0.000670174 -0.00196384 -0.000669189 1 0.000307766 0.00196341 -0.000306509 0.999998 0.119111 0.0154224 0.15785
FixedParameters: 0 0 0

#Transform 74
Transform: AffineTransform_float_3_3
Parameters: 0.999998 0.000428601 -0.00184413 -0.000429618 1 -0.000676461 0.00184403 0.000677339 0.999997 0.122804 0.0161164 0.159956
FixedParameters: 0 0 0

#Transform 75
Transform: AffineTransform_float_3_3
Parameters: 0.999999 0.000595126 -0.00162972 -0.000596261 0.999999 -0.00080745 0.00162933 0.000808027 0.999998 0.105106 0.00890223 0.23795
FixedParameters: 0 0 0

#Transform 76
Transform: AffineTransform_float_3_3
Parameters: 0.999997 0.000419669 -0.00204093 -0.000421468 0.999999 -0.00135202 0.00204051 0.00135301 0.999997 0.117534 0.184156 0.150963
FixedParameters: 0 0 0

#Transform 77
Transform: AffineTransform_float_3_3
Parameters: 0.999999 0.000549012 -0.00169391 -0.000548644 1 5.28455e-05 0.00169403 -5.23139e-05 0.999999 0.114169 0.0140237 0.177466
FixedParameters: 0 0 0

#Transform 78
Transform: AffineTransform_float_3_3
Parameters: 0.999999 0.000567356 -0.00166834 -0.000566825 1 -0.000289724 0.00166858 0.000290253 0.999999 0.108634 0.0831162 0.170421
FixedParameters: 0 0 0

#Transform 79
Transform: AffineTransform_float_3_3
Parameters: 0.999999 0.000690008 -0.00172778 -0.000690259 1 -0.000245945 0.00172841 0.000247048 0.999999 0.0990462 0.0187014 0.191474
FixedParameters: 0 0 0

#Transform 80
Transform: AffineTransform_float_3_3
Parameters: 0.999998 0.000994064 -0.00175492 -0.000997081 0.999999 -0.00136039 0.00175379 0.00136257 0.999998 0.107669 0.125639 0.147325
FixedParameters: 0 0 0

#Transform 81
Transform: AffineTransform_float_3_3
Parameters: 0.999998 0.00084281 -0.00206175 -0.000844147 0.999999 -0.000727881 0.00206108 0.000729326 0.999997 0.127481 0.0463729 0.18947
FixedParameters: 0 0 0

#Transform 82
Transform: AffineTransform_float_3_3
Parameters: 0.999998 0.000472604 -0.00218477 -0.000473488 1 -0.000582363 0.00218472 0.000583808 0.999997 0.145088 0.0623084 0.163698
FixedParameters: 0 0 0

#Transform 83
Transform: AffineTransform_float_3_3
Parameters: 0.999998 0.000575006 -0.00219651 -0.000576516 0.999999 -0.000930706 0.00219563 0.000931872 0.999997 0.130758 0.0520329 0.173078
FixedParameters: 0 0 0

#Transform 84
Transform: AffineTransform_float_3_3
Parameters: 0.999998 0.000690589 -0.00195585 -0.000692977 0.999998 -0.00110695 0.00195593 0.00110842 0.999998 0.129325 0.0475266 0.185295
FixedParameters: 0 0 0

#Transform 85
Transform: AffineTransform_float_3_3
Parameters: 0.999996 0.000516926 -0.00248018 -0.000521146 0.999999 -0.0013408 0.00247908 0.00134202 0.999996 0.145796 0.103267 0.151912
FixedParameters: 0 0 0

#Transform 86
Transform: AffineTransform_float_3_3
Parameters: 0.999998 0.000614715 -0.00223548 -0.000616237 0.999999 -0.000716383 0.00223519 0.000717853 0.999997 0.137162 0.0569457 0.168406
FixedParameters: 0 0 0

#Transform 87
Transform: AffineTransform_float_3_3
Parameters: 0.999997 0.000474705 -0.00252039 -0.000480506 0.999997 -0.00215923 0.00251976 0.0021603 0.999995 0.163297 0.158862 0.132745
FixedParameters: 0 0 0

#Transform 88
Transform: AffineTransform_float_3_3
Parameters: 0.999997 0.000572781 -0.00228528 -0.000576868 0.999998 -0.00170789 0.00228403 0.00170978 0.999995 0.157813 0.0788801 0.146195
FixedParameters: 0 0 0

#Transform 89
Transform: AffineTransform_float_3_3
Parameters: 0.999997 0.000361696 -0.00243799 -0.000367579 0.999997 -0.00239883 0.0024373 0.00239985 0.999994 0.154151 0.0855966 0.140482
FixedParameters: 0 0 0

#Transform 90
Transform: AffineTransform_float_3_3
Parameters: 0.999997 0.00124767 -0.0017725 -0.00124963 0.999999 -0.00104433 0.00177144 0.0010467 0.999998 0.112124 0.00749946 0.204392
FixedParameters: 0 0 0

#Transform 91
Transform: AffineTransform_float_3_3
Parameters: 0.999997 0.000509226 -0.00226971 -0.000513721 0.999997 -0.00226766 0.00226841 0.00226848 0.999995 0.119094 0.296086 0.0386307
FixedParameters: 0 0 0

#Transform 92
Transform: AffineTransform_float_3_3
Parameters: 0.999998 0.000314026 -0.00227862 -0.000315479 1 -0.000593455 0.00227784 0.000594221 0.999997 0.13874 0.0165517 0.121903
FixedParameters: 0 0 0

#Transform 93
Transform: AffineTransform_float_3_3
Parameters: 0.999997 0.000462563 -0.00238697 -0.000469666 0.999996 -0.00267437 0.00238564 0.00267585 0.999994 0.153215 0.184232 0.0421418
FixedParameters: 0 0 0

#Transform 94
Transform: AffineTransform_float_3_3
Parameters: 0.999998 0.000650938 -0.00192351 -0.000653069 0.999999 -0.00147799 0.00192237 0.00147903 0.999997 0.139481 0.0306548 0.0309724
FixedParameters: 0 0 0

#Transform 95
Transform: AffineTransform_float_3_3
Parameters: 0.999998 0.000351567 -0.00192797 -0.000355043 0.999998 -0.00182749 0.0019275 0.00182813 0.999996 0.145855 0.0969019 -0.0625483
FixedParameters: 0 0 0

#Transform 96
Transform: AffineTransform_float_3_3
Parameters: 0.999997 -9.09229e-06 -0.0024664 1.48949e-06 0.999995 -0.00323475 0.00246634 0.00323515 0.999992 0.180436 0.168644 -0.005786
FixedParameters: 0 0 0

#Transform 97
Transform: AffineTransform_float_3_3
Parameters: 0.999996 -0.000155083 -0.00287442 0.000147456 0.999997 -0.00263277 0.00287432 0.00263308 0.999992 0.206623 0.0951951 -0.0140296
FixedParameters: 0 0 0

#Transform 98
Transform: AffineTransform_float_3_3
Parameters: 0.999996 6.46598e-05 -0.00271546 -7.27484e-05 0.999996 -0.00289345 0.00271535 0.00289366 0.999992 0.2 0.0395226 -0.0352767
FixedParameters: 0 0 0

#Transform 99
Transform: AffineTransform_float_3_3
Parameters: 0.999995 0.000319165 -0.0029715 -0.000331074 0.999992 -0.00395822 0.00296984 0.00395912 0.999987 0.20181 0.18317 -0.0200593
FixedParameters: 0 0 0

#Transform 100
Transform: AffineTransform_float_3_3
Parameters: 0.999996 0.000349511 -0.00293303 -0.000358274 0.999995 -0.00308987 0.00293263 0.00309113 0.999991 0.204907 0.0978487 0.00892738
FixedParameters: 0 0 0

#Transform 101
Transform: AffineTransform_float_3_3
Parameters: 0.999995 0.000418593 -0.00316237 -0.000429964 0.999993 -0.00368695 0.00316005 0.00368867 0.999989 0.209501 0.155898 -0.0255873
FixedParameters: 0 0 0

#Transform 102
Transform: AffineTransform_float_3_3
Parameters: 0.999994 0.000583472 -0.00331621 -0.000593031 0.999995 -0.00288147 0.00331468 0.00288323 0.99999 0.197954 0.103051 0.00769062
FixedParameters: 0 0 0

#Transform 103
Transform: AffineTransform_float_3_3
Parameters: 0.999994 0.000688609 -0.00334929 -0.000699515 0.999995 -0.00302974 0.00334701 0.00303151 0.999989 0.191152 0.189015 0.0387674
FixedParameters: 0 0 0

#Transform 104
Transform: AffineTransform_float_3_3
Parameters: 0.999993 0.000559411 -0.0035539 -0.00057138 0.999995 -0.0031563 0.00355182 0.00315885 0.999989 0.224698 0.145647 0.00517631
FixedParameters: 0 0 0

#Transform 105
Transform: AffineTransform_float_3_3
Parameters: 0.999995 0.000297747 -0.00318791 -0.000306955 0.999996 -0.00287192 0.00318694 0.00287298 0.999991 0.242734 0.110011 0.0583097
FixedParameters: 0 0 0

#Transform 106
Transform: AffineTransform_float_3_3
Parameters: 0.999995 0.000275645 -0.00320451 -0.000287112 0.999993 -0.0036533 0.00320327 0.00365414 0.999989 0.230431 0.206174 -0.0347763
FixedParameters: 0 0 0

#Transform 107
Transform: AffineTransform_float_3_3
Parameters: 0.999995 0.000106435 -0.0031099 -0.000117001 0.999993 -0.0035778 0.0031089 0.00357749 0.999989 0.248201 0.148389 0.0231149
FixedParameters: 0 0 0

#Transform 108
Transform: AffineTransform_float_3_3
Parameters: 0.999995 0.000161396 -0.00312687 -0.000173376 0.999992 -0.0038259 0.00312641 0.00382599 0.999988 0.240463 0.147104 -0.0369276
FixedParameters: 0 0 0

#Transform 109
Transform: AffineTransform_float_3_3
Parameters: 0.999995 4.81834e-05 -0.00318929 -6.10922e-05 0.999993 -0.00394686 0.00318839 0.0039468 0.999987 0.272649 0.165443 -0.107095
FixedParameters: 0 0 0

#Transform 110
Transform: AffineTransform_float_3_3
Parameters: 0.999994 3.75223e-05 -0.00341268 -5.16541e-05 0.999992 -0.00419292 0.00341198 0.00419345 0.999985 0.266864 0.110737 -0.0984887
FixedParameters: 0 0 0

#Transform 111
Transform: AffineTransform_float_3_3
Parameters: 0.999995 0.000418333 -0.00328361 -0.000434435 0.999986 -0.00516638 0.00328088 0.00516792 0.999981 0.251317 0.227553 -0.179672
FixedParameters: 0 0 0

#Transform 112
Transform: AffineTransform_float_3_3
Parameters: 0.999993 0.000540227 -0.00350977 -0.000555153 0.99999 -0.00429292 0.0035069 0.00429435 0.999985 0.263075 0.135681 -0.139208
FixedParameters: 0 0 0

#Transform 113
Transform: AffineTransform_float_3_3
Parameters: 0.999994 0.00061995 -0.00349995 -0.000637485 0.999988 -0.0048755 0.00349715 0.00487743 0.999982 0.255441 0.195533 -0.176166
FixedParameters: 0 0 0

#Transform 114
Transform: AffineTransform_float_3_3
Parameters: 0.999993 0.000294608 -0.00366033 -0.000312252 0.999989 -0.00473388 0.00365846 0.00473569 0.999982 0.257955 0.220599 -0.16128
FixedParameters: 0 0 0

#Transform 115
Transform: AffineTransform_float_3_3
Parameters: 0.999992 0.000402502 -0.00398395 -0.000423171 0.999986 -0.00509482 0.00398295 0.00509636 0.999979 0.297636 0.218716 -0.190656
FixedParameters: 0 0 0

#Transform 116
Transform: AffineTransform_float_3_3
Parameters: 0.999993 0.000698636 -0.0036845 -0.000716722 0.999987 -0.00495539 0.00368014 0.00495806 0.999981 0.293063 0.173788 -0.152589
FixedParameters: 0 0 0

#Transform 117
Transform: AffineTransform_float_3_3
Parameters: 0.999993 0.000576572 -0.0037755 -0.000597712 0.999983 -0.0057675 0.00377195 0.00576993 0.999976 0.287277 0.260009 -0.182685
FixedParameters: 0 0 0

#Transform 118
Transform: AffineTransform_float_3_3
Parameters: 0.999993 0.000198526 -0.00383715 -0.000220089 0.999984 -0.00564354 0.00383613 0.0056438 0.999977 0.296425 0.222121 -0.166634
FixedParameters: 0 0 0

#Transform 119
Transform: AffineTransform_float_3_3
Parameters: 0.999993 0.000234705 -0.00383147 -0.000256773 0.999983 -0.00586897 0.00383053 0.00586947 0.999975 0.289043 0.192408 -0.180061
FixedParameters: 0 0 0

#Transform 120
Transform: AffineTransform_float_3_3
Parameters: 0.999992 0.000366092 -0.00399554 -0.00039214 0.999979 -0.00636996 0.00399311 0.0063716 0.999972 0.286852 0.269263 -0.2175
FixedParameters: 0 0 0

#Transform 121
Transform: AffineTransform_float_3_3
Parameters: 0.999992 0.000403699 -0.00390258 -0.000428337 0.999979 -0.00646868 0.00390029 0.00646977 0.999972 0.270834 0.26566 -0.217396
FixedParameters: 0 0 0

#Transform 122
Transform: AffineTransform_float_3_3
Parameters: 0.999992 0.000113931 -0.00390747 -0.000141836 0.999974 -0.0072273 0.00390647 0.00722721 0.999966 0.295245 0.284237 -0.237133
FixedParameters: 0 0 0

#Transform 123
Transform: AffineTransform_float_3_3
Parameters: 0.999991 3.0385e-05 -0.00417964 -5.98048e-05 0.999976 -0.00694562 0.0041787 0.00694634 0.999967 0.306458 0.292493 -0.218067
FixedParameters: 0 0 0

#Transform 124
Transform: AffineTransform_float_3_3
Parameters: 0.999991 5.08359e-05 -0.00418309 -7.93847e-05 0.999977 -0.0068828 0.00418275 0.00688298 0.999967 0.29804 0.314321 -0.27842
FixedParameters: 0 0 0

#Transform 125
Transform: AffineTransform_float_3_3
Parameters: 0.999992 -4.10782e-05 -0.00400074 1.28337e-05 0.999976 -0.00697315 0.00400118 0.00697327 0.999967 0.298479 0.288489 -0.252308
FixedParameters: 0 0 0

#Transform 126
Transform: AffineTransform_float_3_3
Parameters: 0.999992 0.000130911 -0.00391187 -0.000160269 0.999972 -0.00757531 0.00390995 0.00757588 0.999963 0.272511 0.310535 -0.295692
FixedParameters: 0 0 0

#Transform 127
Transform: AffineTransform_float_3_3
Parameters: 0.999993 0.000603415 -0.00374343 -0.000629687 0.999974 -0.00710827 0.00373947 0.00711068 0.999967 0.282261 0.285538 -0.265659
FixedParameters: 0 0 0

#Transform 128
Transform: AffineTransform_float_3_3
Parameters: 0.999992 7.54959e-05 -0.00403976 -0.000106273 0.999971 -0.00764491 0.00403827 0.00764507 0.999963 0.291509 0.32689 -0.302057
FixedParameters: 0 0 0

#Transform 129
Transform: AffineTransform_float_3_3
Parameters: 0.999993 0.00021947 -0.00383171 -0.000250192 0.999969 -0.0079597 0.0038304 0.00796104 0.999961 0.277332 0.305099 -0.284865
FixedParameters: 0 0 0

#Transform 130
Transform: AffineTransform_float_3_3
Parameters: 0.999991 5.30946e-05 -0.00421115 -8.84337e-05 0.999964 -0.0084691 0.00421124 0.00846899 0.999955 0.297256 0.339442 -0.326967
FixedParameters: 0 0 0

#Transform 131
Transform: AffineTransform_float_3_3
Parameters: 0.999991 8.49244e-06 -0.00428641 -4.28661e-05 0.999969 -0.00786774 0.00428625 0.00786738 0.99996 0.293339 0.305981 -0.2899
FixedParameters: 0 0 0

#Transform 132
Transform: AffineTransform_float_3_3
Parameters: 0.999992 0.000145248 -0.00399539 -0.000177134 0.999968 -0.0080271 0.00399444 0.00802785 0.99996 0.270112 0.285241 -0.295227
FixedParameters: 0 0 0

#Transform 133
Transform: AffineTransform_float_3_3
Parameters: 0.999991 -0.000251832 -0.00418021 0.000217796 0.999965 -0.00834951 0.00418205 0.00834869 0.999957 0.283451 0.400788 -0.295228
FixedParameters: 0 0 0

#Transform 134
Transform: AffineTransform_float_3_3
Parameters: 0.999992 -0.000145584 -0.00400113 0.000116801 0.999975 -0.00698844 0.00400213 0.00698768 0.999967 0.260378 0.257554 -0.259102
FixedParameters: 0 0 0

#Transform 135
Transform: AffineTransform_float_3_3
Parameters: 0.999991 -0.00025917 -0.00429176 0.000224421 0.999966 -0.00814823 0.00429389 0.0081467 0.999957 0.284911 0.368593 -0.314587
FixedParameters: 0 0 0

#Transform 136
Transform: AffineTransform_float_3_3
Parameters: 0.999992 8.45719e-05 -0.00410043 -0.000114252 0.999973 -0.00728397 0.00410029 0.00728514 0.999965 0.279336 0.228936 -0.282021
FixedParameters: 0 0 0

#Transform 137
Transform: AffineTransform_float_3_3
Parameters: 0.999993 -0.000134322 -0.00374912 0.000104008 0.999968 -0.00803649 0.00375038 0.00803568 0.999961 0.253315 0.385712 -0.358282
FixedParameters: 0 0 0

#Transform 138
Transform: AffineTransform_float_3_3
Parameters: 0.999992 4.33541e-05 -0.00420672 -7.62648e-05 0.99997 -0.00775138 0.00420623 0.00775203 0.999961 0.280742 0.355063 -0.35038
FixedParameters: 0 0 0

#Transform 139
Transform: AffineTransform_float_3_3
Parameters: 0.99999 -0.000105213 -0.00441921 6.84995e-05 0.999965 -0.00828861 0.00441947 0.00828844 0.999956 0.291521 0.343616 -0.352124
FixedParameters: 0 0 0

#Transform 140
Transform: AffineTransform_float_3_3
Parameters: 0.99999 -0.000137632 -0.00442241 0.000101878 0.999966 -0.0082179 0.00442407 0.00821674 0.999956 0.293461 0.308842 -0.299312
FixedParameters: 0 0 0

#Transform 141
Transform: AffineTransform_float_3_3
Parameters: 0.999986 -7.14138e-05 -0.00521019 2.61441e-05 0.999962 -0.00870619 0.00521056 0.00870675 0.999949 0.336223 0.288059 -0.308613
FixedParameters: 0 0 0

#Transform 142
Transform: AffineTransform_float_3_3
Parameters: 0.99999 -3.46089e-05 -0.00456406 -3.6694e-06 0.999964 -0.00854941 0.00456397 0.00854973 0.999953 0.300202 0.385286 -0.310419
FixedParameters: 0 0 0

#Transform 143
Transform: AffineTransform_float_3_3
Parameters: 0.999988 -0.000220425 -0.00497066 0.000178032 0.999962 -0.00865965 0.00497209 0.00865863 0.99995 0.322835 0.325811 -0.319258
FixedParameters: 0 0 0

#Transform 144
Transform: AffineTransform_float_3_3
Parameters: 0.999987 -0.000248084 -0.00503004 0.000204816 0.999963 -0.00864533 0.00503197 0.00864477 0.99995 0.333378 0.328349 -0.370525
FixedParameters: 0 0 0

#Transform 145
Transform: AffineTransform_float_3_3
Parameters: 0.999987 -0.000238149 -0.00500998 0.000194605 0.999962 -0.00869363 0.00501192 0.00869177 0.99995 0.333805 0.333327 -0.364189
FixedParameters: 0 0 0

#Transform 146
Transform: AffineTransform_float_3_3
Parameters: 0.999988 -0.000190833 -0.00493035 0.000145043 0.999957 -0.00937496 0.00493155 0.00937404 0.999944 0.3562 0.419516 -0.415913
FixedParameters: 0 0 0

#Transform 147
Transform: AffineTransform_float_3_3
Parameters: 0.999986 -0.000341055 -0.00525361 0.000292074 0.999957 -0.00931916 0.00525659 0.00931723 0.999943 0.370289 0.404761 -0.443588
FixedParameters: 0 0 0

#Transform 148
Transform: AffineTransform_float_3_3
Parameters: 0.999988 -0.000247022 -0.00504667 0.000201163 0.999958 -0.00921101 0.00504855 0.00921021 0.999945 0.34708 0.306782 -0.418151
FixedParameters: 0 0 0

#Transform 149
Transform: AffineTransform_float_3_3
Parameters: 0.999985 -0.000369328 -0.00531965 0.000319171 0.999955 -0.00947015 0.00532259 0.00946848 0.999941 0.372617 0.416067 -0.448148
FixedParameters: 0 0 0

#Transform 150
Transform: AffineTransform_float_3_3
Parameters: 0.999987 -0.000442665 -0.0050926 0.000396633 0.999959 -0.00904337 0.00509716 0.00904199 0.999946 0.366504 0.323805 -0.433617
FixedParameters: 0 0 0

#Transform 151
Transform: AffineTransform_float_3_3
Parameters: 0.999986 -0.00072919 -0.00508142 0.000681364 0.999955 -0.0093549 0.00508792 0.00935102 0.999943 0.369806 0.452139 -0.482991
FixedParameters: 0 0 0

#Transform 152
Transform: AffineTransform_float_3_3
Parameters: 0.999985 -0.000825151 -0.00527638 0.000778289 0.999961 -0.00881628 0.00528398 0.00881188 0.999947 0.389978 0.309349 -0.424961
FixedParameters: 0 0 0

#Transform 153
Transform: AffineTransform_float_3_3
Parameters: 0.999988 -0.000728896 -0.00496663 0.000681352 0.999955 -0.00943308 0.00497363 0.00942935 0.999943 0.379424 0.464324 -0.518428
FixedParameters: 0 0 0

#Transform 154
Transform: AffineTransform_float_3_3
Parameters: 0.999984 -0.000951489 -0.00548185 0.000900091 0.999956 -0.00936871 0.00549067 0.00936374 0.999942 0.417755 0.359354 -0.492601
FixedParameters: 0 0 0

#Transform 155
Transform: AffineTransform_float_3_3
Parameters: 0.999988 -0.00110281 -0.00486856 0.00105573 0.999952 -0.00976684 0.00487919 0.00976124 0.999941 0.410486 0.398609 -0.507335
FixedParameters: 0 0 0

#Transform 156
Transform: AffineTransform_float_3_3
Parameters: 0.999986 -0.00118037 -0.00521449 0.00113329 0.999957 -0.00915319 0.0052249 0.00914689 0.999945 0.408317 0.335843 -0.48466
FixedParameters: 0 0 0

#Transform 157
Transform: AffineTransform_float_3_3
Parameters: 0.999986 -0.00106875 -0.00513267 0.00101836 0.999952 -0.00974776 0.005143 0.00974274 0.99994 0.416036 0.426938 -0.563121
FixedParameters: 0 0 0

#Transform 158
Transform: AffineTransform_float_3_3
Parameters: 0.999985 -0.00117613 -0.00527496 0.00112606 0.999954 -0.00954303 0.00528522 0.00953784 0.999941 0.42691 0.368102 -0.495285
FixedParameters: 0 0 0

#Transform 159
Transform: AffineTransform_float_3_3
Parameters: 0.999986 -0.00121208 -0.00520972 0.00116055 0.999951 -0.00984393 0.00522127 0.00983772 0.999938 0.408636 0.422575 -0.547262
FixedParameters: 0 0 0

#Transform 160
Transform: AffineTransform_float_3_3
Parameters: 0.999984 -0.0010057 -0.00552703 0.000954354 0.999957 -0.00919665 0.00553581 0.00919101 0.999942 0.427215 0.36033 -0.494724
FixedParameters: 0 0 0

#Transform 161
Transform: AffineTransform_float_3_3
Parameters: 0.999982 -0.00122225 -0.00585881 0.00116695 0.999954 -0.00955082 0.00586958 0.00954436 0.999937 0.444458 0.385678 -0.523866
FixedParameters: 0 0 0

#Transform 162
Transform: AffineTransform_float_3_3
Parameters: 0.999983 -0.000963728 -0.00587136 0.000908667 0.999955 -0.00946451 0.00588071 0.00945929 0.999938 0.443943 0.422361 -0.518678
FixedParameters: 0 0 0

#Transform 163
Transform: AffineTransform_float_3_3
Parameters: 0.999981 -0.00104648 -0.00605304 0.000988274 0.999954 -0.00955637 0.00606243 0.00955036 0.999936 0.449936 0.383897 -0.506663
FixedParameters: 0 0 0

#Transform 164
Transform: AffineTransform_float_3_3
Parameters: 0.999977 -0.000857667 -0.00667788 0.000794784 0.999956 -0.00934724 0.00668591 0.00934211 0.999934 0.454609 0.415063 -0.551717
FixedParameters: 0 0 0

#Transform 165
Transform: AffineTransform_float_3_3
Parameters: 0.999979 -0.000350895 -0.00655341 0.000289821 0.999956 -0.00940978 0.00655642 0.00940746 0.999934 0.439153 0.352528 -0.479713
FixedParameters: 0 0 0

#Transform 166
Transform: AffineTransform_float_3_3
Parameters: 0.999978 -0.00042384 -0.00671171 0.000360241 0.999956 -0.0094255 0.00671474 0.00942348 0.999933 0.430352 0.370972 -0.485672
FixedParameters: 0 0 0

#Transform 167
Transform: AffineTransform_float_3_3
Parameters: 0.999979 -0.000741997 -0.00640121 0.000684727 0.99996 -0.00886915 0.00640773 0.00886409 0.99994 0.412339 0.447864 -0.428398
FixedParameters: 0 0 0

#Transform 168
Transform: AffineTransform_float_3_3
Parameters: 0.999979 -0.00132851 -0.0062968 0.00128533 0.999975 -0.00684494 0.00630586 0.00683663 0.999957 0.425278 0.273002 -0.344812
FixedParameters: 0 0 0

#Transform 169
Transform: AffineTransform_float_3_3
Parameters: 0.999978 -0.00124425 -0.00646367 0.0011944 0.99997 -0.00774791 0.00647301 0.00773987 0.999949 0.437038 0.381499 -0.363838
FixedParameters: 0 0 0

#Transform 170
Transform: AffineTransform_float_3_3
Parameters: 0.999974 -0.000882071 -0.0070716 0.000824882 0.999967 -0.00808331 0.00707878 0.00807699 0.999942 0.472563 0.338744 -0.403001
FixedParameters: 0 0 0

#Transform 171
Transform: AffineTransform_float_3_3
Parameters: 0.999975 -0.000716045 -0.00704044 0.000660409 0.999969 -0.00789293 0.00704544 0.00788773 0.999944 0.460239 0.344423 -0.417388
FixedParameters: 0 0 0

#Transform 172
Transform: AffineTransform_float_3_3
Parameters: 0.999972 -0.000809715 -0.00734513 0.000747849 0.999963 -0.00851648 0.00735145 0.00851125 0.999936 0.453499 0.340006 -0.463394
FixedParameters: 0 0 0

#Transform 173
Transform: AffineTransform_float_3_3
Parameters: 0.999973 -0.000419671 -0.00730752 0.00036056 0.999967 -0.00813181 0.00731075 0.00812999 0.99994 0.462861 0.316709 -0.437778
FixedParameters: 0 0 0

#Transform 174
Transform: AffineTransform_float_3_3
Parameters: 0.999972 -0.00063169 -0.00733077 0.000565729 0.99996 -0.00900149 0.00733582 0.0089974 0.999932 0.465254 0.410034 -0.478286
FixedParameters: 0 0 0

#Transform 175
Transform: AffineTransform_float_3_3
Parameters: 0.999971 -0.000390262 -0.00756634 0.000323161 0.999961 -0.00890207 0.00756973 0.0088995 0.999932 0.477264 0.352046 -0.462124
FixedParameters: 0 0 0

#Transform 176
Transform: AffineTransform_float_3_3
Parameters: 0.999971 -0.000385099 -0.00756646 0.000315411 0.999956 -0.00931002 0.00756978 0.00930738 0.999928 0.481084 0.326145 -0.46032
FixedParameters: 0 0 0

#Transform 177
Transform: AffineTransform_float_3_3
Parameters: 0.99997 -0.000692658 -0.00776485 0.00061659 0.999952 -0.00974632 0.00777152 0.00974127 0.999922 0.471173 0.436521 -0.529811
FixedParameters: 0 0 0

#Transform 178
Transform: AffineTransform_float_3_3
Parameters: 0.99997 -0.000560078 -0.00766921 0.000486871 0.999954 -0.00950503 0.00767424 0.00950162 0.999926 0.473008 0.381899 -0.447294
FixedParameters: 0 0 0

#Transform 179
Transform: AffineTransform_float_3_3
Parameters: 0.999968 -0.000585299 -0.00798939 0.000514743 0.999961 -0.0089149 0.00799448 0.00890951 0.999928 0.478827 0.338144 -0.472021
FixedParameters: 0 0 0

#Transform 180
Transform: AffineTransform_float_3_3
Parameters: 0.999963 -0.000672601 -0.00863176 0.000586877 0.99995 -0.00993018 0.00863728 0.009925 0.999914 0.505063 0.504894 -0.52019
FixedParameters: 0 0 0

#Transform 181
Transform: AffineTransform_float_3_3
Parameters: 0.999967 -0.000228131 -0.00820075 0.000150976 0.999956 -0.0093379 0.00820253 0.00933692 0.999923 0.498048 0.378421 -0.464326
FixedParameters: 0 0 0

#Transform 182
Transform: AffineTransform_float_3_3
Parameters: 0.999961 -0.000288819 -0.00875589 0.000200678 0.999949 -0.0100735 0.00875859 0.0100709 0.999911 0.515046 0.460264 -0.524113
FixedParameters: 0 0 0

#Transform 183
Transform: AffineTransform_float_3_3
Parameters: 0.99996 -0.000181952 -0.0090367 9.46691e-05 0.999953 -0.00966803 0.0090376 0.00966614 0.999913 0.513451 0.455421 -0.502477
FixedParameters: 0 0 0

#Transform 184
Transform: AffineTransform_float_3_3
Parameters: 0.999957 -0.000408672 -0.00929319 0.000314457 0.999947 -0.0102462 0.00929718 0.0102431 0.999904 0.514928 0.512133 -0.580696
FixedParameters: 0 0 0

#Transform 185
Transform: AffineTransform_float_3_3
Parameters: 0.99996 -0.000298964 -0.00893906 0.000205989 0.999945 -0.0104285 0.00894217 0.0104263 0.999906 0.515981 0.486987 -0.550095
FixedParameters: 0 0 0

#Transform 186
Transform: AffineTransform_float_3_3
Parameters: 0.999964 -0.000367262 -0.00851628 0.000280154 0.999949 -0.0101879 0.00852016 0.0101854 0.999912 0.498942 0.41282 -0.545187
FixedParameters: 0 0 0

#Transform 187
Transform: AffineTransform_float_3_3
Parameters: 0.999957 -0.000196307 -0.00927103 9.42825e-05 0.99994 -0.0109851 0.00927205 0.0109843 0.999896 0.514767 0.502571 -0.588978
FixedParameters: 0 0 0

#Transform 188
Transform: AffineTransform_float_3_3
Parameters: 0.999959 -0.000184523 -0.00903364 9.12803e-05 0.999947 -0.0102938 0.00903467 0.0102923 0.999906 0.498949 0.432797 -0.545667
FixedParameters: 0 0 0

#Transform 189
Transform: AffineTransform_float_3_3
