# transform file /out/sourcedata/freesurfer/sub-v1s4x0050696_ses-1/mri/transforms/cc_up.lta
# created by oesteban on Tue Mar 10 04:07:29 2026

type      = 0 # LINEAR_VOX_TO_VOX
nxforms   = 1
mean      = 124.0000 112.0000 119.0000
sigma     = 10000.0000
1 4 4
9.964078664779663e-01 -3.694948554039001e-02 -7.619868218898773e-02 1.626078033447266e+01 
3.684191405773163e-02 9.993171691894531e-01 -2.817425876855850e-03 3.176863479614258e+01 
7.625074684619904e-02 0.000000000000000e+00 9.970887303352356e-01 8.791241645812988e+00 
0.000000000000000e+00 0.000000000000000e+00 0.000000000000000e+00 1.000000000000000e+00 
src volume info
valid = 1  # volume info valid
filename = /out/sourcedata/freesurfer/sub-v1s4x0050696_ses-1/mri/norm.mgz
volume = 256 256 256
voxelsize = 1.000000000000000e+00 1.000000000000000e+00 1.000000000000000e+00
xras   = -1.000000000000000e+00 -2.328306436538696e-10 3.725290298461914e-09
yras   = -3.725290298461914e-09 0.000000000000000e+00 -9.999998807907104e-01
zras   = 2.328306436538696e-10 9.999999403953552e-01 -3.725290298461914e-09
cras   = -2.047126770019531e+00 1.805644989013672e+01 1.650234985351562e+01
dst volume info
valid = 1  # volume info valid
filename = /out/sourcedata/freesurfer/sub-v1s4x0050696_ses-1/mri/norm.mgz
volume = 256 256 256
voxelsize = 1.000000000000000e+00 1.000000000000000e+00 1.000000000000000e+00
xras   = -1.000000000000000e+00 -2.328306436538696e-10 3.725290298461914e-09
yras   = -3.725290298461914e-09 0.000000000000000e+00 -9.999998807907104e-01
zras   = 2.328306436538696e-10 9.999999403953552e-01 -3.725290298461914e-09
cras   = -2.047126770019531e+00 1.805644989013672e+01 1.650234985351562e+01
