# transform file transforms/talairach.lta
# created by oesteban on Tue Mar 10 02:49:09 2026

type      = 0 # LINEAR_VOX_TO_VOX
nxforms   = 1
mean      = 124.0000 112.0000 120.0000
sigma     = 10000.0000
1 4 4
1.054131984710693e+00 -2.687231823801994e-02 -9.893796592950821e-02 8.252769470214844e+00 
4.285830259323120e-02 1.133737564086914e+00 1.871630549430847e-01 -2.592161369323730e+01 
8.109293133020401e-02 -1.780618876218796e-01 9.859343171119690e-01 3.371498584747314e+00 
0.000000000000000e+00 0.000000000000000e+00 0.000000000000000e+00 1.000000000000000e+00 
src volume info
valid = 1  # volume info valid
filename = nu.mgz
volume = 256 256 256
voxelsize = 1.000000000000000e+00 1.000000000000000e+00 1.000000000000000e+00
xras   = -1.000000000000000e+00 -2.328306436538696e-10 3.725290298461914e-09
yras   = -3.725290298461914e-09 0.000000000000000e+00 -9.999998807907104e-01
zras   = 2.328306436538696e-10 9.999999403953552e-01 -3.725290298461914e-09
cras   = -2.047126770019531e+00 1.805644989013672e+01 1.650234985351562e+01
dst volume info
valid = 1  # volume info valid
filename = /opt/freesurfer/average/RB_all_2020-01-02.gca
volume = 256 256 256
voxelsize = 1.000000000000000e+00 1.000000000000000e+00 1.000000000000000e+00
xras   = -1.000000000000000e+00 0.000000000000000e+00 0.000000000000000e+00
yras   = 0.000000000000000e+00 0.000000000000000e+00 -1.000000000000000e+00
zras   = 0.000000000000000e+00 1.000000000000000e+00 0.000000000000000e+00
cras   = 0.000000000000000e+00 0.000000000000000e+00 0.000000000000000e+00
