type      = 1 # LINEAR_RAS_TO_RAS
nxforms   = 1
mean      = 0.0000 0.0000 0.0000
sigma     = 1.0000
1 4 4
1.105362057685852e+00 9.793899953365326e-02 -4.043399915099144e-02 8.004459738731384e-01 
-6.398499757051468e-02 1.025241971015930e+00 1.889220029115677e-01 -3.350877380371094e+01 
3.379999846220016e-02 -1.480260044336319e-01 1.117068052291870e+00 -3.525434875488281e+01 
0.000000000000000e+00 0.000000000000000e+00 0.000000000000000e+00 1.000000000000000e+00 
src volume info
valid = 1  # volume info valid
filename = /out/sourcedata/freesurfer/sub-v1s4x0050696_ses-1/mri/orig_nu.mgz
volume = 256 256 256
voxelsize = 1.000000000000000e+00 1.000000000000000e+00 1.000000000000000e+00
xras   = -1.000000000000000e+00 -2.328306436538696e-10 3.725290298461914e-09
yras   = -3.725290298461914e-09 0.000000000000000e+00 -9.999998807907104e-01
zras   = 2.328306436538696e-10 9.999999403953552e-01 -3.725290298461914e-09
cras   = -2.047126770019531e+00 1.805644989013672e+01 1.650234985351562e+01
dst volume info
valid = 1  # volume info valid
filename = /opt/freesurfer/average/mni305.cor.mgz
volume = 256 256 256
voxelsize = 1.000000000000000e+00 1.000000000000000e+00 1.000000000000000e+00
xras   = -1.000000000000000e+00 0.000000000000000e+00 0.000000000000000e+00
yras   = 0.000000000000000e+00 0.000000000000000e+00 -1.000000000000000e+00
zras   = 0.000000000000000e+00 1.000000000000000e+00 0.000000000000000e+00
cras   = 0.000000000000000e+00 0.000000000000000e+00 0.000000000000000e+00
subject fsaverage
fscale 0.100000
