# transform file /out/sourcedata/freesurfer/sub-v1s4x0050686_ses-1/mri/transforms/cc_up.lta
# created by oesteban on Tue Mar 10 03:36:34 2026

type      = 0 # LINEAR_VOX_TO_VOX
nxforms   = 1
mean      = 127.0000 112.0000 115.0000
sigma     = 10000.0000
1 4 4
9.968969225883484e-01 -6.065030116587877e-03 7.848511636257172e-02 -6.491209030151367e+00 
6.046320777386427e-03 9.999817013740540e-01 4.760233277920634e-04 3.618262100219727e+01 
-7.848655432462692e-02 0.000000000000000e+00 9.969152212142944e-01 3.230405044555664e+01 
0.000000000000000e+00 0.000000000000000e+00 0.000000000000000e+00 1.000000000000000e+00 
src volume info
valid = 1  # volume info valid
filename = /out/sourcedata/freesurfer/sub-v1s4x0050686_ses-1/mri/norm.mgz
volume = 256 256 256
voxelsize = 1.000000000000000e+00 1.000000000000000e+00 1.000000000000000e+00
xras   = -1.000000119209290e+00 2.328306436538696e-09 3.725290298461914e-09
yras   = 3.725290298461914e-09 1.490116119384766e-08 -1.000000000000000e+00
zras   = -4.656612873077393e-10 1.000000000000000e+00 -1.490116119384766e-08
cras   = -1.435226440429688e+00 2.464045333862305e+01 -4.154418945312500e+01
dst volume info
valid = 1  # volume info valid
filename = /out/sourcedata/freesurfer/sub-v1s4x0050686_ses-1/mri/norm.mgz
volume = 256 256 256
voxelsize = 1.000000000000000e+00 1.000000000000000e+00 1.000000000000000e+00
xras   = -1.000000119209290e+00 2.328306436538696e-09 3.725290298461914e-09
yras   = 3.725290298461914e-09 1.490116119384766e-08 -1.000000000000000e+00
zras   = -4.656612873077393e-10 1.000000000000000e+00 -1.490116119384766e-08
cras   = -1.435226440429688e+00 2.464045333862305e+01 -4.154418945312500e+01
