type      = 0 # LINEAR_VOX_TO_VOX
nxforms   = 1
mean      = 0.0000 0.0000 0.0000
sigma     = 1.0000
1 4 4
1.119812130928040e+00 -1.857500337064266e-02 9.138700366020203e-02 -2.293432617187500e+01 
-6.175004877150059e-03 1.267001032829285e+00 3.440790176391602e-01 -5.063569641113281e+01 
-1.207820177078247e-01 -3.220369815826416e-01 1.129573941230774e+00 3.182514190673828e+01 
0.000000000000000e+00 0.000000000000000e+00 0.000000000000000e+00 1.000000000000000e+00 
src volume info
valid = 1  # volume info valid
filename = /out/sourcedata/freesurfer/sub-v1s4x0050686_ses-1/mri/orig.mgz
volume = 256 256 256
voxelsize = 1.000000000000000e+00 1.000000000000000e+00 1.000000000000000e+00
xras   = -1.000000119209290e+00 2.328306436538696e-09 3.725290298461914e-09
yras   = 3.725290298461914e-09 1.490116119384766e-08 -1.000000000000000e+00
zras   = -4.656612873077393e-10 1.000000000000000e+00 -1.490116119384766e-08
cras   = -1.435226440429688e+00 2.464045333862305e+01 -4.154418945312500e+01
dst volume info
valid = 1  # volume info valid
filename = /opt/freesurfer/average/mni305.cor.mgz
volume = 256 256 256
voxelsize = 1.000000000000000e+00 1.000000000000000e+00 1.000000000000000e+00
xras   = -1.000000000000000e+00 0.000000000000000e+00 0.000000000000000e+00
yras   = 0.000000000000000e+00 0.000000000000000e+00 -1.000000000000000e+00
zras   = 0.000000000000000e+00 1.000000000000000e+00 0.000000000000000e+00
cras   = 0.000000000000000e+00 0.000000000000000e+00 0.000000000000000e+00
subject fsaverage
fscale 0.100000
