# transform file transforms/talairach.lta
# created by oesteban on Tue Mar 10 02:21:54 2026

type      = 0 # LINEAR_VOX_TO_VOX
nxforms   = 1
mean      = 127.0000 112.0000 115.0000
sigma     = 10000.0000
1 4 4
1.065425157546997e+00 -3.034889139235020e-02 1.050856858491898e-01 -1.771123123168945e+01 
1.265670359134674e-02 1.200388789176941e+00 1.926193833351135e-01 -3.046637916564941e+01 
-6.964447349309921e-02 -1.828211098909378e-01 1.063226938247681e+00 1.662771797180176e+01 
0.000000000000000e+00 0.000000000000000e+00 0.000000000000000e+00 1.000000000000000e+00 
src volume info
valid = 1  # volume info valid
filename = nu.mgz
volume = 256 256 256
voxelsize = 1.000000000000000e+00 1.000000000000000e+00 1.000000000000000e+00
xras   = -1.000000119209290e+00 2.328306436538696e-09 3.725290298461914e-09
yras   = 3.725290298461914e-09 1.490116119384766e-08 -1.000000000000000e+00
zras   = -4.656612873077393e-10 1.000000000000000e+00 -1.490116119384766e-08
cras   = -1.435226440429688e+00 2.464045333862305e+01 -4.154418945312500e+01
dst volume info
valid = 1  # volume info valid
filename = /opt/freesurfer/average/RB_all_2020-01-02.gca
volume = 256 256 256
voxelsize = 1.000000000000000e+00 1.000000000000000e+00 1.000000000000000e+00
xras   = -1.000000000000000e+00 0.000000000000000e+00 0.000000000000000e+00
yras   = 0.000000000000000e+00 0.000000000000000e+00 -1.000000000000000e+00
zras   = 0.000000000000000e+00 1.000000000000000e+00 0.000000000000000e+00
cras   = 0.000000000000000e+00 0.000000000000000e+00 0.000000000000000e+00
