# transform file /out/sourcedata/freesurfer/sub-v1s4x0050688_ses-1/mri/transforms/cc_up.lta
# created by oesteban on Tue Mar 10 03:15:19 2026

type      = 0 # LINEAR_VOX_TO_VOX
nxforms   = 1
mean      = 130.0000 119.0000 115.0000
sigma     = 10000.0000
1 4 4
9.951070547103882e-01 -6.194338947534561e-02 7.697355747222900e-02 -4.121088981628418e-01 
6.175890564918518e-02 9.980795979499817e-01 4.777177236974239e-03 1.576824855804443e+01 
-7.712166011333466e-02 0.000000000000000e+00 9.970216751098633e-01 3.522113418579102e+01 
0.000000000000000e+00 0.000000000000000e+00 0.000000000000000e+00 1.000000000000000e+00 
src volume info
valid = 1  # volume info valid
filename = /out/sourcedata/freesurfer/sub-v1s4x0050688_ses-1/mri/norm.mgz
volume = 256 256 256
voxelsize = 1.000000000000000e+00 1.000000000000000e+00 1.000000000000000e+00
xras   = -1.000000119209290e+00 4.190951585769653e-09 -3.725290298461914e-09
yras   = 1.862645149230957e-09 -2.980232238769531e-08 -1.000000119209290e+00
zras   = -4.656612873077393e-09 1.000000119209290e+00 0.000000000000000e+00
cras   = 5.137557983398438e+00 1.028990936279297e+01 7.779815673828125e+00
dst volume info
valid = 1  # volume info valid
filename = /out/sourcedata/freesurfer/sub-v1s4x0050688_ses-1/mri/norm.mgz
volume = 256 256 256
voxelsize = 1.000000000000000e+00 1.000000000000000e+00 1.000000000000000e+00
xras   = -1.000000119209290e+00 4.190951585769653e-09 -3.725290298461914e-09
yras   = 1.862645149230957e-09 -2.980232238769531e-08 -1.000000119209290e+00
zras   = -4.656612873077393e-09 1.000000119209290e+00 0.000000000000000e+00
cras   = 5.137557983398438e+00 1.028990936279297e+01 7.779815673828125e+00
