# transform file transforms/talairach.lta
# created by oesteban on Tue Mar 10 02:18:59 2026

type      = 0 # LINEAR_VOX_TO_VOX
nxforms   = 1
mean      = 130.0000 119.0000 115.0000
sigma     = 10000.0000
1 4 4
1.029840350151062e+00 -4.823880642652512e-02 6.971375644207001e-02 -8.324819564819336e+00 
2.375934831798077e-02 1.108475327491760e+00 3.253671228885651e-01 -4.274652099609375e+01 
-7.020368427038193e-02 -2.908096909523010e-01 9.784455895423889e-01 4.235416030883789e+01 
0.000000000000000e+00 0.000000000000000e+00 0.000000000000000e+00 1.000000000000000e+00 
src volume info
valid = 1  # volume info valid
filename = nu.mgz
volume = 256 256 256
voxelsize = 1.000000000000000e+00 1.000000000000000e+00 1.000000000000000e+00
xras   = -1.000000119209290e+00 4.190951585769653e-09 -3.725290298461914e-09
yras   = 1.862645149230957e-09 -2.980232238769531e-08 -1.000000119209290e+00
zras   = -4.656612873077393e-09 1.000000119209290e+00 0.000000000000000e+00
cras   = 5.137557983398438e+00 1.028990936279297e+01 7.779815673828125e+00
dst volume info
valid = 1  # volume info valid
filename = /opt/freesurfer/average/RB_all_2020-01-02.gca
volume = 256 256 256
voxelsize = 1.000000000000000e+00 1.000000000000000e+00 1.000000000000000e+00
xras   = -1.000000000000000e+00 0.000000000000000e+00 0.000000000000000e+00
yras   = 0.000000000000000e+00 0.000000000000000e+00 -1.000000000000000e+00
zras   = 0.000000000000000e+00 1.000000000000000e+00 0.000000000000000e+00
cras   = 0.000000000000000e+00 0.000000000000000e+00 0.000000000000000e+00
