type      = 0 # LINEAR_VOX_TO_VOX
nxforms   = 1
mean      = 0.0000 0.0000 0.0000
sigma     = 1.0000
1 4 4
1.057877063751221e+00 -5.566801130771637e-02 7.647001743316650e-02 -9.939743041992188e+00 
4.628100618720055e-02 1.116588115692139e+00 3.422700166702271e-01 -4.804489135742188e+01 
-2.448100224137306e-02 -3.245750665664673e-01 1.028108119964600e+00 3.207517242431641e+01 
0.000000000000000e+00 0.000000000000000e+00 0.000000000000000e+00 1.000000000000000e+00 
src volume info
valid = 1  # volume info valid
filename = /out/sourcedata/freesurfer/sub-v1s4x0050688_ses-1/mri/orig.mgz
volume = 256 256 256
voxelsize = 1.000000000000000e+00 1.000000000000000e+00 1.000000000000000e+00
xras   = -1.000000119209290e+00 4.190951585769653e-09 -3.725290298461914e-09
yras   = 1.862645149230957e-09 -2.980232238769531e-08 -1.000000119209290e+00
zras   = -4.656612873077393e-09 1.000000119209290e+00 0.000000000000000e+00
cras   = 5.137557983398438e+00 1.028990936279297e+01 7.779815673828125e+00
dst volume info
valid = 1  # volume info valid
filename = /opt/freesurfer/average/mni305.cor.mgz
volume = 256 256 256
voxelsize = 1.000000000000000e+00 1.000000000000000e+00 1.000000000000000e+00
xras   = -1.000000000000000e+00 0.000000000000000e+00 0.000000000000000e+00
yras   = 0.000000000000000e+00 0.000000000000000e+00 -1.000000000000000e+00
zras   = 0.000000000000000e+00 1.000000000000000e+00 0.000000000000000e+00
cras   = 0.000000000000000e+00 0.000000000000000e+00 0.000000000000000e+00
subject fsaverage
fscale 0.100000
