type      = 1 # LINEAR_RAS_TO_RAS
nxforms   = 1
mean      = 0.0000 0.0000 0.0000
sigma     = 1.0000
1 4 4
1.057876944541931e+00 -7.647000253200531e-02 -5.566800013184547e-02 -4.346129894256592e+00 
2.448100037872791e-02 1.028108000755310e+00 3.245750069618225e-01 -2.223620605468750e+01 
4.628099873661995e-02 -3.422699868679047e-01 1.116587996482849e+00 -2.201560974121094e+01 
0.000000000000000e+00 0.000000000000000e+00 0.000000000000000e+00 1.000000000000000e+00 
src volume info
valid = 1  # volume info valid
filename = /out/sourcedata/freesurfer/sub-v1s4x0050688_ses-1/mri/orig_nu.mgz
volume = 256 256 256
voxelsize = 1.000000000000000e+00 1.000000000000000e+00 1.000000000000000e+00
xras   = -1.000000119209290e+00 4.190951585769653e-09 -3.725290298461914e-09
yras   = 1.862645149230957e-09 -2.980232238769531e-08 -1.000000119209290e+00
zras   = -4.656612873077393e-09 1.000000119209290e+00 0.000000000000000e+00
cras   = 5.137557983398438e+00 1.028990936279297e+01 7.779815673828125e+00
dst volume info
valid = 1  # volume info valid
filename = /opt/freesurfer/average/mni305.cor.mgz
volume = 256 256 256
voxelsize = 1.000000000000000e+00 1.000000000000000e+00 1.000000000000000e+00
xras   = -1.000000000000000e+00 0.000000000000000e+00 0.000000000000000e+00
yras   = 0.000000000000000e+00 0.000000000000000e+00 -1.000000000000000e+00
zras   = 0.000000000000000e+00 1.000000000000000e+00 0.000000000000000e+00
cras   = 0.000000000000000e+00 0.000000000000000e+00 0.000000000000000e+00
subject fsaverage
fscale 0.100000
