#Insight Transform File V1.0
#Transform 0
Transform: AffineTransform_float_3_3
Parameters: 1 -1.29957e-06 7.94134e-06 1.29829e-06 1 8.16043e-05 -7.94154e-06 -8.16042e-05 1 -0.00391205 -0.0316235 -0.0524303
FixedParameters: 0 0 0

#Transform 1
Transform: AffineTransform_float_3_3
Parameters: 1 -7.98815e-05 -0.000206108 7.96768e-05 1 -0.000496713 0.000206187 0.00049668 1 0.0012264 -0.0251034 -0.0726531
FixedParameters: 0 0 0

#Transform 2
Transform: AffineTransform_float_3_3
Parameters: 1 0.000160924 -0.00012587 -0.000161024 1 -0.000400178 0.000125741 0.000400218 1 -0.00304411 -0.0362204 -0.0243675
FixedParameters: 0 0 0

#Transform 3
Transform: AffineTransform_float_3_3
Parameters: 1 0.000434632 -0.000271967 -0.000434802 1 -0.000312177 0.000271696 0.000312413 1 -0.000590273 -0.0153319 -0.0881628
FixedParameters: 0 0 0

#Transform 4
Transform: AffineTransform_float_3_3
Parameters: 1 0.000148711 -0.000119078 -0.000148807 1 -0.000401035 0.000118959 0.00040107 1 0.00812546 -0.0433058 -0.0405911
FixedParameters: 0 0 0

#Transform 5
Transform: AffineTransform_float_3_3
Parameters: 1 5.45023e-05 -6.66834e-05 -5.45567e-05 1 -0.000407644 6.66388e-05 0.000407651 1 -0.00334005 -0.0245081 -0.0733921
FixedParameters: 0 0 0

#Transform 6
Transform: AffineTransform_float_3_3
Parameters: 1 -6.4747e-05 -0.000278735 6.5388e-05 1 -0.000388936 0.000278298 0.000388933 1 0.0148127 -0.072478 -0.00355737
FixedParameters: 0 0 0

#Transform 7
Transform: AffineTransform_float_3_3
Parameters: 1 0.000173123 0.000172213 -0.000173053 1 -0.000204959 -0.000172284 0.000204899 1 0.000924452 -0.0201954 -0.0630626
FixedParameters: 0 0 0

#Transform 8
Transform: AffineTransform_float_3_3
Parameters: 1 5.45023e-05 -6.66834e-05 -5.45567e-05 1 -0.000407644 6.66388e-05 0.000407651 1 0.00898422 -0.0437832 -0.0217039
FixedParameters: 0 0 0

#Transform 9
Transform: AffineTransform_float_3_3
Parameters: 1 4.86356e-05 -3.0636e-05 -4.86379e-05 1 -3.7442e-05 3.06323e-05 3.74449e-05 1 0.00288144 -0.0323308 -0.0655254
FixedParameters: 0 0 0

#Transform 10
Transform: AffineTransform_float_3_3
Parameters: 1 5.2266e-05 -5.29229e-05 -5.22942e-05 1 -0.000266331 5.28949e-05 0.000266336 1 0.00753406 -0.060903 -0.012872
FixedParameters: 0 0 0

#Transform 11
Transform: AffineTransform_float_3_3
Parameters: 1 5.01206e-05 -3.97443e-05 -5.0131e-05 1 -0.000130988 3.97311e-05 0.000130992 1 0.00946651 -0.0498754 -0.040785
FixedParameters: 0 0 0

#Transform 12
Transform: AffineTransform_float_3_3
Parameters: 1 -6.07842e-05 -0.000217413 6.08031e-05 1 4.32883e-05 0.000217407 -4.33147e-05 1 0.0101243 -0.073891 -0.00504957
FixedParameters: 0 0 0

#Transform 13
Transform: AffineTransform_float_3_3
Parameters: 1 -1.39236e-05 -0.000188352 1.46319e-05 1 -0.00039691 0.000187876 0.000396938 1 0.00126986 -0.0192496 -0.0521413
FixedParameters: 0 0 0

#Transform 14
Transform: AffineTransform_float_3_3
Parameters: 1 -0.000167311 -0.000332103 0.000167749 1 0.000658622 0.000331882 -0.000658733 0.999999 0.00585362 -0.0555462 -0.0159518
FixedParameters: 0 0 0

#Transform 15
Transform: AffineTransform_float_3_3
Parameters: 1 0.000118133 -0.000134523 -0.000118183 1 -0.000184979 0.000134479 0.000185011 1 -0.00321963 -0.0458424 -0.043358
FixedParameters: 0 0 0

#Transform 16
Transform: AffineTransform_float_3_3
Parameters: 1 -0.000154536 -0.000411867 0.00015526 1 -0.000162418 0.00041143 0.000162324 1 0.00674842 -0.0427945 -0.0384473
FixedParameters: 0 0 0

#Transform 17
Transform: AffineTransform_float_3_3
Parameters: 1 9.82446e-05 -0.00028953 -9.83024e-05 1 -9.98579e-05 0.00028951 9.99146e-05 1 -0.00118562 -0.0765358 -0.00226263
FixedParameters: 0 0 0

#Transform 18
Transform: AffineTransform_float_3_3
Parameters: 1 -0.000142712 -0.000406183 0.000142694 1 -2.30918e-05 0.000406189 2.29758e-05 1 0.00655861 -0.0494028 -0.0157467
FixedParameters: 0 0 0

#Transform 19
Transform: AffineTransform_float_3_3
Parameters: 1 -0.00013906 -0.000429103 0.000138838 1 -0.00025895 0.000429175 0.00025883 1 0.00624467 -0.0577719 0.0164391
FixedParameters: 0 0 0

#Transform 20
Transform: AffineTransform_float_3_3
Parameters: 1 0.000108886 6.79174e-05 -0.000108906 1 0.000145846 -6.78856e-05 -0.00014586 1 -0.00613014 -0.0333934 -0.0305884
FixedParameters: 0 0 0

#Transform 21
Transform: AffineTransform_float_3_3
Parameters: 1 -9.02783e-06 -0.000229273 9.1012e-06 1 0.00015983 0.00022927 -0.000159834 1 0.000957287 -0.0614583 0.0377132
FixedParameters: 0 0 0

#Transform 22
Transform: AffineTransform_float_3_3
Parameters: 1 -8.73498e-05 -0.000449206 8.72083e-05 1 -0.000157677 0.000449234 0.000157599 1 0.00949221 -0.0261571 0.00408909
FixedParameters: 0 0 0

#Transform 23
Transform: AffineTransform_float_3_3
Parameters: 1 7.90658e-05 -0.000120762 -7.90481e-05 1 7.33116e-05 0.000120773 -7.32925e-05 1 -0.000330531 -0.0368723 0.0433681
FixedParameters: 0 0 0

#Transform 24
Transform: AffineTransform_float_3_3
Parameters: 1 9.286e-05 -7.39512e-05 -9.28233e-05 1 0.000247838 7.39972e-05 -0.000247824 1 0.00115944 -0.00272737 -0.0146272
FixedParameters: 0 0 0

#Transform 25
Transform: AffineTransform_float_3_3
Parameters: 1 9.11572e-05 -7.1231e-05 -9.11153e-05 1 0.000293769 7.12845e-05 -0.000293756 1 -0.00647541 -0.0926875 0.0519363
FixedParameters: 0 0 0

#Transform 26
Transform: AffineTransform_float_3_3
Parameters: 1 6.08951e-05 -0.000125133 -6.08204e-05 1 0.000298533 0.00012517 -0.000298518 1 0.00012166 -0.0342192 0.00326065
FixedParameters: 0 0 0

#Transform 27
Transform: AffineTransform_float_3_3
Parameters: 1 -9.48e-05 -0.000402474 9.50602e-05 1 0.000322993 0.000402412 -0.000323069 1 0.00652971 -0.0591827 0.0201333
FixedParameters: 0 0 0

#Transform 28
Transform: AffineTransform_float_3_3
Parameters: 1 -9.48e-05 -0.000402474 9.50602e-05 1 0.000322993 0.000402412 -0.000323069 1 0.00864661 -0.0473115 0.0823116
FixedParameters: 0 0 0

#Transform 29
Transform: AffineTransform_float_3_3
Parameters: 1 5.47904e-05 -0.000168971 -5.47777e-05 1 3.74222e-05 0.000168975 -3.74037e-05 1 0.00334662 -0.00794074 0.0124383
FixedParameters: 0 0 0

#Transform 30
Transform: AffineTransform_float_3_3
Parameters: 1 8.78539e-06 9.35887e-05 -8.92829e-06 0.999999 0.000763763 -9.3575e-05 -0.000763764 0.999999 -0.00382804 -0.0408441 0.0503639
FixedParameters: 0 0 0

#Transform 31
Transform: AffineTransform_float_3_3
Parameters: 1 0.000160272 -8.2495e-06 -0.000160275 1 -0.000193598 8.18736e-06 0.000193601 1 -0.0028614 -0.0186316 0.0394453
FixedParameters: 0 0 0

#Transform 32
Transform: AffineTransform_float_3_3
Parameters: 1 6.28811e-05 0.000322294 -6.26445e-05 0.999999 0.00126185 -0.000322591 -0.00126186 0.999999 -0.0104399 -0.055303 0.0511618
FixedParameters: 0 0 0

#Transform 33
Transform: AffineTransform_float_3_3
Parameters: 1 7.1819e-05 -8.00526e-05 -7.22157e-05 1 0.000500322 7.92574e-05 -0.000500218 1 0.00169184 -0.014859 0.0350857
FixedParameters: 0 0 0

#Transform 34
Transform: AffineTransform_float_3_3
Parameters: 1 0.000271513 0.000244329 -0.000271621 1 0.000220644 -0.000244209 -0.000220777 1 -0.014043 -0.0689784 0.055866
FixedParameters: 0 0 0

#Transform 35
Transform: AffineTransform_float_3_3
Parameters: 1 0.000130365 2.42849e-05 -0.000130388 1 0.000491087 -2.41567e-05 -0.000491093 1 -0.00409002 -0.0433565 0.0501798
FixedParameters: 0 0 0

#Transform 36
Transform: AffineTransform_float_3_3
Parameters: 1 0.000236411 0.000200548 -0.000236561 1 0.000374091 -0.000200371 -0.000374185 1 -0.0082692 -0.0303102 0.0672754
FixedParameters: 0 0 0

#Transform 37
Transform: AffineTransform_float_3_3
Parameters: 1 0.000219141 0.000102251 -0.000219109 1 -0.000157216 -0.00010232 0.000157171 1 -0.00818276 -0.0411783 0.050889
FixedParameters: 0 0 0

#Transform 38
Transform: AffineTransform_float_3_3
Parameters: 1 0.000238496 0.000317689 -0.000239109 0.999999 0.0012691 -0.000317051 -0.00126925 0.999999 -0.0113308 -0.0488666 0.0468624
FixedParameters: 0 0 0

#Transform 39
Transform: AffineTransform_float_3_3
Parameters: 1 0.000324933 -0.00012746 -0.00032493 1 1.15887e-05 0.000127467 -1.15059e-05 1 -0.000346672 -0.0182702 0.0701437
FixedParameters: 0 0 0

#Transform 40
Transform: AffineTransform_float_3_3
Parameters: 1 0.000472884 0.000307348 -0.00047253 0.999999 0.000818559 -0.000307061 -0.000818815 0.999999 -0.0166444 -0.0730042 0.0515634
FixedParameters: 0 0 0

#Transform 41
Transform: AffineTransform_float_3_3
Parameters: 1 0.000332928 0.000129827 -0.00033301 1 0.000317199 -0.000129615 -0.000317286 1 -0.0102 -0.0612883 0.091395
FixedParameters: 0 0 0

#Transform 42
Transform: AffineTransform_float_3_3
Parameters: 1 0.000396293 0.000121303 -0.0003964 1 0.000440627 -0.000120953 -0.000440722 1 -0.00702995 -0.0252801 0.0728591
FixedParameters: 0 0 0

#Transform 43
Transform: AffineTransform_float_3_3
Parameters: 0.999999 0.000591011 0.000509872 -0.000590845 0.999999 0.000736699 -0.000509382 -0.000736421 1 -0.0227542 -0.0708988 0.0585774
FixedParameters: 0 0 0

#Transform 44
Transform: AffineTransform_float_3_3
Parameters: 1 0.00037129 0.000127438 -0.000370648 0.999999 0.000844587 -0.000127299 -0.000844647 0.999999 -0.0073828 -0.0385608 0.0665466
FixedParameters: 0 0 0

#Transform 45
Transform: AffineTransform_float_3_3
Parameters: 1 0.000292743 -8.56228e-05 -0.000292695 1 0.00027931 8.57862e-05 -0.00027926 1 -0.00445068 -0.0652623 0.112693
FixedParameters: 0 0 0

#Transform 46
Transform: AffineTransform_float_3_3
Parameters: 1 0.000283525 -2.90962e-05 -0.000283475 0.999999 0.000858484 2.95831e-05 -0.000858467 0.999999 -0.0020007 -0.0278758 0.0367948
FixedParameters: 0 0 0

#Transform 47
Transform: AffineTransform_float_3_3
Parameters: 1 0.000279642 -4.8025e-06 -0.000279438 1 0.00110727 5.4532e-06 -0.00110727 1 -0.00715693 -0.0880314 0.0824753
FixedParameters: 0 0 0

#Transform 48
Transform: AffineTransform_float_3_3
Parameters: 1 0.000176217 0.000107429 -0.000176232 1 7.07111e-05 -0.000107404 -7.07489e-05 1 -0.00429327 -0.00870232 0.0502323
FixedParameters: 0 0 0

#Transform 49
Transform: AffineTransform_float_3_3
Parameters: 1 0.000157948 0.000109956 -0.000158161 0.999999 0.000971541 -0.000109649 -0.000971575 0.999999 -0.0102324 -0.0961592 0.0690173
FixedParameters: 0 0 0

#Transform 50
Transform: AffineTransform_float_3_3
Parameters: 1 0.00020021 4.75394e-06 -0.000200216 0.999999 0.000713166 -4.46829e-06 -0.000713167 0.999999 -0.00966667 -0.0760891 0.0539436
FixedParameters: 0 0 0

#Transform 51
Transform: AffineTransform_float_3_3
Parameters: 1 0.000260016 0.000286575 -0.000259592 1 0.00109258 -0.000286463 -0.0010927 1 -0.0191558 -0.074732 0.0758303
FixedParameters: 0 0 0

#Transform 52
Transform: AffineTransform_float_3_3
Parameters: 1 -3.21938e-05 7.74952e-05 3.20552e-05 0.999999 0.000894302 -7.75524e-05 -0.000894296 0.999999 -0.00932329 -0.0674099 0.025021
FixedParameters: 0 0 0

#Transform 53
Transform: AffineTransform_float_3_3
Parameters: 1 3.93348e-05 0.000129604 -3.94282e-05 1 0.0011044 -0.000129486 -0.00110442 1 -0.00822012 -0.0862851 0.076955
FixedParameters: 0 0 0

#Transform 54
Transform: AffineTransform_float_3_3
Parameters: 1 0.000106614 0.000273239 -0.00010601 1 0.000463428 -0.000273627 -0.000463452 1 -0.00849665 -0.0193392 0.0212107
FixedParameters: 0 0 0

#Transform 55
Transform: AffineTransform_float_3_3
Parameters: 1 0.000137426 0.000372972 -0.000137174 0.999999 0.000811925 -0.000373236 -0.000811994 0.999999 -0.0144414 -0.0636336 0.0436156
FixedParameters: 0 0 0

#Transform 56
Transform: AffineTransform_float_3_3
Parameters: 1 5.25499e-05 0.000126475 -5.25684e-05 1 7.29297e-05 -0.000126467 -7.29429e-05 1 -0.005918 -0.0288032 0.0297535
FixedParameters: 0 0 0

#Transform 57
Transform: AffineTransform_float_3_3
Parameters: 1 -0.000122741 -8.51391e-05 0.000122894 0.999999 0.000899621 8.49183e-05 -0.000899641 0.999999 -0.00141586 -0.0787561 0.0565094
FixedParameters: 0 0 0

#Transform 58
Transform: AffineTransform_float_3_3
Parameters: 1 0.000193726 8.98329e-05 -0.000194331 1 0.000710804 -9.04243e-05 -0.000710746 1 -0.00794697 -0.0681718 0.0679478
FixedParameters: 0 0 0

#Transform 59
Transform: AffineTransform_float_3_3
Parameters: 1 8.5869e-05 0.000264809 -8.53782e-05 0.999999 0.000692027 -0.000265178 -0.000692038 0.999999 -0.0109955 -0.0667149 0.0938042
FixedParameters: 0 0 0

#Transform 60
Transform: AffineTransform_float_3_3
Parameters: 1 8.83079e-05 0.000269157 -8.78229e-05 0.999999 0.000691642 -0.000269522 -0.000691655 0.999999 -0.0117978 -0.0335446 0.0326559
FixedParameters: 0 0 0

#Transform 61
Transform: AffineTransform_float_3_3
Parameters: 1 1.98e-06 0.000115241 -2.14251e-06 1 0.000705276 -0.000115238 -0.000705276 0.999999 -0.00367335 -0.0366922 0.0801435
FixedParameters: 0 0 0

#Transform 62
Transform: AffineTransform_float_3_3
Parameters: 1 0.000139526 0.000360463 -0.000139161 0.999999 0.000683549 -0.000360759 -0.000683616 0.999999 -0.0127765 -0.00959392 0.0616012
FixedParameters: 0 0 0

#Transform 63
Transform: AffineTransform_float_3_3
Parameters: 1 0.000235373 0.000608582 -0.000235875 0.999999 0.00127583 -0.000608436 -0.00127609 0.999999 -0.0201021 -0.0643332 0.0619065
FixedParameters: 0 0 0

#Transform 64
Transform: AffineTransform_float_3_3
Parameters: 1 0.000215049 0.000112167 -0.000215103 1 0.000240687 -0.000112063 -0.000240735 1 2.11925e-05 -0.0229199 0.0939785
FixedParameters: 0 0 0

#Transform 65
Transform: AffineTransform_float_3_3
Parameters: 1 7.18777e-05 0.000292289 -7.14761e-05 1 0.00110916 -0.000292585 -0.00110917 1 -0.00794984 -0.0358327 0.0705732
FixedParameters: 0 0 0

#Transform 66
Transform: AffineTransform_float_3_3
Parameters: 1 0.00023629 0.000304392 -0.000236785 1 0.00113068 -0.000303825 -0.00113083 1 -0.0149341 -0.0630604 0.0746922
FixedParameters: 0 0 0

#Transform 67
Transform: AffineTransform_float_3_3
Parameters: 1 9.93809e-05 0.00035107 -9.91603e-05 1 0.00118125 -0.00035129 -0.00118128 0.999999 -0.0121758 -0.0636911 0.0742685
FixedParameters: 0 0 0

#Transform 68
Transform: AffineTransform_float_3_3
Parameters: 1 0.000485736 5.72795e-05 -0.000485801 0.999999 0.000569897 -5.67258e-05 -0.000569952 1 -0.0131477 -0.098648 0.0603853
FixedParameters: 0 0 0

#Transform 69
Transform: AffineTransform_float_3_3
Parameters: 1 3.29159e-05 0.000176304 -3.22622e-05 1 0.00112386 -0.000176686 -0.00112384 1 -0.00466502 -0.0406579 0.088815
FixedParameters: 0 0 0

#Transform 70
Transform: AffineTransform_float_3_3
Parameters: 1 0.00030216 0.000191249 -0.000302397 1 0.00112668 -0.000190536 -0.0011268 1 -0.00516495 -0.0143247 0.06892
FixedParameters: 0 0 0

#Transform 71
Transform: AffineTransform_float_3_3
Parameters: 1 0.000154282 0.000392881 -0.0001541 1 0.00110468 -0.000392996 -0.00110477 1 -0.0156324 -0.0834887 0.0852715
FixedParameters: 0 0 0

#Transform 72
Transform: AffineTransform_float_3_3
Parameters: 1 8.24044e-05 0.000174648 -8.25457e-05 1 0.000404333 -0.000174581 -0.000404361 1 -0.00458801 -0.0205681 0.102439
FixedParameters: 0 0 0

#Transform 73
Transform: AffineTransform_float_3_3
Parameters: 1 6.77237e-05 0.000263333 -6.73661e-05 0.999999 0.0013149 -0.000263611 -0.0013149 0.999999 -0.00801101 -0.0540565 0.0924088
FixedParameters: 0 0 0

#Transform 74
Transform: AffineTransform_float_3_3
Parameters: 1 8.24044e-05 0.000174648 -8.25457e-05 1 0.000404333 -0.000174581 -0.000404361 1 -0.0126598 -0.0858671 0.143753
FixedParameters: 0 0 0

#Transform 75
Transform: AffineTransform_float_3_3
Parameters: 1 8.24044e-05 0.000174648 -8.25457e-05 1 0.000404333 -0.000174581 -0.000404361 1 -0.00794816 -0.0545505 0.0993222
FixedParameters: 0 0 0

#Transform 76
Transform: AffineTransform_float_3_3
Parameters: 0.999999 0.000318773 0.000755321 -0.000319249 0.999998 0.00161794 -0.000755125 -0.00161751 0.999999 -0.0256846 -0.0880613 0.0818006
FixedParameters: 0 0 0

#Transform 77
Transform: AffineTransform_float_3_3
Parameters: 1 0.000203087 9.66355e-05 -0.000203143 1 0.000288236 -9.65184e-05 -0.000288275 1 -0.00415535 -0.018747 0.0740716
FixedParameters: 0 0 0

#Transform 78
Transform: AffineTransform_float_3_3
Parameters: 1 0.000165291 0.000186756 -0.000165496 1 0.00106667 -0.000186372 -0.00106673 1 -0.00414771 -0.0653218 0.106285
FixedParameters: 0 0 0

#Transform 79
Transform: AffineTransform_float_3_3
Parameters: 1 0.000389574 6.28967e-05 -0.000389517 1 0.00108735 -6.20179e-05 -0.0010874 1 -0.0058986 -0.0478982 0.0798447
FixedParameters: 0 0 0

#Transform 80
Transform: AffineTransform_float_3_3
Parameters: 1 0.000311021 8.65037e-05 -0.000311169 0.999999 0.000857689 -8.59699e-05 -0.000857742 0.999999 -0.00298863 -0.0188669 0.112984
FixedParameters: 0 0 0

#Transform 81
Transform: AffineTransform_float_3_3
Parameters: 0.999999 0.00026059 0.00137601 -0.000263659 0.999997 0.00238551 -0.00137518 -0.00238538 0.999996 -0.00368641 -0.067089 0.134235
FixedParameters: 0 0 0

#Transform 82
Transform: AffineTransform_float_3_3
Parameters: 0.999999 0.000379 0.000906785 -0.000380739 0.999999 0.00164485 -0.000905959 -0.00164551 0.999998 -0.0177631 -0.0822019 0.107232
FixedParameters: 0 0 0

#Transform 83
Transform: AffineTransform_float_3_3
Parameters: 0.999999 0.000350812 0.000830198 -0.000352049 1 0.000781097 -0.000829542 -0.000780834 0.999999 -0.0132091 -0.0590901 0.122245
FixedParameters: 0 0 0

#Transform 84
Transform: AffineTransform_float_3_3
Parameters: 0.999999 0.000512318 0.000848592 -0.000512762 1 0.000296374 -0.000848181 -0.000296398 1 -0.00689472 -0.0320852 0.055655
FixedParameters: 0 0 0

#Transform 85
Transform: AffineTransform_float_3_3
Parameters: 0.999999 0.000371373 0.000626313 -0.000372055 1 0.000543644 -0.000625908 -0.000544108 0.999999 -0.00617424 -0.0887841 0.0775193
FixedParameters: 0 0 0

#Transform 86
Transform: AffineTransform_float_3_3
Parameters: 0.999999 0.00045355 0.000670609 -0.000454181 0.999999 0.000798252 -0.000671132 -0.000797888 1 -0.00184562 -0.0364825 0.0798497
FixedParameters: 0 0 0

#Transform 87
Transform: AffineTransform_float_3_3
Parameters: 0.999999 0.000358708 0.000679761 -0.000359116 1 0.000300069 -0.000679545 -0.000300556 0.999999 -0.00814944 -0.0247476 0.0165965
FixedParameters: 0 0 0

#Transform 88
Transform: AffineTransform_float_3_3
Parameters: 0.999999 6.91132e-05 0.000913157 -7.01727e-05 0.999999 0.00110518 -0.000913496 -0.0011058 0.999999 -0.00773102 -0.0914359 0.0976383
FixedParameters: 0 0 0

#Transform 89
Transform: AffineTransform_float_3_3
Parameters: 0.999999 0.000372689 0.00063727 -0.000373468 0.999999 0.000610926 -0.000636814 -0.000611401 0.999999 -0.00944638 -0.0740332 0.0670364
FixedParameters: 0 0 0

#Transform 90
Transform: AffineTransform_float_3_3
Parameters: 0.999999 0.000386082 0.000760364 -0.000387139 0.999999 0.00138593 -0.000759747 -0.00138648 0.999999 -0.0116739 -0.0913704 0.0688642
FixedParameters: 0 0 0

#Transform 91
Transform: AffineTransform_float_3_3
Parameters: 0.999999 0.000398053 0.00069021 -0.000398915 1 0.00066787 -0.00068957 -0.000667573 1 -0.00668503 -0.0486492 0.0518978
FixedParameters: 0 0 0

#Transform 92
Transform: AffineTransform_float_3_3
Parameters: 0.999999 0.000204597 0.000842019 -0.000205499 1 0.00115914 -0.000841999 -0.00115945 0.999999 -0.0134841 -0.104183 0.086745
FixedParameters: 0 0 0

#Transform 93
Transform: AffineTransform_float_3_3
Parameters: 1 0.000110688 0.000539529 -0.000111087 1 0.000991238 -0.00053841 -0.000991452 1 -0.00888146 -0.0667827 0.0446963
FixedParameters: 0 0 0

#Transform 94
Transform: AffineTransform_float_3_3
Parameters: 1 0.000268782 0.000538884 -0.000270001 0.999999 0.00131029 -0.000538146 -0.00131058 0.999999 -0.00818418 -0.0965125 0.077743
FixedParameters: 0 0 0

#Transform 95
Transform: AffineTransform_float_3_3
Parameters: 1 0.000276015 0.000491875 -0.000276839 0.999999 0.000837672 -0.000491412 -0.000837943 0.999999 -0.00508226 -0.0122918 0.0331837
FixedParameters: 0 0 0

#Transform 96
Transform: AffineTransform_float_3_3
Parameters: 0.999999 0.000227525 0.000855461 -0.000228969 0.999999 0.00145763 -0.00085525 -0.00145799 0.999998 -0.0137366 -0.0864443 0.0688995
FixedParameters: 0 0 0

#Transform 97
Transform: AffineTransform_float_3_3
Parameters: 1 0.000113353 0.000223514 -0.000113623 1 0.00103614 -0.000223247 -0.00103619 1 0.00833137 -0.0534281 0.0576362
FixedParameters: 0 0 0

#Transform 98
Transform: AffineTransform_float_3_3
Parameters: 1 3.23582e-05 0.000503537 -3.29445e-05 0.999998 0.00162457 -0.000503887 -0.00162457 0.999998 -0.00784651 -0.0871565 0.072583
FixedParameters: 0 0 0

#Transform 99
Transform: AffineTransform_float_3_3
Parameters: 1 6.52783e-05 0.000174302 -6.55498e-05 0.999999 0.00133259 -0.000174096 -0.00133261 0.999999 0.00358516 -0.0702896 0.0876344
FixedParameters: 0 0 0

#Transform 100
Transform: AffineTransform_float_3_3
Parameters: 1 7.85731e-06 9.41107e-05 -8.42796e-06 0.999999 0.00151835 -9.49214e-05 -0.00151826 0.999999 -0.00357268 -0.0624947 0.0630834
FixedParameters: 0 0 0

#Transform 101
Transform: AffineTransform_float_3_3
Parameters: 1 0.000103474 0.000282546 -0.000104208 0.999998 0.00164219 -0.000282173 -0.00164225 0.999998 -0.0113673 -0.100508 0.085851
FixedParameters: 0 0 0

#Transform 102
Transform: AffineTransform_float_3_3
Parameters: 1 0.000117823 0.000196062 -0.000118119 0.999999 0.000754508 -0.000195883 -0.000754554 0.999999 0.00101063 -0.00590274 0.0822482
FixedParameters: 0 0 0

#Transform 103
Transform: AffineTransform_float_3_3
Parameters: 1 0.000261178 0.000139992 -0.000261272 1 0.00102854 -0.000139423 -0.00102861 1 -0.0072013 -0.048031 0.128456
FixedParameters: 0 0 0

#Transform 104
Transform: AffineTransform_float_3_3
Parameters: 1 0.000485413 0.000392364 -0.000486472 0.999999 0.000741124 -0.00039251 -0.000741413 0.999999 -0.0153136 -0.0706128 0.09256
FixedParameters: 0 0 0

#Transform 105
Transform: AffineTransform_float_3_3
Parameters: 1 0.000155346 0.00045786 -0.000156155 0.999999 0.000884335 -0.000457584 -0.000884477 0.999999 -0.00621556 0.0117345 0.0883432
FixedParameters: 0 0 0

#Transform 106
Transform: AffineTransform_float_3_3
Parameters: 1 0.000114807 0.000214191 -0.00011521 0.999999 0.000940604 -0.000213975 -0.000940652 0.999999 0.0175873 -0.0425442 0.100461
FixedParameters: 0 0 0

#Transform 107
Transform: AffineTransform_float_3_3
Parameters: 1 0.000136243 0.000683502 -0.000137221 0.999999 0.00148305 -0.000683552 -0.0014832 0.999998 -0.0130532 -0.0597792 0.133116
FixedParameters: 0 0 0

#Transform 108
Transform: AffineTransform_float_3_3
Parameters: 1 0.000272874 0.00039639 -0.000273223 1 0.000439964 -0.00039615 -0.00044018 1 0.010538 -0.0157946 0.112627
FixedParameters: 0 0 0

#Transform 109
Transform: AffineTransform_float_3_3
Parameters: 0.999999 0.000338592 0.000931331 -0.000340368 0.999999 0.00154982 -0.000930628 -0.00154957 0.999999 -0.0147351 -0.0589509 0.100911
FixedParameters: 0 0 0

#Transform 110
Transform: AffineTransform_float_3_3
Parameters: 1 2.73773e-05 0.00027281 -2.78077e-05 0.999999 0.000788818 -0.000272766 -0.000788833 0.999999 0.00178186 -0.0542636 0.0406106
FixedParameters: 0 0 0

#Transform 111
Transform: AffineTransform_float_3_3
Parameters: 1 7.37168e-06 0.000350998 -8.36604e-06 0.999998 0.00169129 -0.00035094 -0.0016913 0.999998 -0.0050927 -0.0539015 0.0808393
FixedParameters: 0 0 0

#Transform 112
Transform: AffineTransform_float_3_3
Parameters: 1 1.02306e-05 0.000334053 -1.10513e-05 0.999999 0.00151714 -0.000333989 -0.00151715 0.999999 -0.0268424 -0.0756301 0.0907927
FixedParameters: 0 0 0

#Transform 113
Transform: AffineTransform_float_3_3
Parameters: 1 7.40439e-06 0.000350805 -8.39669e-06 0.999998 0.0016893 -0.000350746 -0.00168931 0.999998 -0.0242496 -0.0999792 0.0881237
FixedParameters: 0 0 0

#Transform 114
Transform: AffineTransform_float_3_3
Parameters: 1 0.000129709 0.00022612 -0.00013047 1 0.00105223 -0.000226681 -0.0010522 1 -0.0102957 -0.0633859 0.134796
FixedParameters: 0 0 0

#Transform 115
Transform: AffineTransform_float_3_3
Parameters: 1 0.000431505 6.51309e-05 -0.000431937 1 0.00114408 -6.49788e-05 -0.00114404 1 -0.0132325 -0.0276749 0.0881815
FixedParameters: 0 0 0

#Transform 116
Transform: AffineTransform_float_3_3
Parameters: 1 0.000129867 0.000267821 -0.000130968 0.999999 0.00152548 -0.000268258 -0.00152546 0.999999 -0.0145306 -0.123662 0.116562
FixedParameters: 0 0 0

#Transform 117
Transform: AffineTransform_float_3_3
Parameters: 1 0.000120514 0.000443805 -0.000119905 0.999999 0.000177963 -0.000444286 -0.000178558 1 -0.00769566 -0.0232063 0.100905
FixedParameters: 0 0 0

#Transform 118
Transform: AffineTransform_float_3_3
Parameters: 1 0.000136535 0.000597565 -0.000136874 1 0.00116183 -0.000597702 -0.00116196 0.999999 -0.00954299 -0.050109 0.137667
FixedParameters: 0 0 0

#Transform 119
Transform: AffineTransform_float_3_3
Parameters: 1 -1.68893e-05 0.000311668 1.72592e-05 1 0.00109081 -0.000312161 -0.00109077 1 -0.0109059 -0.0158445 0.0577905
FixedParameters: 0 0 0

#Transform 120
Transform: AffineTransform_float_3_3
Parameters: 1 8.79098e-05 0.000262822 -8.85592e-05 0.999998 0.00197045 -0.00026241 -0.0019705 0.999998 -0.0110796 -0.080612 0.138138
FixedParameters: 0 0 0

#Transform 121
Transform: AffineTransform_float_3_3
Parameters: 1 0.000132697 0.000241446 -0.000133582 0.999999 0.00124472 -0.00024195 -0.0012447 0.999999 -0.0223261 -0.0581879 0.0789701
FixedParameters: 0 0 0

#Transform 122
Transform: AffineTransform_float_3_3
Parameters: 1 7.19733e-05 0.000514085 -7.38604e-05 0.999997 0.00239893 -0.00051364 -0.00239901 0.999997 -0.0190061 -0.068868 0.0729529
FixedParameters: 0 0 0

#Transform 123
Transform: AffineTransform_float_3_3
Parameters: 1 0.000124358 0.0002196 -0.00012525 0.999999 0.000945259 -0.000220232 -0.000945221 0.999999 -0.0146019 -0.041684 0.104442
FixedParameters: 0 0 0

#Transform 124
Transform: AffineTransform_float_3_3
Parameters: 1 -4.9253e-05 6.88081e-05 4.86492e-05 0.999997 0.00236598 -6.84574e-05 -0.00236602 0.999997 -0.00934327 -0.0825669 0.100513
FixedParameters: 0 0 0

#Transform 125
Transform: AffineTransform_float_3_3
Parameters: 1 0.000113549 -0.000205283 -0.000113183 0.999999 0.00158336 0.000204807 -0.00158323 0.999998 -0.0045852 -0.0640371 0.10319
FixedParameters: 0 0 0

#Transform 126
Transform: AffineTransform_float_3_3
Parameters: 1 8.4898e-05 -8.89637e-05 -8.46312e-05 0.999998 0.00201471 8.85013e-05 -0.00201461 0.999998 -0.00345747 -0.0354308 0.105998
FixedParameters: 0 0 0

#Transform 127
Transform: AffineTransform_float_3_3
Parameters: 1 0.000122772 0.000267615 -0.000123848 0.999999 0.00147816 -0.000268086 -0.00147813 0.999999 -0.000397766 -0.0689793 0.090037
FixedParameters: 0 0 0

#Transform 128
Transform: AffineTransform_float_3_3
Parameters: 1 -9.98672e-05 -0.000141184 9.96053e-05 0.999999 0.00142495 0.000141419 -0.00142501 0.999999 0.0164132 -0.0288255 0.11994
FixedParameters: 0 0 0

#Transform 129
Transform: AffineTransform_float_3_3
Parameters: 1 0.00019914 -7.09105e-05 -0.000199026 0.999999 0.000799911 7.1229e-05 -0.000799882 0.999999 0.00455428 -0.0481719 0.157943
FixedParameters: 0 0 0

#Transform 130
Transform: AffineTransform_float_3_3
Parameters: 1 0.000111331 -0.00010314 -0.0001117 0.999999 0.00142467 0.000103977 -0.00142468 0.999999 0.0131186 -0.0300502 0.101358
FixedParameters: 0 0 0

#Transform 131
Transform: AffineTransform_float_3_3
Parameters: 1 0.000231886 5.12732e-05 -0.000231681 0.999999 0.00177531 -5.03869e-05 -0.00177533 0.999999 -0.00483569 -0.0772546 0.106929
FixedParameters: 0 0 0

#Transform 132
Transform: AffineTransform_float_3_3
Parameters: 1 0.000213526 5.72472e-05 -0.000213951 0.999999 0.00123382 -5.75554e-05 -0.00123375 0.999999 -0.00777608 -0.0246867 0.0609693
FixedParameters: 0 0 0

#Transform 133
Transform: AffineTransform_float_3_3
Parameters: 1 0.000238691 0.00022167 -0.000239266 0.999997 0.0021728 -0.000220568 -0.00217291 0.999997 -0.000545313 -0.0900381 0.0909068
FixedParameters: 0 0 0

#Transform 134
Transform: AffineTransform_float_3_3
Parameters: 1 0.000385615 -0.000493037 -0.000384553 0.999998 0.00145636 0.000493286 -0.00145642 0.999999 0.00374663 -0.042597 0.0646927
FixedParameters: 0 0 0

#Transform 135
Transform: AffineTransform_float_3_3
Parameters: 1 0.000113496 -0.000146255 -0.000112991 1 0.00106814 0.000146528 -0.00106811 1 0.00301046 -0.0459245 0.0751922
FixedParameters: 0 0 0

#Transform 136
Transform: AffineTransform_float_3_3
Parameters: 1 0.000111065 -0.000150603 -0.000111028 1 0.00106854 0.000150004 -0.00106841 1 0.0112802 -0.0446521 0.0514002
FixedParameters: 0 0 0

#Transform 137
Transform: AffineTransform_float_3_3
Parameters: 1 8.14547e-05 -0.000103695 -8.06815e-05 0.999998 0.00186536 0.00010406 -0.00186534 0.999999 0.00039402 -0.0684822 0.115145
FixedParameters: 0 0 0

#Transform 138
Transform: AffineTransform_float_3_3
Parameters: 1 1.99635e-05 -0.000341437 -1.93784e-05 0.999999 0.000856521 0.000341471 -0.000856507 0.999999 -0.00418468 -0.0398497 0.108924
FixedParameters: 0 0 0

#Transform 139
Transform: AffineTransform_float_3_3
Parameters: 1 0.000128643 -1.53175e-05 -0.000128198 0.999998 0.00188967 1.58662e-05 -0.00188967 0.999998 -0.00498972 -0.0568712 0.103516
FixedParameters: 0 0 0

#Transform 140
Transform: AffineTransform_float_3_3
Parameters: 1 0.000155302 4.84344e-05 -0.00015511 0.999998 0.00201251 -4.77463e-05 -0.00201252 0.999998 -0.0135441 -0.0903218 0.101568
FixedParameters: 0 0 0

#Transform 141
Transform: AffineTransform_float_3_3
Parameters: 1 8.37282e-05 -0.000129674 -8.31131e-05 0.999998 0.00162575 0.000129977 -0.00162573 0.999998 0.00485106 -0.0459482 0.102585
FixedParameters: 0 0 0

#Transform 142
Transform: AffineTransform_float_3_3
Parameters: 1 0.000117792 -8.01051e-05 -0.000117831 0.999999 0.00153105 7.96302e-05 -0.00153094 0.999999 -0.000440282 -0.0748751 0.121175
FixedParameters: 0 0 0

#Transform 143
Transform: AffineTransform_float_3_3
Parameters: 1 6.05637e-06 -0.000254599 -5.77044e-06 0.999998 0.00174863 0.000255245 -0.00174781 0.999999 0.00568251 -0.046386 0.0872506
FixedParameters: 0 0 0

#Transform 144
Transform: AffineTransform_float_3_3
Parameters: 0.999999 -0.000364347 -0.00147136 0.000371339 0.999988 0.00488771 0.00147 -0.00488767 0.999987 0.0075127 -0.124926 0.0926335
FixedParameters: 0 0 0

#Transform 145
Transform: AffineTransform_float_3_3
Parameters: 1 -0.000304778 -0.000811473 0.000306083 0.999998 0.00203629 0.000810368 -0.00203676 0.999997 -0.00120827 -0.0191413 0.0984801
FixedParameters: 0 0 0

#Transform 146
Transform: AffineTransform_float_3_3
Parameters: 1 -0.000306921 -0.000797976 0.00030836 0.999997 0.00217528 0.000796846 -0.00217542 0.999998 0.00744053 -0.0964546 0.120714
FixedParameters: 0 0 0

#Transform 147
Transform: AffineTransform_float_3_3
Parameters: 1 -0.000358075 -0.000787283 0.000359091 0.999998 0.001973 0.000785969 -0.00197406 0.999998 0.0101155 -0.00537239 0.130531
FixedParameters: 0 0 0

#Transform 148
Transform: AffineTransform_float_3_3
Parameters: 0.999999 -0.000227728 -0.000670574 0.000229148 0.999998 0.00205004 0.000670675 -0.00205041 0.999997 0.00200053 -0.0708555 0.147066
FixedParameters: 0 0 0

#Transform 149
Transform: AffineTransform_float_3_3
Parameters: 1 -0.000313334 -0.000864585 0.000315338 0.999996 0.00266672 0.000863672 -0.00266643 0.999996 0.0154887 -0.0388453 0.0880897
FixedParameters: 0 0 0

#Transform 150
Transform: AffineTransform_float_3_3
Parameters: 1 -0.00016664 -0.000445932 0.000167769 0.999995 0.00296197 0.000445137 -0.00296262 0.999995 -0.00215274 -0.105416 0.105158
FixedParameters: 0 0 0

#Transform 151
Transform: AffineTransform_float_3_3
Parameters: 1 -0.000299678 -0.00084461 0.000301173 0.999998 0.00169459 0.000843281 -0.00169472 0.999999 0.00610995 -0.00788754 0.0576598
FixedParameters: 0 0 0

#Transform 152
Transform: AffineTransform_float_3_3
Parameters: 0.999999 -0.000186825 -0.000678632 0.000188517 0.999996 0.00267091 0.000679293 -0.00267043 0.999996 0.00192736 -0.121907 0.116118
FixedParameters: 0 0 0

#Transform 153
Transform: AffineTransform_float_3_3
Parameters: 0.999999 -0.000477638 -0.00117216 0.000479843 0.999998 0.00164669 0.00117167 -0.00164703 0.999998 0.0211553 -0.0558244 0.109827
FixedParameters: 0 0 0

#Transform 154
Transform: AffineTransform_float_3_3
Parameters: 1 -0.00041639 -0.000679077 0.000417493 0.999997 0.00224306 0.000677452 -0.00224276 0.999997 0.00829466 -0.0715406 0.141319
FixedParameters: 0 0 0

#Transform 155
Transform: AffineTransform_float_3_3
Parameters: 1 -0.000344234 -0.000885633 0.0003458 0.999998 0.00201367 0.000884382 -0.00201426 0.999997 0.0136231 -0.052858 0.101484
FixedParameters: 0 0 0

#Transform 156
Transform: AffineTransform_float_3_3
Parameters: 1 -0.000297603 -0.000729893 0.000300109 0.999997 0.00258759 0.00072949 -0.00258725 0.999997 0.011258 -0.0514271 0.13531
FixedParameters: 0 0 0

#Transform 157
Transform: AffineTransform_float_3_3
Parameters: 0.999999 -0.000287142 -0.0011727 0.000290255 0.999998 0.00215545 0.0011717 -0.00215526 0.999997 0.0155826 -0.0377722 0.114868
FixedParameters: 0 0 0

#Transform 158
Transform: AffineTransform_float_3_3
Parameters: 0.999999 -0.000209021 -0.000592912 0.000211252 0.999995 0.00303199 0.000591978 -0.00303137 0.999995 -0.00756849 -0.0632387 0.109035
FixedParameters: 0 0 0

#Transform 159
Transform: AffineTransform_float_3_3
Parameters: 1 -0.000110246 -0.000878134 0.000112753 0.999996 0.00283385 0.000878192 -0.00283407 0.999995 0.00712697 -0.0822027 0.0994811
FixedParameters: 0 0 0

#Transform 160
Transform: AffineTransform_float_3_3
Parameters: 1 0.000348631 -0.000288971 -0.000348806 0.999998 0.00166974 0.000289787 -0.00166948 0.999998 -0.00521961 -0.0184445 0.105558
FixedParameters: 0 0 0

#Transform 161
Transform: AffineTransform_float_3_3
Parameters: 1 -0.000246478 -0.000520488 0.000247169 0.999999 0.00130263 0.000520364 -0.00130293 0.999999 0.00314013 -0.0424091 0.125483
FixedParameters: 0 0 0

#Transform 162
Transform: AffineTransform_float_3_3
Parameters: 1 -0.000212606 -0.000428127 0.000213184 0.999997 0.00256133 0.000427239 -0.00256149 0.999996 -0.00198625 -0.0749934 0.137055
FixedParameters: 0 0 0

#Transform 163
Transform: AffineTransform_float_3_3
Parameters: 0.999999 -0.000174794 -0.00074881 0.000175755 0.999999 0.00161784 0.000749355 -0.00161732 0.999999 0.0118466 -0.023275 0.180273
FixedParameters: 0 0 0

#Transform 164
Transform: AffineTransform_float_3_3
Parameters: 1 -0.000352476 -0.000355451 0.000353972 0.999997 0.00249969 0.000354267 -0.00249998 0.999997 0.00495956 -0.0200955 0.128899
FixedParameters: 0 0 0

#Transform 165
Transform: AffineTransform_float_3_3
Parameters: 1 -9.31685e-05 -0.000512686 9.47408e-05 0.999997 0.00235974 0.00051192 -0.0023603 0.999998 0.00125287 -0.0652511 0.0879202
FixedParameters: 0 0 0

#Transform 166
Transform: AffineTransform_float_3_3
Parameters: 0.999999 -0.000290861 -0.000534206 0.000291697 0.999995 0.00294579 0.00053328 -0.0029458 0.999996 0.0063624 -0.0548091 0.10999
FixedParameters: 0 0 0

#Transform 167
Transform: AffineTransform_float_3_3
Parameters: 1 -0.000331869 -0.000397868 0.000332879 0.999998 0.00186308 0.00039718 -0.00186338 0.999998 0.00230537 -0.039394 0.117656
FixedParameters: 0 0 0

#Transform 168
Transform: AffineTransform_float_3_3
Parameters: 1 -0.000587833 -0.000673825 0.000589762 0.999994 0.00336504 0.000672045 -0.00336513 0.999994 0.000620689 -0.0454021 0.0970878
FixedParameters: 0 0 0

#Transform 169
Transform: AffineTransform_float_3_3
Parameters: 1 -0.000395159 -0.000787068 0.000397751 0.999994 0.00329889 0.000786634 -0.00329881 0.999994 -0.00270058 -0.120649 0.126644
FixedParameters: 0 0 0

#Transform 170
Transform: AffineTransform_float_3_3
Parameters: 0.999999 -0.00042316 -0.000638054 0.000425363 0.999997 0.00257256 0.000637048 -0.00257233 0.999997 -0.00690146 -0.0403202 0.135262
FixedParameters: 0 0 0

#Transform 171
Transform: AffineTransform_float_3_3
Parameters: 1 -0.000136312 -0.000738714 0.000137972 0.999996 0.00305022 0.000737693 -0.00305087 0.999996 -0.00647701 -0.0949913 0.186251
FixedParameters: 0 0 0

#Transform 172
Transform: AffineTransform_float_3_3
Parameters: 1 0.000515873 -0.000291425 -0.000513957 0.999994 0.00325943 0.000293205 -0.00325896 0.999994 -0.00833515 -0.0816646 0.145025
FixedParameters: 0 0 0

#Transform 173
Transform: AffineTransform_float_3_3
Parameters: 0.999999 0.000507555 -0.000593708 -0.00050626 1 0.000977166 0.000594623 -0.000977412 0.999999 -0.0159197 -0.0503828 0.170454
FixedParameters: 0 0 0

#Transform 174
Transform: AffineTransform_float_3_3
Parameters: 1 0.000162415 -0.000252303 -0.000161476 0.999999 0.0014782 0.000252813 -0.00147812 0.999999 -0.0162651 -0.046907 0.153548
FixedParameters: 0 0 0

#Transform 175
Transform: AffineTransform_float_3_3
Parameters: 1 0.000411197 -0.000279334 -0.000409847 0.999996 0.00273901 0.000279974 -0.00273861 0.999996 -0.010218 -0.0912498 0.12329
FixedParameters: 0 0 0

#Transform 176
Transform: AffineTransform_float_3_3
Parameters: 1 0.000433443 -0.00033885 -0.000432757 0.999998 0.00221017 0.000340372 -0.00221067 0.999997 -0.00217435 -0.0107653 0.123659
FixedParameters: 0 0 0

#Transform 177
Transform: AffineTransform_float_3_3
Parameters: 1 2.20367e-05 -0.000268014 -2.13882e-05 0.999998 0.00208739 0.000268656 -0.00208742 0.999998 -0.000755945 -0.0194756 0.166668
FixedParameters: 0 0 0

#Transform 178
Transform: AffineTransform_float_3_3
Parameters: 1 -0.00018609 0.000588032 0.000184187 0.999997 0.00251532 -0.000588 -0.0025152 0.999996 -0.0265481 -0.0211101 0.104464
FixedParameters: 0 0 0

#Transform 179
Transform: AffineTransform_float_3_3
Parameters: 1 6.94647e-05 -8.22221e-05 -6.87612e-05 0.999998 0.00192839 8.2552e-05 -0.00192838 0.999998 -0.0116235 -0.0801313 0.209302
FixedParameters: 0 0 0

#Transform 180
Transform: AffineTransform_float_3_3
Parameters: 1 5.34131e-05 1.35416e-05 -5.30745e-05 0.999999 0.001753 -1.32915e-05 -0.00175301 0.999999 -0.00895052 -0.0188081 0.173557
FixedParameters: 0 0 0

#Transform 181
Transform: AffineTransform_float_3_3
Parameters: 1 3.07e-05 0.00020761 -3.1145e-05 0.999997 0.00246629 -0.000207362 -0.00246631 0.999997 -0.019376 -0.0902185 0.143606
FixedParameters: 0 0 0

#Transform 182
Transform: AffineTransform_float_3_3
Parameters: 1 7.01047e-06 -4.14357e-05 -6.46033e-06 0.999998 0.00198169 4.15258e-05 -0.00198169 0.999998 -0.00391726 0.012715 0.146104
FixedParameters: 0 0 0

#Transform 183
Transform: AffineTransform_float_3_3
Parameters: 1 7.95034e-05 3.44594e-05 -7.94166e-05 0.999999 0.00154439 -3.41821e-05 -0.00154439 0.999999 -0.015581 -0.0336682 0.176088
FixedParameters: 0 0 0

#Transform 184
Transform: AffineTransform_float_3_3
Parameters: 1 3.94905e-06 0.000404015 -4.44305e-06 0.999997 0.00238746 -0.000404387 -0.00238743 0.999997 -0.0189794 -0.0316325 0.123481
FixedParameters: 0 0 0

#Transform 185
Transform: AffineTransform_float_3_3
Parameters: 1 -1.99204e-05 -0.000100519 1.99635e-05 0.999997 0.00226076 0.000101086 -0.00225995 0.999998 -0.0331495 -0.129446 0.113995
FixedParameters: 0 0 0

#Transform 186
Transform: AffineTransform_float_3_3
Parameters: 1 -0.000237449 -0.000119891 0.000237573 0.999997 0.00223901 0.000119484 -0.00223826 0.999998 -0.0058598 -0.0554483 0.135393
FixedParameters: 0 0 0

#Transform 187
Transform: AffineTransform_float_3_3
Parameters: 1 0.000442399 0.000122961 -0.000442855 0.999998 0.00227815 -0.000121717 -0.00227817 0.999998 -0.0209756 -0.0852654 0.134559
FixedParameters: 0 0 0

#Transform 188
Transform: AffineTransform_float_3_3
Parameters: 1 -0.000247943 -5.55998e-05 0.000248177 0.999996 0.00290138 5.47743e-05 -0.00290145 0.999996 -0.0216983 -0.0994062 0.124747
FixedParameters: 0 0 0

#Transform 189
Transform: AffineTransform_float_3_3
Parameters: 1 0.000199498 -0.000387074 -0.000198056 0.999998 0.00198031 0.000387057 -0.00198007 0.999998 -0.00395109 -0.0626302 0.158712
FixedParameters: 0 0 0

#Transform 190
Transform: AffineTransform_float_3_3
Parameters: 1 -0.000210853 -0.000273939 0.000211041 0.999995 0.00293928 0.000272933 -0.00293938 0.999995 -0.00888555 -0.0237914 0.122304
FixedParameters: 0 0 0

#Transform 191
Transform: AffineTransform_float_3_3
Parameters: 1 0.000146949 -0.000227954 -0.000146034 0.999994 0.00344211 0.000227905 -0.00344191 0.999994 -0.00763854 -0.10709 0.204699
FixedParameters: 0 0 0

#Transform 192
Transform: AffineTransform_float_3_3
