#Insight Transform File V1.0
#Transform 0
Transform: AffineTransform_float_3_3
Parameters: 0.999993 -0.00248963 0.00250845 0.00248982 0.999997 -0.000141876 -0.00250816 0.000147987 0.999997 -0.000895244 -0.0122835 -0.0598776
FixedParameters: 0 0 0

#Transform 1
Transform: AffineTransform_float_3_3
Parameters: 0.999993 -0.00207205 0.00304187 0.00207283 0.999998 -0.000436384 -0.00304085 0.000443101 0.999996 -0.0434185 0.0040879 0.0282902
FixedParameters: 0 0 0

#Transform 2
Transform: AffineTransform_float_3_3
Parameters: 0.999993 -0.00198997 0.00310313 0.00199087 0.999998 -0.000302584 -0.00310316 0.000308985 0.999995 -0.0562871 -0.0306147 -0.00981937
FixedParameters: 0 0 0

#Transform 3
Transform: AffineTransform_float_3_3
Parameters: 0.999995 -0.00209081 0.00214712 0.00209095 0.999998 0.000108402 -0.00214828 -0.00010307 0.999998 -0.00974784 -0.0440354 -0.035329
FixedParameters: 0 0 0

#Transform 4
Transform: AffineTransform_float_3_3
Parameters: 0.999995 -0.0015786 0.00280863 0.001579 0.999999 -0.000144466 -0.0028083 0.000148734 0.999996 -0.0536989 -0.0107125 0.0248427
FixedParameters: 0 0 0

#Transform 5
Transform: AffineTransform_float_3_3
Parameters: 0.999997 -0.00200731 0.00181384 0.00200708 0.999998 -2.29971e-05 -0.00181417 2.66949e-05 0.999998 0.010891 -0.066411 -0.0439043
FixedParameters: 0 0 0

#Transform 6
Transform: AffineTransform_float_3_3
Parameters: 0.999996 -0.00139685 0.00251025 0.00139748 0.999999 -0.000196895 -0.00250988 0.000199912 0.999997 -0.0442691 0.0187818 0.0156848
FixedParameters: 0 0 0

#Transform 7
Transform: AffineTransform_float_3_3
Parameters: 0.999996 -0.00166031 0.00197157 0.00166108 0.999999 -0.000252041 -0.00197088 0.000255796 0.999998 -0.0170433 -0.008284 -0.0541916
FixedParameters: 0 0 0

#Transform 8
Transform: AffineTransform_float_3_3
Parameters: 0.999997 -0.00141089 0.00227066 0.00141116 0.999999 -0.000127758 -0.00227054 0.000130771 0.999997 -0.0543679 -0.00778459 -0.0414012
FixedParameters: 0 0 0

#Transform 9
Transform: AffineTransform_float_3_3
Parameters: 0.999998 -0.00145426 0.00131708 0.00145467 0.999999 -0.000223105 -0.00131664 0.000224746 0.999999 -0.0124182 -0.00713715 -0.0522279
FixedParameters: 0 0 0

#Transform 10
Transform: AffineTransform_float_3_3
Parameters: 0.999998 -0.00146736 0.0013186 0.00146732 0.999999 -5.35827e-05 -0.00131865 5.52628e-05 0.999999 -0.00690025 -0.0146699 0.020081
FixedParameters: 0 0 0

#Transform 11
Transform: AffineTransform_float_3_3
Parameters: 1 -0.000599533 -0.00012304 0.000599624 1 0.000370901 0.000122595 -0.000371048 1 0.00987322 0.00053125 -0.000212424
FixedParameters: 0 0 0

#Transform 12
Transform: AffineTransform_float_3_3
Parameters: 1 -0.000281538 0.000466569 0.000280939 1 0.000641872 -0.000466929 -0.000641608 0.999999 -0.020041 -0.0431663 -0.0260943
FixedParameters: 0 0 0

#Transform 13
Transform: AffineTransform_float_3_3
Parameters: 1 -0.00031828 0.000512188 0.000318101 1 0.00017527 -0.000512299 -0.000174944 1 -0.0213528 0.0175569 -0.0260426
FixedParameters: 0 0 0

#Transform 14
Transform: AffineTransform_float_3_3
Parameters: 1 -0.000392924 -0.00028627 0.000392236 1 0.000357221 0.00028643 -0.000357382 1 0.01371 -0.0355914 -0.0308417
FixedParameters: 0 0 0

#Transform 15
Transform: AffineTransform_float_3_3
Parameters: 1 -0.000474583 -0.000241898 0.000474686 1 0.000213092 0.000241696 -0.000213321 1 0.0110464 0.0382527 -0.0537063
FixedParameters: 0 0 0

#Transform 16
Transform: AffineTransform_float_3_3
Parameters: 1 7.84694e-07 -0.00048071 -4.5365e-07 1 0.000344045 0.00048071 -0.000344044 1 0.0302002 -0.0118118 -0.0320003
FixedParameters: 0 0 0

#Transform 17
Transform: AffineTransform_float_3_3
Parameters: 1 -0.000454663 -0.000244516 0.000454639 1 -5.01331e-05 0.000244562 4.99107e-05 1 0.0303489 0.016257 -0.0657809
FixedParameters: 0 0 0

#Transform 18
Transform: AffineTransform_float_3_3
Parameters: 1 -0.000198705 0.000300096 0.000198625 1 0.000134298 -0.000300149 -0.000134178 1 0.0107474 -0.00333898 0.0130561
FixedParameters: 0 0 0

#Transform 19
Transform: AffineTransform_float_3_3
Parameters: 1 -9.71503e-05 0.000489972 9.71043e-05 1 4.6744e-05 -0.00048998 -4.66488e-05 1 -0.0244697 0.0133828 -0.0369273
FixedParameters: 0 0 0

#Transform 20
Transform: AffineTransform_float_3_3
Parameters: 1 -0.000150667 7.52868e-05 0.00015064 1 0.00017935 -7.53407e-05 -0.000179327 1 -0.00521045 -0.0179164 -0.0227127
FixedParameters: 0 0 0

#Transform 21
Transform: AffineTransform_float_3_3
Parameters: 1 1.79848e-05 -1.30877e-05 -1.79797e-05 1 0.000195068 1.30947e-05 -0.000195067 1 -0.00937912 -0.0168244 -0.0507478
FixedParameters: 0 0 0

#Transform 22
Transform: AffineTransform_float_3_3
Parameters: 1 0.000172642 -0.000107165 -0.000172603 1 0.000182733 0.000107228 -0.000182695 1 -0.0277297 -0.0151822 -0.0251662
FixedParameters: 0 0 0

#Transform 23
Transform: AffineTransform_float_3_3
Parameters: 1 0.000244055 -0.000595111 -0.000243966 1 0.000120347 0.000595223 -0.000120659 1 0.00343634 -0.029678 -0.046437
FixedParameters: 0 0 0

#Transform 24
Transform: AffineTransform_float_3_3
Parameters: 0.999999 0.000257653 -0.000829074 -0.00025735 0.999999 0.000481941 0.00082849 -0.000482073 1 0.0237995 -0.0133069 -0.0486954
FixedParameters: 0 0 0

#Transform 25
Transform: AffineTransform_float_3_3
Parameters: 1 0.000186125 -0.00119728 -0.000186 1 8.3182e-05 0.00119721 -8.33377e-05 0.999999 0.0374009 -0.00144941 -0.0601527
FixedParameters: 0 0 0

#Transform 26
Transform: AffineTransform_float_3_3
Parameters: 1 0.000498497 -0.00100453 -0.00049813 1 0.000413879 0.0010039 -0.000412833 0.999999 0.0221705 -0.0198877 -0.0286235
FixedParameters: 0 0 0

#Transform 27
Transform: AffineTransform_float_3_3
Parameters: 0.999999 0.000366988 -0.00144011 -0.000365767 1 0.000442709 0.00144049 -0.000442256 0.999999 0.0439405 -0.0338749 -0.00208788
FixedParameters: 0 0 0

#Transform 28
Transform: AffineTransform_float_3_3
Parameters: 0.999999 0.000844707 -0.000872069 -0.000843752 0.999999 0.000837771 0.000872467 -0.000837048 0.999999 0.000816721 -0.0274307 0.0397381
FixedParameters: 0 0 0

#Transform 29
Transform: AffineTransform_float_3_3
Parameters: 0.999998 0.0010604 -0.00179491 -0.00105909 0.999999 0.000908491 0.00179548 -0.000906535 0.999998 0.0283993 -0.0574909 -0.0153777
FixedParameters: 0 0 0

#Transform 30
Transform: AffineTransform_float_3_3
Parameters: 0.999997 0.00149446 -0.00153808 -0.00149319 0.999999 0.000617578 0.00153883 -0.000615127 0.999998 0.022115 -0.0227332 0.0381305
FixedParameters: 0 0 0

#Transform 31
Transform: AffineTransform_float_3_3
Parameters: 0.999997 0.00105874 -0.00224947 -0.0010577 0.999999 0.000286879 0.00224995 -0.000284718 0.999997 0.0762173 -0.0322304 -0.0135298
FixedParameters: 0 0 0

#Transform 32
Transform: AffineTransform_float_3_3
Parameters: 0.999997 0.000989217 -0.00196896 -0.000987563 1 0.000576916 0.00196919 -0.000574979 0.999998 0.0673946 -0.0232145 0.0309142
FixedParameters: 0 0 0

#Transform 33
Transform: AffineTransform_float_3_3
Parameters: 0.999997 0.000910515 -0.00217581 -0.000909518 1 0.00027426 0.00217614 -0.000272297 0.999997 0.0745312 0.00529376 -0.00662711
FixedParameters: 0 0 0

#Transform 34
Transform: AffineTransform_float_3_3
Parameters: 0.999998 0.000810563 -0.00213934 -0.000808776 0.999999 0.000787794 0.00214005 -0.000786822 0.999997 0.088388 -0.0620372 0.0165124
FixedParameters: 0 0 0

#Transform 35
Transform: AffineTransform_float_3_3
Parameters: 0.999997 0.000910515 -0.00217581 -0.000909518 1 0.00027426 0.00217614 -0.000272297 0.999997 0.0763864 0.000335705 0.0192989
FixedParameters: 0 0 0

#Transform 36
Transform: AffineTransform_float_3_3
Parameters: 0.999997 0.000632081 -0.00259304 -0.000628855 0.999999 0.00117502 0.00259367 -0.00117315 0.999996 0.09226 -0.0589309 0.0289492
FixedParameters: 0 0 0

#Transform 37
Transform: AffineTransform_float_3_3
Parameters: 0.999997 0.000905221 -0.002175 -0.000903912 1 0.000346037 0.00217545 -0.000344098 0.999997 0.0777727 0.0117294 0.036173
FixedParameters: 0 0 0

#Transform 38
Transform: AffineTransform_float_3_3
Parameters: 0.999996 0.00106371 -0.00267835 -0.00106276 0.999999 0.000742017 0.00267903 -0.000739914 0.999997 0.0890537 -0.0236931 0.0336263
FixedParameters: 0 0 0

#Transform 39
Transform: AffineTransform_float_3_3
Parameters: 0.999997 0.00124435 -0.00235181 -0.00124268 0.999999 0.000707401 0.00235287 -0.000704838 0.999997 0.0736558 -0.00672641 0.0190274
FixedParameters: 0 0 0

#Transform 40
Transform: AffineTransform_float_3_3
Parameters: 0.999996 0.00133716 -0.00240333 -0.00133564 0.999999 0.00093698 0.00240469 -0.000933735 0.999996 0.0756564 -0.0830946 0.0344796
FixedParameters: 0 0 0

#Transform 41
Transform: AffineTransform_float_3_3
Parameters: 0.999995 0.00107991 -0.00299288 -0.0010772 0.999999 0.000729128 0.00299397 -0.000725575 0.999996 0.112913 -0.0359953 0.0357168
FixedParameters: 0 0 0

#Transform 42
Transform: AffineTransform_float_3_3
Parameters: 0.999993 0.000871825 -0.00341602 -0.000869189 0.999999 0.000702252 0.00341596 -0.000699577 0.999995 0.133775 -0.0834786 0.0593675
FixedParameters: 0 0 0

#Transform 43
Transform: AffineTransform_float_3_3
Parameters: 0.999995 0.00112046 -0.00293751 -0.00111887 0.999999 0.000562842 0.00293816 -0.000559961 0.999995 0.104148 -0.0232646 0.0568335
FixedParameters: 0 0 0

#Transform 44
Transform: AffineTransform_float_3_3
Parameters: 0.999994 0.00131822 -0.00300835 -0.00131719 0.999999 0.000235229 0.0030088 -0.000231105 0.999995 0.0959938 -0.000372087 0.0795563
FixedParameters: 0 0 0

#Transform 45
Transform: AffineTransform_float_3_3
Parameters: 0.999994 0.00155711 -0.00310886 -0.00155616 0.999999 0.000377488 0.00311023 -0.000372945 0.999995 0.0909779 -0.0131727 0.0348436
FixedParameters: 0 0 0

#Transform 46
Transform: AffineTransform_float_3_3
Parameters: 0.999994 0.0012604 -0.00317433 -0.00125865 0.999999 0.000619375 0.00317442 -0.000614841 0.999995 0.133185 -0.0695703 0.109951
FixedParameters: 0 0 0

#Transform 47
Transform: AffineTransform_float_3_3
Parameters: 0.999994 0.00124676 -0.00319923 -0.00124443 0.999999 0.000635596 0.00320023 -0.00063113 0.999995 0.113828 -0.0372159 0.052335
FixedParameters: 0 0 0

#Transform 48
Transform: AffineTransform_float_3_3
Parameters: 0.999995 0.00142837 -0.00281534 -0.00142632 0.999998 0.00075016 0.00281598 -0.000745777 0.999996 0.0882025 -0.0678402 0.154353
FixedParameters: 0 0 0

#Transform 49
Transform: AffineTransform_float_3_3
Parameters: 0.999991 0.00176078 -0.00384918 -0.00175953 0.999999 0.000427276 0.00385 -0.000420626 0.999993 0.10913 -0.0470442 0.115157
FixedParameters: 0 0 0

#Transform 50
Transform: AffineTransform_float_3_3
Parameters: 0.999992 0.00176451 -0.00360008 -0.0017623 0.999998 0.000574542 0.00360131 -0.000567539 0.999993 0.126053 -0.0352557 0.115032
FixedParameters: 0 0 0

#Transform 51
Transform: AffineTransform_float_3_3
Parameters: 0.999991 0.0017603 -0.00384385 -0.00175974 0.999998 0.000210725 0.00384339 -0.000202763 0.999993 0.136485 -0.0384091 0.0747536
FixedParameters: 0 0 0

#Transform 52
Transform: AffineTransform_float_3_3
Parameters: 0.999993 0.0014738 -0.00349879 -0.00147344 0.999999 0.000253802 0.00349976 -0.000248434 0.999994 0.138338 -0.0109762 0.105474
FixedParameters: 0 0 0

#Transform 53
Transform: AffineTransform_float_3_3
Parameters: 0.999994 0.00152703 -0.00291302 -0.00152578 0.999999 0.000373746 0.00291318 -0.000370012 0.999996 0.1021 -0.0214264 0.0731393
FixedParameters: 0 0 0

#Transform 54
Transform: AffineTransform_float_3_3
Parameters: 0.999994 0.00123108 -0.00297699 -0.0012281 0.999999 0.00108455 0.00297786 -0.00108077 0.999995 0.140689 -0.077968 0.0716058
FixedParameters: 0 0 0

#Transform 55
Transform: AffineTransform_float_3_3
Parameters: 0.999992 0.00112895 -0.0036958 -0.00112739 0.999999 0.000460934 0.00369636 -0.000457307 0.999993 0.166855 -0.044686 0.0812706
FixedParameters: 0 0 0

#Transform 56
Transform: AffineTransform_float_3_3
Parameters: 0.999993 0.00135416 -0.0036532 -0.00135176 0.999999 0.000644837 0.00365343 -0.000639618 0.999994 0.183273 -0.0653899 0.124047
FixedParameters: 0 0 0

#Transform 57
Transform: AffineTransform_float_3_3
Parameters: 0.99999 0.00107647 -0.00420001 -0.00107452 0.999999 0.000462328 0.00420047 -0.000458415 0.999991 0.206506 -0.0147474 0.0851288
FixedParameters: 0 0 0

#Transform 58
Transform: AffineTransform_float_3_3
Parameters: 0.999991 0.00111052 -0.00422411 -0.00110728 0.999999 0.000765611 0.0042248 -0.000760462 0.999991 0.231819 -0.0555872 0.100508
FixedParameters: 0 0 0

#Transform 59
Transform: AffineTransform_float_3_3
Parameters: 0.999989 0.000766077 -0.004493 -0.000764055 1 0.000378323 0.00449403 -0.000375024 0.99999 0.259347 -0.0436205 0.0937753
FixedParameters: 0 0 0

#Transform 60
Transform: AffineTransform_float_3_3
Parameters: 0.99999 0.000761592 -0.00451664 -0.000754787 0.999999 0.00144836 0.0045184 -0.0014447 0.999989 0.28261 -0.10373 0.0608616
FixedParameters: 0 0 0

#Transform 61
Transform: AffineTransform_float_3_3
Parameters: 0.99999 0.000826085 -0.00452678 -0.000823888 1 0.000545047 0.00452754 -0.000541046 0.99999 0.255332 -0.096303 0.0833756
FixedParameters: 0 0 0

#Transform 62
Transform: AffineTransform_float_3_3
Parameters: 0.999987 0.00131687 -0.0047745 -0.0013131 0.999999 0.000757697 0.00477552 -0.000751961 0.999989 0.277252 -0.044785 0.0953176
FixedParameters: 0 0 0

#Transform 63
Transform: AffineTransform_float_3_3
Parameters: 0.999985 0.00140275 -0.00535486 -0.00139577 0.999998 0.00123983 0.0053563 -0.00123246 0.999985 0.272825 -0.0882463 0.0463178
FixedParameters: 0 0 0

#Transform 64
Transform: AffineTransform_float_3_3
Parameters: 0.999985 0.00142449 -0.00535849 -0.00141903 0.999998 0.00093172 0.00536044 -0.00092425 0.999985 0.272763 -0.0525359 0.101529
FixedParameters: 0 0 0

#Transform 65
Transform: AffineTransform_float_3_3
Parameters: 0.999984 0.00139702 -0.0055752 -0.00139257 0.999998 0.000806315 0.00557678 -0.000798338 0.999984 0.267388 -0.0629124 0.0900335
FixedParameters: 0 0 0

#Transform 66
Transform: AffineTransform_float_3_3
Parameters: 0.999982 0.00166997 -0.00577413 -0.00166365 0.999998 0.00107005 0.00577652 -0.00106046 0.999983 0.289317 -0.073578 0.108105
FixedParameters: 0 0 0

#Transform 67
Transform: AffineTransform_float_3_3
Parameters: 0.999982 0.00151904 -0.00587842 -0.00151406 0.999999 0.000740788 0.00587946 -0.000731199 0.999983 0.292496 -0.0373944 0.0718822
FixedParameters: 0 0 0

#Transform 68
Transform: AffineTransform_float_3_3
Parameters: 0.999979 0.00190024 -0.00606567 -0.00189593 0.999998 0.000686856 0.00606711 -0.000675467 0.999982 0.279418 -0.0514234 0.106124
FixedParameters: 0 0 0

#Transform 69
Transform: AffineTransform_float_3_3
Parameters: 0.999978 0.0017239 -0.00643696 -0.00171997 0.999999 0.000580612 0.0064387 -0.000569136 0.999979 0.302895 -0.0124563 0.0936391
FixedParameters: 0 0 0

#Transform 70
Transform: AffineTransform_float_3_3
Parameters: 0.999979 0.00214443 -0.00599269 -0.00214055 0.999997 0.000705204 0.00599355 -0.000692708 0.999982 0.262192 -0.0509159 0.15059
FixedParameters: 0 0 0

#Transform 71
Transform: AffineTransform_float_3_3
Parameters: 0.999979 0.00208112 -0.00614835 -0.0020789 0.999998 0.000373977 0.00614981 -0.000361772 0.999981 0.257083 -0.0461576 0.129673
FixedParameters: 0 0 0

#Transform 72
Transform: AffineTransform_float_3_3
Parameters: 0.99998 0.00199544 -0.00611062 -0.00199196 0.999997 0.000584515 0.00611239 -0.00057262 0.999981 0.271069 -0.0338131 0.121069
FixedParameters: 0 0 0

#Transform 73
Transform: AffineTransform_float_3_3
Parameters: 0.999974 0.00222021 -0.00684327 -0.002217 0.999997 0.00052697 0.00684501 -0.000512087 0.999976 0.305648 -0.0547635 0.156088
FixedParameters: 0 0 0

#Transform 74
Transform: AffineTransform_float_3_3
Parameters: 0.999974 0.00230087 -0.00689222 -0.00229462 0.999997 0.000946262 0.006895 -0.000931252 0.999976 0.314422 -0.0412207 0.159898
FixedParameters: 0 0 0

#Transform 75
Transform: AffineTransform_float_3_3
Parameters: 0.999974 0.00220671 -0.00684081 -0.00220217 0.999997 0.000722397 0.00684295 -0.000707611 0.999976 0.321115 -0.0841693 0.152476
FixedParameters: 0 0 0

#Transform 76
Transform: AffineTransform_float_3_3
Parameters: 0.999974 0.00223166 -0.00687918 -0.00221839 0.999996 0.00193666 0.00688428 -0.00192138 0.999975 0.330408 -0.116099 0.116074
FixedParameters: 0 0 0

#Transform 77
Transform: AffineTransform_float_3_3
Parameters: 0.999973 0.00227405 -0.00705249 -0.00226755 0.999997 0.000974762 0.0070545 -0.000959161 0.999975 0.33958 -0.0683674 0.142077
FixedParameters: 0 0 0

#Transform 78
Transform: AffineTransform_float_3_3
Parameters: 0.999973 0.00239666 -0.00694404 -0.00238865 0.999997 0.00116145 0.00694773 -0.00114477 0.999975 0.326035 -0.0715783 0.165391
FixedParameters: 0 0 0

#Transform 79
Transform: AffineTransform_float_3_3
Parameters: 0.999973 0.0022761 -0.00705092 -0.0022694 0.999997 0.000957835 0.00705373 -0.000942256 0.999975 0.337493 -0.0651569 0.158453
FixedParameters: 0 0 0

#Transform 80
Transform: AffineTransform_float_3_3
Parameters: 0.999973 0.00235816 -0.00691642 -0.00235318 0.999997 0.000754738 0.00691885 -0.000738922 0.999976 0.343873 -0.0609372 0.20489
FixedParameters: 0 0 0

#Transform 81
Transform: AffineTransform_float_3_3
Parameters: 0.999973 0.00236545 -0.00691777 -0.00236104 0.999997 0.000649035 0.00691927 -0.000633173 0.999976 0.343582 -0.033588 0.192433
FixedParameters: 0 0 0

#Transform 82
Transform: AffineTransform_float_3_3
Parameters: 0.999977 0.00204309 -0.00655643 -0.00203872 0.999997 0.000653929 0.00655758 -0.000640005 0.999978 0.318315 -0.0736833 0.264543
FixedParameters: 0 0 0

#Transform 83
Transform: AffineTransform_float_3_3
Parameters: 0.999969 0.00236838 -0.00741056 -0.00236347 0.999997 0.000615812 0.0074129 -0.000597841 0.999972 0.349863 -0.0656152 0.221959
FixedParameters: 0 0 0

#Transform 84
Transform: AffineTransform_float_3_3
Parameters: 0.99997 0.00272281 -0.00724757 -0.00271443 0.999996 0.00119227 0.00725104 -0.00117277 0.999973 0.318578 -0.106218 0.224536
FixedParameters: 0 0 0

#Transform 85
Transform: AffineTransform_float_3_3
Parameters: 0.999969 0.00231463 -0.00740746 -0.00230168 0.999996 0.00172858 0.00741147 -0.00171079 0.999971 0.357465 -0.145381 0.197828
FixedParameters: 0 0 0

#Transform 86
Transform: AffineTransform_float_3_3
Parameters: 0.999969 0.00257672 -0.00732673 -0.00257074 0.999997 0.000855997 0.00732824 -0.000836775 0.999973 0.345681 -0.103119 0.238849
FixedParameters: 0 0 0

#Transform 87
Transform: AffineTransform_float_3_3
Parameters: 0.99997 0.00239436 -0.00736103 -0.0023881 0.999997 0.000776392 0.00736228 -0.000758992 0.999972 0.368168 -0.0992138 0.223136
FixedParameters: 0 0 0

#Transform 88
Transform: AffineTransform_float_3_3
Parameters: 0.999969 0.00255867 -0.00742714 -0.00255092 0.999996 0.00111878 0.00742986 -0.00109975 0.999971 0.3802 -0.104339 0.245674
FixedParameters: 0 0 0

#Transform 89
Transform: AffineTransform_float_3_3
Parameters: 0.999968 0.0025211 -0.00748806 -0.00251528 0.999997 0.000708557 0.00749009 -0.000689292 0.999972 0.36731 -0.106811 0.220068
FixedParameters: 0 0 0

#Transform 90
Transform: AffineTransform_float_3_3
Parameters: 0.999969 0.00288981 -0.00728242 -0.00287837 0.999995 0.00158532 0.00728753 -0.0015638 0.999971 0.341568 -0.150095 0.234268
FixedParameters: 0 0 0

#Transform 91
Transform: AffineTransform_float_3_3
Parameters: 0.999968 0.00288158 -0.00750264 -0.00286922 0.999994 0.0016413 0.00750716 -0.0016204 0.99997 0.360969 -0.139937 0.237175
FixedParameters: 0 0 0

#Transform 92
Transform: AffineTransform_float_3_3
Parameters: 0.999967 0.00325327 -0.00743043 -0.00324278 0.999994 0.00135739 0.00743504 -0.00133256 0.999971 0.338251 -0.134409 0.268829
FixedParameters: 0 0 0

#Transform 93
Transform: AffineTransform_float_3_3
Parameters: 0.999964 0.0032595 -0.00784951 -0.00325552 0.999995 0.00051537 0.00785136 -0.000489766 0.99997 0.367547 -0.0875482 0.228167
FixedParameters: 0 0 0

#Transform 94
Transform: AffineTransform_float_3_3
Parameters: 0.999964 0.00331487 -0.00788364 -0.00330743 0.999994 0.000850575 0.00788633 -0.000824351 0.999969 0.359393 -0.0994515 0.275102
FixedParameters: 0 0 0

#Transform 95
Transform: AffineTransform_float_3_3
Parameters: 0.999966 0.00344414 -0.00754764 -0.00343994 0.999994 0.000547316 0.00754963 -0.000520671 0.999971 0.375717 -0.0485517 0.245208
FixedParameters: 0 0 0

#Transform 96
Transform: AffineTransform_float_3_3
Parameters: 0.999959 0.00338668 -0.00838642 -0.00338186 0.999994 0.000607652 0.00838927 -0.000579366 0.999965 0.413193 -0.0912006 0.251147
FixedParameters: 0 0 0

#Transform 97
Transform: AffineTransform_float_3_3
Parameters: 0.999958 0.00351928 -0.00842861 -0.00351401 0.999993 0.000665358 0.00843106 -0.000635909 0.999965 0.434668 -0.109441 0.28752
FixedParameters: 0 0 0

#Transform 98
Transform: AffineTransform_float_3_3
Parameters: 0.99996 0.00342228 -0.0083903 -0.00341186 0.999994 0.00115683 0.00839415 -0.00112845 0.999964 0.429787 -0.133513 0.23664
FixedParameters: 0 0 0

#Transform 99
Transform: AffineTransform_float_3_3
Parameters: 0.999964 0.0033108 -0.00784624 -0.00330316 0.999994 0.00103416 0.0078492 -0.00100744 0.999969 0.420297 -0.134854 0.27651
FixedParameters: 0 0 0

#Transform 100
Transform: AffineTransform_float_3_3
Parameters: 0.999959 0.00342981 -0.00838967 -0.00342259 0.999994 0.000938928 0.00839309 -0.000910453 0.999964 0.415135 -0.106821 0.241576
FixedParameters: 0 0 0

#Transform 101
Transform: AffineTransform_float_3_3
Parameters: 0.999959 0.00352298 -0.00830886 -0.00351111 0.999993 0.00141437 0.00831398 -0.00138487 0.999965 0.432682 -0.168536 0.256346
FixedParameters: 0 0 0

#Transform 102
Transform: AffineTransform_float_3_3
Parameters: 0.999956 0.00336518 -0.00880919 -0.00335546 0.999994 0.00114642 0.00881257 -0.00111691 0.999961 0.445302 -0.0967526 0.249179
FixedParameters: 0 0 0

#Transform 103
Transform: AffineTransform_float_3_3
Parameters: 0.999955 0.00394475 -0.00865224 -0.00393261 0.999991 0.0013543 0.00865719 -0.00132054 0.999962 0.412857 -0.122853 0.274516
FixedParameters: 0 0 0

#Transform 104
Transform: AffineTransform_float_3_3
Parameters: 0.999952 0.00382771 -0.00901074 -0.00382128 0.999993 0.000714867 0.00901366 -0.000680371 0.999959 0.418078 -0.0902629 0.225342
FixedParameters: 0 0 0

#Transform 105
Transform: AffineTransform_float_3_3
Parameters: 0.999955 0.00392263 -0.00863684 -0.00391275 0.999992 0.00112155 0.00864139 -0.00108843 0.999962 0.433621 -0.112151 0.291994
FixedParameters: 0 0 0

#Transform 106
Transform: AffineTransform_float_3_3
Parameters: 0.999958 0.00402447 -0.00825036 -0.00400477 0.999989 0.0023245 0.00825944 -0.0022912 0.999963 0.429109 -0.212301 0.288039
FixedParameters: 0 0 0

#Transform 107
Transform: AffineTransform_float_3_3
Parameters: 0.999957 0.00403089 -0.00841224 -0.00402116 0.999991 0.0011648 0.00841641 -0.00113117 0.999965 0.431843 -0.15008 0.276077
FixedParameters: 0 0 0

#Transform 108
Transform: AffineTransform_float_3_3
Parameters: 0.999958 0.00365989 -0.00843585 -0.00365076 0.999992 0.00113527 0.00844045 -0.0011039 0.999964 0.443768 -0.124902 0.293674
FixedParameters: 0 0 0

#Transform 109
Transform: AffineTransform_float_3_3
Parameters: 0.999956 0.00377867 -0.0085716 -0.00376618 0.999992 0.00143059 0.00857736 -0.00139886 0.999962 0.448505 -0.141822 0.28531
FixedParameters: 0 0 0

#Transform 110
Transform: AffineTransform_float_3_3
Parameters: 0.999957 0.00344955 -0.00865412 -0.00344022 0.999993 0.00112134 0.00865824 -0.00109243 0.999962 0.44469 -0.112422 0.274147
FixedParameters: 0 0 0

#Transform 111
Transform: AffineTransform_float_3_3
Parameters: 0.999953 0.004092 -0.00873821 -0.00407445 0.99999 0.00206653 0.00874635 -0.00203117 0.99996 0.434312 -0.163935 0.272782
FixedParameters: 0 0 0

#Transform 112
Transform: AffineTransform_float_3_3
Parameters: 0.999956 0.00329885 -0.0087674 -0.00328644 0.999994 0.00143006 0.00877264 -0.00140183 0.999961 0.446522 -0.112919 0.257499
FixedParameters: 0 0 0

#Transform 113
Transform: AffineTransform_float_3_3
Parameters: 0.999955 0.00383071 -0.00861733 -0.00380877 0.99999 0.00248831 0.00862703 -0.00245548 0.99996 0.448529 -0.214273 0.268298
FixedParameters: 0 0 0

#Transform 114
Transform: AffineTransform_float_3_3
Parameters: 0.999951 0.00366452 -0.00917788 -0.00364615 0.999992 0.001908 0.00918477 -0.00187411 0.999956 0.473958 -0.160365 0.256844
FixedParameters: 0 0 0

#Transform 115
Transform: AffineTransform_float_3_3
Parameters: 0.99995 0.00363227 -0.00931329 -0.00360501 0.999989 0.00295652 0.00932339 -0.00292202 0.999952 0.496095 -0.285853 0.258759
FixedParameters: 0 0 0

#Transform 116
Transform: AffineTransform_float_3_3
Parameters: 0.999949 0.00386663 -0.00935583 -0.00385204 0.999992 0.00161354 0.00936136 -0.00157743 0.999955 0.476591 -0.15321 0.257001
FixedParameters: 0 0 0

#Transform 117
Transform: AffineTransform_float_3_3
Parameters: 0.999947 0.0038785 -0.00951629 -0.00385971 0.999991 0.00195316 0.00952369 -0.00191661 0.999953 0.506825 -0.167986 0.279863
FixedParameters: 0 0 0

#Transform 118
Transform: AffineTransform_float_3_3
Parameters: 0.999945 0.00380558 -0.00977508 -0.00378057 0.999989 0.00263568 0.00978484 -0.00259898 0.999949 0.493216 -0.215592 0.262178
FixedParameters: 0 0 0

#Transform 119
Transform: AffineTransform_float_3_3
Parameters: 0.999944 0.00392416 -0.00982288 -0.00390462 0.99999 0.00205378 0.00983107 -0.00201481 0.99995 0.506579 -0.143138 0.265124
FixedParameters: 0 0 0

#Transform 120
Transform: AffineTransform_float_3_3
Parameters: 0.999941 0.00393465 -0.010126 -0.0039174 0.999991 0.00169248 0.0101326 -0.00165303 0.999947 0.506254 -0.128665 0.254283
FixedParameters: 0 0 0

#Transform 121
Transform: AffineTransform_float_3_3
Parameters: 0.99994 0.00416125 -0.0101064 -0.00414167 0.999989 0.00201707 0.0101152 -0.00197508 0.999947 0.506199 -0.168068 0.285781
FixedParameters: 0 0 0

#Transform 122
Transform: AffineTransform_float_3_3
Parameters: 0.999938 0.00396309 -0.0103501 -0.00394485 0.999991 0.00183742 0.0103571 -0.00179583 0.999944 0.49894 -0.13899 0.275517
FixedParameters: 0 0 0

#Transform 123
Transform: AffineTransform_float_3_3
Parameters: 0.999937 0.00411053 -0.0104579 -0.00408631 0.99999 0.00230656 0.010468 -0.00226355 0.999943 0.503956 -0.155267 0.288019
FixedParameters: 0 0 0

#Transform 124
Transform: AffineTransform_float_3_3
Parameters: 0.999935 0.00434206 -0.0105112 -0.00432028 0.999989 0.00208306 0.0105202 -0.00203708 0.999942 0.495766 -0.148315 0.282254
FixedParameters: 0 0 0

#Transform 125
Transform: AffineTransform_float_3_3
Parameters: 0.999937 0.0047474 -0.0102378 -0.00472193 0.999985 0.00256816 0.0102496 -0.00251924 0.999945 0.46952 -0.170513 0.300673
FixedParameters: 0 0 0

#Transform 126
Transform: AffineTransform_float_3_3
Parameters: 0.999932 0.00514915 -0.0104376 -0.00512256 0.999984 0.00268277 0.010451 -0.0026292 0.999942 0.476019 -0.161193 0.29967
FixedParameters: 0 0 0

#Transform 127
Transform: AffineTransform_float_3_3
Parameters: 0.999936 0.00517129 -0.0100857 -0.00515533 0.999985 0.00159813 0.0100936 -0.00154628 0.999948 0.443716 -0.112038 0.297048
FixedParameters: 0 0 0

#Transform 128
Transform: AffineTransform_float_3_3
Parameters: 0.999936 0.00477719 -0.0102447 -0.00475657 0.999986 0.00211452 0.0102544 -0.00206524 0.999945 0.481779 -0.148146 0.299938
FixedParameters: 0 0 0

#Transform 129
Transform: AffineTransform_float_3_3
Parameters: 0.999933 0.00514983 -0.0102978 -0.00512865 0.999985 0.0021055 0.0103083 -0.00205267 0.999945 0.463867 -0.124809 0.315103
FixedParameters: 0 0 0

#Transform 130
Transform: AffineTransform_float_3_3
Parameters: 0.999929 0.00547678 -0.0105863 -0.00545639 0.999983 0.00190873 0.0105966 -0.00185082 0.999943 0.45982 -0.11473 0.301298
FixedParameters: 0 0 0

#Transform 131
Transform: AffineTransform_float_3_3
Parameters: 0.999925 0.00550832 -0.0109105 -0.0054722 0.999979 0.00334084 0.0109284 -0.00328148 0.999935 0.457645 -0.259045 0.293865
FixedParameters: 0 0 0

#Transform 132
Transform: AffineTransform_float_3_3
Parameters: 0.999918 0.00559047 -0.0115124 -0.0055689 0.999982 0.00190148 0.0115222 -0.00183736 0.999932 0.486912 -0.128638 0.31286
FixedParameters: 0 0 0

#Transform 133
Transform: AffineTransform_float_3_3
Parameters: 0.999908 0.00611508 -0.0121064 -0.00608357 0.999978 0.00268274 0.0121224 -0.00260872 0.999923 0.467511 -0.137818 0.325784
FixedParameters: 0 0 0

#Transform 134
Transform: AffineTransform_float_3_3
Parameters: 0.999916 0.00584395 -0.011599 -0.00581259 0.999979 0.0028013 0.0116156 -0.00273329 0.999928 0.468228 -0.203752 0.297879
FixedParameters: 0 0 0

#Transform 135
Transform: AffineTransform_float_3_3
Parameters: 0.999914 0.00574579 -0.0117357 -0.00572035 0.999981 0.00215552 0.0117481 -0.00208767 0.999929 0.472266 -0.152152 0.317911
FixedParameters: 0 0 0

#Transform 136
Transform: AffineTransform_float_3_3
Parameters: 0.999914 0.00580745 -0.0117662 -0.0057832 0.999981 0.00216133 0.0117784 -0.00209296 0.999929 0.48482 -0.14323 0.286524
FixedParameters: 0 0 0

#Transform 137
Transform: AffineTransform_float_3_3
Parameters: 0.999914 0.00581071 -0.011767 -0.00578632 0.999981 0.00211042 0.0117791 -0.00204207 0.999929 0.467263 -0.151737 0.298992
FixedParameters: 0 0 0

#Transform 138
Transform: AffineTransform_float_3_3
Parameters: 0.999914 0.00585036 -0.0116792 -0.00582598 0.999981 0.00216306 0.0116925 -0.00209493 0.99993 0.460076 -0.127801 0.284407
FixedParameters: 0 0 0

#Transform 139
Transform: AffineTransform_float_3_3
Parameters: 0.999918 0.00586911 -0.0113765 -0.00582393 0.999974 0.00398369 0.0113992 -0.00391702 0.999928 0.438542 -0.273322 0.283718
FixedParameters: 0 0 0

#Transform 140
Transform: AffineTransform_float_3_3
Parameters: 0.999916 0.00586911 -0.0115963 -0.00584135 0.99998 0.00247287 0.0116105 -0.0024038 0.99993 0.478211 -0.158919 0.306755
FixedParameters: 0 0 0

#Transform 141
Transform: AffineTransform_float_3_3
Parameters: 0.999912 0.00592219 -0.011902 -0.00589253 0.99998 0.00252417 0.0119161 -0.00245404 0.999926 0.481997 -0.170781 0.330673
FixedParameters: 0 0 0

#Transform 142
Transform: AffineTransform_float_3_3
Parameters: 0.999906 0.00564311 -0.0125412 -0.00561401 0.999982 0.00234899 0.012554 -0.00227925 0.999919 0.52072 -0.144604 0.295848
FixedParameters: 0 0 0

#Transform 143
Transform: AffineTransform_float_3_3
Parameters: 0.999909 0.00589633 -0.0121157 -0.0058637 0.999979 0.00275286 0.012132 -0.002681 0.999923 0.502049 -0.168126 0.321188
FixedParameters: 0 0 0

#Transform 144
Transform: AffineTransform_float_3_3
Parameters: 0.999904 0.00569293 -0.0126291 -0.00566186 0.999981 0.00248438 0.0126423 -0.00241287 0.999917 0.524797 -0.112455 0.293693
FixedParameters: 0 0 0

#Transform 145
Transform: AffineTransform_float_3_3
Parameters: 0.999914 0.00563982 -0.01185 -0.00559402 0.999976 0.00391269 0.0118721 -0.00384568 0.999922 0.513104 -0.252153 0.299753
FixedParameters: 0 0 0

#Transform 146
Transform: AffineTransform_float_3_3
Parameters: 0.999908 0.00574019 -0.0122409 -0.00571489 0.999981 0.00211588 0.0122532 -0.00204573 0.999923 0.5215 -0.170023 0.315276
FixedParameters: 0 0 0

#Transform 147
Transform: AffineTransform_float_3_3
Parameters: 0.999911 0.00556521 -0.012165 -0.00553211 0.999981 0.00278727 0.0121806 -0.00271965 0.999921 0.532161 -0.183176 0.333169
FixedParameters: 0 0 0

#Transform 148
Transform: AffineTransform_float_3_3
Parameters: 0.999907 0.00565574 -0.0123852 -0.00562379 0.99998 0.00261138 0.0123994 -0.00254086 0.99992 0.53767 -0.16703 0.319653
FixedParameters: 0 0 0

#Transform 149
Transform: AffineTransform_float_3_3
Parameters: 0.999911 0.00552848 -0.0121558 -0.00548854 0.999979 0.00336279 0.0121747 -0.00329627 0.999921 0.559382 -0.20522 0.357694
FixedParameters: 0 0 0

#Transform 150
Transform: AffineTransform_float_3_3
Parameters: 0.999903 0.00586219 -0.0126344 -0.0058068 0.999973 0.00443516 0.0126597 -0.00436051 0.999911 0.547028 -0.255161 0.301144
FixedParameters: 0 0 0

#Transform 151
Transform: AffineTransform_float_3_3
Parameters: 0.999899 0.00627079 -0.0127065 -0.00622867 0.999975 0.00333359 0.0127278 -0.00325392 0.999914 0.528948 -0.178833 0.342628
FixedParameters: 0 0 0

#Transform 152
Transform: AffineTransform_float_3_3
Parameters: 0.999903 0.0061738 -0.0124748 -0.00614373 0.999978 0.0024904 0.0124899 -0.00241356 0.999919 0.510345 -0.147505 0.319246
FixedParameters: 0 0 0

#Transform 153
Transform: AffineTransform_float_3_3
Parameters: 0.999896 0.0061953 -0.0130332 -0.00616888 0.999979 0.00212686 0.0130465 -0.00204608 0.999913 0.535804 -0.15945 0.315368
FixedParameters: 0 0 0

#Transform 154
Transform: AffineTransform_float_3_3
Parameters: 0.999907 0.00583585 -0.0123067 -0.00580683 0.99998 0.00238793 0.0123207 -0.00231585 0.999922 0.509164 -0.1539 0.352257
FixedParameters: 0 0 0

#Transform 155
Transform: AffineTransform_float_3_3
Parameters: 0.999904 0.00615993 -0.0123921 -0.00613201 0.999979 0.00225584 0.0124055 -0.00218007 0.999921 0.514389 -0.171982 0.335436
FixedParameters: 0 0 0

#Transform 156
Transform: AffineTransform_float_3_3
Parameters: 0.999902 0.00628749 -0.0125549 -0.00623654 0.999972 0.00414582 0.0125809 -0.00406722 0.999912 0.516958 -0.261292 0.278028
FixedParameters: 0 0 0

#Transform 157
Transform: AffineTransform_float_3_3
Parameters: 0.999904 0.00607098 -0.0124274 -0.00603738 0.999978 0.00270731 0.0124434 -0.0026321 0.999919 0.51054 -0.179795 0.328905
FixedParameters: 0 0 0

#Transform 158
Transform: AffineTransform_float_3_3
Parameters: 0.999901 0.0063768 -0.0125785 -0.00634348 0.999976 0.00273596 0.0125956 -0.00265609 0.999917 0.503764 -0.170867 0.318783
FixedParameters: 0 0 0

#Transform 159
Transform: AffineTransform_float_3_3
Parameters: 0.9999 0.00623688 -0.012724 -0.00620141 0.999977 0.00284148 0.0127415 -0.00276286 0.999915 0.52394 -0.155208 0.316512
FixedParameters: 0 0 0

#Transform 160
Transform: AffineTransform_float_3_3
Parameters: 0.999897 0.00610029 -0.0130417 -0.00605685 0.999976 0.00340528 0.013062 -0.00332571 0.99991 0.53349 -0.17957 0.335255
FixedParameters: 0 0 0

#Transform 161
Transform: AffineTransform_float_3_3
Parameters: 0.999897 0.00618673 -0.0129642 -0.00615253 0.999977 0.00272811 0.0129808 -0.00264806 0.999912 0.524133 -0.151795 0.325629
FixedParameters: 0 0 0

#Transform 162
Transform: AffineTransform_float_3_3
Parameters: 0.999899 0.00651631 -0.0126474 -0.00648251 0.999976 0.00274886 0.0126653 -0.00266678 0.999916 0.515199 -0.201218 0.351986
FixedParameters: 0 0 0

#Transform 163
Transform: AffineTransform_float_3_3
Parameters: 0.999896 0.00615287 -0.0130789 -0.00612257 0.999978 0.00240585 0.0130927 -0.00232596 0.999911 0.533663 -0.131957 0.294286
FixedParameters: 0 0 0

#Transform 164
Transform: AffineTransform_float_3_3
Parameters: 0.999897 0.00617432 -0.0129812 -0.00613856 0.999977 0.00278439 0.0129985 -0.00270446 0.999911 0.557428 -0.191631 0.375622
FixedParameters: 0 0 0

#Transform 165
Transform: AffineTransform_float_3_3
Parameters: 0.999884 0.00647541 -0.0138073 -0.0064385 0.999975 0.00270108 0.0138248 -0.0026119 0.999902 0.567609 -0.146252 0.324944
FixedParameters: 0 0 0

#Transform 166
Transform: AffineTransform_float_3_3
Parameters: 0.999879 0.00692382 -0.0139198 -0.00687628 0.99997 0.00343671 0.0139431 -0.00334104 0.999897 0.53557 -0.172338 0.329868
FixedParameters: 0 0 0

#Transform 167
Transform: AffineTransform_float_3_3
Parameters: 0.999875 0.00699314 -0.0142344 -0.00695103 0.999972 0.00297921 0.0142542 -0.00287925 0.999894 0.546304 -0.158122 0.283999
FixedParameters: 0 0 0

#Transform 168
Transform: AffineTransform_float_3_3
Parameters: 0.999884 0.00668989 -0.013654 -0.00663454 0.999969 0.0040775 0.0136813 -0.00398651 0.999899 0.530391 -0.229392 0.257146
FixedParameters: 0 0 0

#Transform 169
Transform: AffineTransform_float_3_3
Parameters: 0.999879 0.00675007 -0.0140225 -0.00672132 0.999975 0.00208655 0.0140362 -0.00199246 0.999899 0.545853 -0.107457 0.278682
FixedParameters: 0 0 0

#Transform 170
Transform: AffineTransform_float_3_3
Parameters: 0.999883 0.00689168 -0.0136197 -0.00685406 0.999973 0.00276067 0.0136383 -0.00266773 0.999903 0.541811 -0.166371 0.350573
FixedParameters: 0 0 0

#Transform 171
Transform: AffineTransform_float_3_3
Parameters: 0.99988 0.00703037 -0.0138114 -0.006985 0.99997 0.00333532 0.0138344 -0.00323787 0.999899 0.549113 -0.117704 0.291432
FixedParameters: 0 0 0

#Transform 172
Transform: AffineTransform_float_3_3
Parameters: 0.999882 0.00691124 -0.013746 -0.00687267 0.999973 0.00282038 0.0137651 -0.00272488 0.999902 0.552597 -0.119243 0.305653
FixedParameters: 0 0 0

#Transform 173
Transform: AffineTransform_float_3_3
Parameters: 0.99988 0.00705507 -0.0138108 -0.00702299 0.999973 0.00235764 0.0138275 -0.0022605 0.999902 0.56163 -0.130604 0.318278
FixedParameters: 0 0 0

#Transform 174
Transform: AffineTransform_float_3_3
Parameters: 0.99988 0.00753598 -0.013558 -0.00750253 0.999968 0.00249799 0.0135767 -0.00239643 0.999905 0.525891 -0.121208 0.329453
FixedParameters: 0 0 0

#Transform 175
Transform: AffineTransform_float_3_3
Parameters: 0.999873 0.00727338 -0.0141737 -0.00724688 0.999972 0.00190362 0.0141879 -0.00180083 0.999898 0.541434 -0.0863117 0.305645
FixedParameters: 0 0 0

#Transform 176
Transform: AffineTransform_float_3_3
Parameters: 0.999862 0.00788754 -0.0146002 -0.00785035 0.999966 0.00260847 0.01462 -0.00249416 0.99989 0.544285 -0.12408 0.305436
FixedParameters: 0 0 0

#Transform 177
Transform: AffineTransform_float_3_3
Parameters: 0.999863 0.00739575 -0.0148278 -0.00736655 0.999971 0.00201633 0.0148416 -0.00190768 0.999888 0.557289 -0.0669483 0.290871
FixedParameters: 0 0 0

#Transform 178
Transform: AffineTransform_float_3_3
Parameters: 0.99986 0.00780101 -0.0147678 -0.00776233 0.999967 0.00266101 0.0147885 -0.00254619 0.999887 0.558383 -0.146822 0.338494
FixedParameters: 0 0 0

#Transform 179
Transform: AffineTransform_float_3_3
Parameters: 0.999854 0.00779829 -0.0151547 -0.00774847 0.999964 0.00334156 0.0151793 -0.00322345 0.99988 0.548583 -0.157215 0.259985
FixedParameters: 0 0 0

#Transform 180
Transform: AffineTransform_float_3_3
Parameters: 0.999854 0.00770753 -0.0152298 -0.00767439 0.999968 0.0022497 0.0152467 -0.00213193 0.999881 0.562478 -0.112416 0.2886
FixedParameters: 0 0 0

#Transform 181
Transform: AffineTransform_float_3_3
Parameters: 0.999852 0.00746121 -0.0154471 -0.00742749 0.99997 0.00223368 0.015463 -0.00211803 0.999878 0.572962 -0.0939281 0.281539
FixedParameters: 0 0 0

#Transform 182
Transform: AffineTransform_float_3_3
Parameters: 0.999847 0.00793335 -0.0155923 -0.00789305 0.999965 0.00265019 0.0156126 -0.00252596 0.999875 0.604731 -0.150688 0.331301
FixedParameters: 0 0 0

#Transform 183
Transform: AffineTransform_float_3_3
Parameters: 0.999837 0.00794554 -0.0162151 -0.00790705 0.999966 0.00245088 0.0162343 -0.002323 0.999865 0.608904 -0.0825964 0.274771
FixedParameters: 0 0 0

#Transform 184
Transform: AffineTransform_float_3_3
Parameters: 0.999842 0.00831174 -0.0156876 -0.00825337 0.999959 0.00378604 0.0157182 -0.00365675 0.99987 0.568401 -0.191753 0.241721
FixedParameters: 0 0 0

#Transform 185
Transform: AffineTransform_float_3_3
Parameters: 0.999839 0.00795027 -0.0160632 -0.00791148 0.999965 0.00253124 0.0160825 -0.00240367 0.999868 0.592528 -0.142167 0.322847
FixedParameters: 0 0 0

#Transform 186
Transform: AffineTransform_float_3_3
Parameters: 0.999833 0.00820689 -0.016342 -0.00816858 0.999964 0.00237395 0.0163608 -0.00224067 0.999864 0.579177 -0.106799 0.313851
FixedParameters: 0 0 0

#Transform 187
Transform: AffineTransform_float_3_3
Parameters: 0.999834 0.00807947 -0.0163291 -0.00803172 0.999964 0.00297035 0.0163524 -0.00283854 0.999862 0.580824 -0.109939 0.321324
FixedParameters: 0 0 0

#Transform 188
Transform: AffineTransform_float_3_3
Parameters: 0.999843 0.00843523 -0.0156068 -0.00838291 0.999959 0.00337193 0.015635 -0.00324086 0.999873 0.549212 -0.182214 0.283672
FixedParameters: 0 0 0

#Transform 189
Transform: AffineTransform_float_3_3
Parameters: 0.999841 0.00796393 -0.0159692 -0.00792772 0.999966 0.00229456 0.0159865 -0.00216724 0.99987 0.581568 -0.0643373 0.291672
FixedParameters: 0 0 0

#Transform 190
