#Insight Transform File V1.0
#Transform 0
Transform: AffineTransform_float_3_3
Parameters: 1 2.22872e-06 0.000493706 -2.56848e-06 0.999999 0.00148392 -0.000493946 -0.00148398 0.999999 0.0157708 0.00431155 -0.0265612
FixedParameters: 0 0 0

#Transform 1
Transform: AffineTransform_float_3_3
Parameters: 1 -5.98423e-05 0.000562741 5.82821e-05 0.999998 0.00160417 -0.000562747 -0.00160412 0.999998 0.0109746 0.0261063 -0.00958178
FixedParameters: 0 0 0

#Transform 2
Transform: AffineTransform_float_3_3
Parameters: 1 4.89801e-05 0.000552128 -4.93503e-05 0.999999 0.00135445 -0.000552242 -0.00135456 0.999999 -0.00647357 -0.021465 0.0180846
FixedParameters: 0 0 0

#Transform 3
Transform: AffineTransform_float_3_3
Parameters: 1 5.43212e-05 0.000545069 -5.46108e-05 0.999999 0.00129814 -0.000545174 -0.00129825 0.999999 -0.00388361 0.0132945 -0.000783081
FixedParameters: 0 0 0

#Transform 4
Transform: AffineTransform_float_3_3
Parameters: 1 5.4696e-05 0.000544574 -5.498e-05 0.999999 0.00129418 -0.000544679 -0.0012943 0.999999 -0.00682699 -0.0377494 0.0360402
FixedParameters: 0 0 0

#Transform 5
Transform: AffineTransform_float_3_3
Parameters: 1 9.44744e-05 0.000491712 -9.53333e-05 0.999999 0.000873405 -0.000491546 -0.000873497 0.999999 0.00453151 0.0124284 -0.0174527
FixedParameters: 0 0 0

#Transform 6
Transform: AffineTransform_float_3_3
Parameters: 1 0.000253493 0.000457353 -0.000254027 0.999999 0.00138151 -0.000457774 -0.00138165 0.999999 -0.00530395 -0.0310831 0.0236502
FixedParameters: 0 0 0

#Transform 7
Transform: AffineTransform_float_3_3
Parameters: 1 0.000141769 0.000328078 -0.000141478 0.999999 0.000898291 -0.000328254 -0.000898414 0.999999 -0.00573088 -0.0241738 0.00191154
FixedParameters: 0 0 0

#Transform 8
Transform: AffineTransform_float_3_3
Parameters: 1 0.000198879 0.000216225 -0.000198343 0.999999 0.000797238 -0.000216339 -0.000797354 0.999999 -0.00603835 -0.0293204 -0.0113098
FixedParameters: 0 0 0

#Transform 9
Transform: AffineTransform_float_3_3
Parameters: 1 0.000504194 0.000297785 -0.000505114 0.999999 0.00088059 -0.000297772 -0.00088074 0.999999 -0.00470399 -0.0255074 0.00208079
FixedParameters: 0 0 0

#Transform 10
Transform: AffineTransform_float_3_3
Parameters: 1 0.00031405 0.000224411 -0.000314748 0.999999 0.000928008 -0.000224458 -0.000927249 1 -0.00302144 -0.0358487 0.00701869
FixedParameters: 0 0 0

#Transform 11
Transform: AffineTransform_float_3_3
Parameters: 1 0.000272488 0.000409387 -0.00027274 0.999999 0.000900393 -0.000410202 -0.000900496 0.999999 -0.00560699 -0.00215575 -0.00922229
FixedParameters: 0 0 0

#Transform 12
Transform: AffineTransform_float_3_3
Parameters: 1 9.70928e-05 3.99778e-05 -9.62864e-05 0.999999 0.000930236 -4.02286e-05 -0.000930273 0.999999 -0.0141777 -0.0126967 0.0255916
FixedParameters: 0 0 0

#Transform 13
Transform: AffineTransform_float_3_3
Parameters: 1 0.000103905 0.000127241 -0.000104077 1 0.000676063 -0.000127101 -0.000676088 1 0.0111334 0.035872 -0.00115011
FixedParameters: 0 0 0

#Transform 14
Transform: AffineTransform_float_3_3
Parameters: 1 0.000221967 0.000244322 -0.000221444 0.999999 0.000731095 -0.000244428 -0.000731233 0.999999 -0.00191119 -0.0460175 0.042017
FixedParameters: 0 0 0

#Transform 15
Transform: AffineTransform_float_3_3
Parameters: 1 4.72556e-05 0.000142993 -4.73935e-05 1 0.000482504 -0.000142948 -0.000482517 1 -0.00351607 -0.0806761 0.0559283
FixedParameters: 0 0 0

#Transform 16
Transform: AffineTransform_float_3_3
Parameters: 1 9.74021e-05 3.51749e-05 -9.7466e-05 0.999999 0.000913743 -3.49974e-05 -0.000913748 0.999999 0.00364198 -0.0194225 0.0225312
FixedParameters: 0 0 0

#Transform 17
Transform: AffineTransform_float_3_3
Parameters: 1 -0.000239364 0.000359262 0.000238868 0.999999 0.000691661 -0.000359593 -0.000691488 0.999999 0.0065796 -0.0301531 0.00501455
FixedParameters: 0 0 0

#Transform 18
Transform: AffineTransform_float_3_3
Parameters: 1 -0.000304698 0.000205089 0.000304431 0.999999 0.000652175 -0.000205486 -0.000652049 1 -0.00228383 -0.0222081 0.00418409
FixedParameters: 0 0 0

#Transform 19
Transform: AffineTransform_float_3_3
Parameters: 1 -5.86406e-05 6.41801e-05 5.85954e-05 1 0.00035387 -6.42217e-05 -0.000353862 1 0.00599198 -0.0197087 0.0261747
FixedParameters: 0 0 0

#Transform 20
Transform: AffineTransform_float_3_3
Parameters: 1 -1.20774e-05 5.83598e-05 1.20127e-05 1 0.000556366 -5.83735e-05 -0.000556364 1 0.00189347 -0.00408308 -0.00350701
FixedParameters: 0 0 0

#Transform 21
Transform: AffineTransform_float_3_3
Parameters: 1 -9.5283e-05 0.000204692 9.5122e-05 1 0.000393549 -0.000204767 -0.000393509 1 -0.00128475 -0.0445504 0.0457007
FixedParameters: 0 0 0

#Transform 22
Transform: AffineTransform_float_3_3
Parameters: 1 9.53918e-05 0.000139017 -9.54917e-05 1 0.000358975 -0.000138949 -0.000359001 1 0.0017073 -0.0143192 0.0237463
FixedParameters: 0 0 0

#Transform 23
Transform: AffineTransform_float_3_3
Parameters: 1 0.000175471 0.000284375 -0.000175669 1 0.000348252 -0.000284253 -0.000348352 1 -0.00378672 -0.0584815 0.0457323
FixedParameters: 0 0 0

#Transform 24
Transform: AffineTransform_float_3_3
Parameters: 1 2.16261e-05 -2.16501e-05 -2.16365e-05 1 -0.00023717 2.16399e-05 0.00023717 1 -0.00711655 -0.0695402 0.024452
FixedParameters: 0 0 0

#Transform 25
Transform: AffineTransform_float_3_3
Parameters: 1 0.000103165 0.000145275 -0.000103245 1 0.000275916 -0.000145219 -0.000275946 1 -0.00630822 0.00644249 0.00569064
FixedParameters: 0 0 0

#Transform 26
Transform: AffineTransform_float_3_3
Parameters: 1 -2.68881e-05 3.75231e-05 2.68724e-05 1 0.000210391 -3.75345e-05 -0.000210389 1 -0.00146095 -0.0111366 0.0418878
FixedParameters: 0 0 0

#Transform 27
Transform: AffineTransform_float_3_3
Parameters: 1 -0.000110576 8.10585e-05 0.000110534 1 0.00025678 -8.11153e-05 -0.000256762 1 0.00412528 -0.0412819 0.0159533
FixedParameters: 0 0 0

#Transform 28
Transform: AffineTransform_float_3_3
Parameters: 1 -2.43756e-05 3.41786e-05 2.43631e-05 1 0.000183717 -3.41876e-05 -0.000183715 1 0.00154857 -0.0334681 0.0346865
FixedParameters: 0 0 0

#Transform 29
Transform: AffineTransform_float_3_3
Parameters: 1 1.38486e-05 -1.67489e-05 -1.38561e-05 1 -0.000222321 1.67429e-05 0.000222321 1 -0.0050532 -0.0214501 0.0357276
FixedParameters: 0 0 0

#Transform 30
Transform: AffineTransform_float_3_3
Parameters: 1 2.50657e-06 -1.62853e-06 -2.50695e-06 1 -0.000101794 1.62808e-06 0.000101794 1 0.00586497 0.00188071 0.0222284
FixedParameters: 0 0 0

#Transform 31
Transform: AffineTransform_float_3_3
Parameters: 1 -0.000112649 7.99223e-05 0.000112612 1 0.00023041 -7.99743e-05 -0.000230392 1 0.000483748 -0.0330226 0.0638646
FixedParameters: 0 0 0

#Transform 32
Transform: AffineTransform_float_3_3
Parameters: 1 -0.000178124 8.21382e-05 0.000178145 1 -0.000129288 -8.20919e-05 0.000129317 1 0.00962408 -0.0449344 0.0434811
FixedParameters: 0 0 0

#Transform 33
Transform: AffineTransform_float_3_3
Parameters: 1 -0.000201377 0.000101381 0.000201383 1 -2.76028e-05 -0.00010137 2.76436e-05 1 0.00172218 -0.0200928 0.046551
FixedParameters: 0 0 0

#Transform 34
Transform: AffineTransform_float_3_3
Parameters: 1 3.89425e-05 7.49176e-05 -3.89265e-05 1 -0.00010797 -7.4926e-05 0.000107964 1 0.00288015 -0.0412645 0.0527632
FixedParameters: 0 0 0

#Transform 35
Transform: AffineTransform_float_3_3
Parameters: 1 -8.93854e-05 0.000124326 8.94414e-05 1 -0.00022543 -0.000124285 0.000225451 1 3.2397e-05 -0.0374181 0.0306856
FixedParameters: 0 0 0

#Transform 36
Transform: AffineTransform_float_3_3
Parameters: 1 -0.000158354 7.29693e-05 0.000158372 1 -0.00012628 -7.2929e-05 0.000126303 1 0.00231741 -0.0410742 0.0507434
FixedParameters: 0 0 0

#Transform 37
Transform: AffineTransform_float_3_3
Parameters: 1 -0.000121784 0.000214675 0.000121652 1 0.000305793 -0.00021475 -0.00030574 1 0.00289328 -0.00990374 0.0234679
FixedParameters: 0 0 0

#Transform 38
Transform: AffineTransform_float_3_3
Parameters: 1 2.50657e-06 -1.62853e-06 -2.50695e-06 1 -0.000101794 1.62808e-06 0.000101794 1 0.0119396 -0.0208331 0.0531042
FixedParameters: 0 0 0

#Transform 39
Transform: AffineTransform_float_3_3
Parameters: 1 3.55928e-05 -4.5758e-05 -3.56345e-05 1 -0.000453494 4.5726e-05 0.000453497 1 0.00927252 0.0040912 0.0129336
FixedParameters: 0 0 0

#Transform 40
Transform: AffineTransform_float_3_3
Parameters: 1 -2.63297e-05 3.67799e-05 2.63148e-05 1 0.000204464 -3.67907e-05 -0.000204462 1 0.00991066 -0.00532663 0.0323339
FixedParameters: 0 0 0

#Transform 41
Transform: AffineTransform_float_3_3
Parameters: 1 -0.000248303 -0.000160815 0.00024824 1 -0.000196568 0.000160912 0.000196488 1 0.00908015 -0.0479079 0.0625193
FixedParameters: 0 0 0

#Transform 42
Transform: AffineTransform_float_3_3
Parameters: 1 -9.11665e-05 -0.000222715 9.08865e-05 1 -0.000628469 0.00022283 0.000628428 1 0.010722 -0.0327324 0.0557366
FixedParameters: 0 0 0

#Transform 43
Transform: AffineTransform_float_3_3
Parameters: 1 -0.00010723 -2.02753e-05 0.000107254 1 0.00056232 2.01544e-05 -0.000562323 1 0.00449164 -0.0683045 0.0432769
FixedParameters: 0 0 0

#Transform 44
Transform: AffineTransform_float_3_3
Parameters: 1 -5.918e-05 -0.000163754 5.91177e-05 1 -0.000190518 0.000163777 0.000190498 1 0.0060164 -0.0420918 0.0169995
FixedParameters: 0 0 0

#Transform 45
Transform: AffineTransform_float_3_3
Parameters: 1 -3.1076e-05 4.3097e-05 3.10542e-05 1 0.000254848 -4.31129e-05 -0.000254845 1 0.00952296 -0.019806 0.0475056
FixedParameters: 0 0 0

#Transform 46
Transform: AffineTransform_float_3_3
Parameters: 1 -7.80436e-05 -0.000203377 7.79675e-05 1 -0.000187329 0.000203406 0.000187297 1 0.00592185 -0.0316266 0.058962
FixedParameters: 0 0 0

#Transform 47
Transform: AffineTransform_float_3_3
Parameters: 1 -0.000120914 -0.000293429 0.000120809 1 -0.000180086 0.000293472 0.000180015 1 0.00338326 -0.0377498 0.0458373
FixedParameters: 0 0 0

#Transform 48
Transform: AffineTransform_float_3_3
Parameters: 1 -8.23307e-05 -0.000212382 8.22516e-05 1 -0.000186604 0.000212413 0.000186569 1 -0.00268933 -0.0131075 0.0517633
FixedParameters: 0 0 0

#Transform 49
Transform: AffineTransform_float_3_3
Parameters: 1 -5.95544e-05 -0.000194185 5.94454e-05 1 -0.000280872 0.000194219 0.000280848 1 0.00345076 -0.0388032 0.0522401
FixedParameters: 0 0 0

#Transform 50
Transform: AffineTransform_float_3_3
Parameters: 1 -0.000197271 -0.000356424 0.000197364 1 0.000130317 0.000356373 -0.000130458 1 0.00414877 -0.0375581 0.038304
FixedParameters: 0 0 0

#Transform 51
Transform: AffineTransform_float_3_3
Parameters: 1 8.07644e-07 -9.6673e-06 -8.09916e-07 1 -0.000115117 9.66718e-06 0.000115117 1 -0.00339871 -0.0679717 0.0595675
FixedParameters: 0 0 0

#Transform 52
Transform: AffineTransform_float_3_3
Parameters: 1 6.35084e-05 -9.33593e-05 -6.36547e-05 0.999999 -0.000781961 9.32602e-05 0.000781971 0.999999 0.00725346 -0.016737 0.019389
FixedParameters: 0 0 0

#Transform 53
Transform: AffineTransform_float_3_3
Parameters: 1 7.26103e-05 -3.11529e-05 -7.26078e-05 1 4.2124e-05 3.11589e-05 -4.21194e-05 1 -0.000568917 -0.0415757 0.0485126
FixedParameters: 0 0 0

#Transform 54
Transform: AffineTransform_float_3_3
Parameters: 1 -1.73734e-06 -0.000230198 1.38222e-06 0.999999 -0.000770929 0.000230201 0.000770927 0.999999 0.00493351 -0.0373728 0.0303042
FixedParameters: 0 0 0

#Transform 55
Transform: AffineTransform_float_3_3
Parameters: 1 4.45389e-05 -0.00016216 -4.45878e-05 1 -0.000150574 0.000162146 0.000150588 1 -0.00595724 -0.0288628 0.0716559
FixedParameters: 0 0 0

#Transform 56
Transform: AffineTransform_float_3_3
Parameters: 1 -4.67316e-05 -0.000271742 4.64044e-05 1 -0.000601935 0.000271798 0.000601909 1 0.00715896 -0.0384734 0.0479244
FixedParameters: 0 0 0

#Transform 57
Transform: AffineTransform_float_3_3
Parameters: 1 3.60362e-05 -0.000150975 -3.62711e-05 0.999999 -0.000777314 0.00015092 0.000777323 0.999999 0.00625999 0.0209493 0.0306618
FixedParameters: 0 0 0

#Transform 58
Transform: AffineTransform_float_3_3
Parameters: 1 -0.0001083 -0.000507711 0.000107481 0.999999 -0.00091786 0.000508155 0.000918499 1 0.0112053 -0.0363683 0.0689009
FixedParameters: 0 0 0

#Transform 59
Transform: AffineTransform_float_3_3
Parameters: 1 3.64656e-05 -0.000579765 -3.73286e-05 1 -0.000955246 0.000579879 0.000955264 1 0.00676559 -0.00782188 0.0460744
FixedParameters: 0 0 0

#Transform 60
Transform: AffineTransform_float_3_3
Parameters: 1 1.94942e-05 -0.000567484 -2.05176e-05 0.999999 -0.000901698 0.000567448 0.000901719 0.999999 -0.00690349 -0.0549063 0.0664844
FixedParameters: 0 0 0

#Transform 61
Transform: AffineTransform_float_3_3
Parameters: 1 -8.50543e-05 -0.000538845 8.40419e-05 1 -0.00116621 0.000539226 0.00116609 0.999999 -0.00822061 -0.00429268 0.0469594
FixedParameters: 0 0 0

#Transform 62
Transform: AffineTransform_float_3_3
Parameters: 1 0.000132133 -0.000630164 -0.000132285 1 -0.00101384 0.00062965 0.00101395 1 -0.00388413 -0.0597989 0.0886143
FixedParameters: 0 0 0

#Transform 63
Transform: AffineTransform_float_3_3
Parameters: 1 9.76952e-05 -0.00073318 -9.86487e-05 0.999999 -0.00141813 0.000732656 0.00141822 0.999998 -0.00354507 -0.0152183 0.0392747
FixedParameters: 0 0 0

#Transform 64
Transform: AffineTransform_float_3_3
Parameters: 1 0.000206828 -0.000676127 -0.000206851 0.999999 -0.00114071 0.000676284 0.00114078 0.999999 -0.00639174 -0.0139363 0.0511829
FixedParameters: 0 0 0

#Transform 65
Transform: AffineTransform_float_3_3
Parameters: 1 0.000222616 -0.000726613 -0.000224315 0.999999 -0.00167108 0.000727103 0.00167057 0.999999 -0.00704442 -0.0105516 0.0420445
FixedParameters: 0 0 0

#Transform 66
Transform: AffineTransform_float_3_3
Parameters: 1 0.000184109 -0.000674826 -0.000185169 0.999999 -0.00125833 0.000675421 0.0012584 0.999999 -0.00599673 -0.0109466 0.0537117
FixedParameters: 0 0 0

#Transform 67
Transform: AffineTransform_float_3_3
Parameters: 1 0.000253658 -0.000724201 -0.000254249 0.999999 -0.00145716 0.00072409 0.00145733 0.999998 -0.0076689 -0.034554 0.0628262
FixedParameters: 0 0 0

#Transform 68
Transform: AffineTransform_float_3_3
Parameters: 1 0.000222616 -0.000726613 -0.000224315 0.999999 -0.00167108 0.000727103 0.00167057 0.999999 -0.00717351 -0.0270605 0.0381762
FixedParameters: 0 0 0

#Transform 69
Transform: AffineTransform_float_3_3
Parameters: 0.999999 0.000161481 -0.000747941 -0.000163384 0.999999 -0.00133404 0.000747685 0.00133363 0.999999 -0.0077946 -0.01426 0.0296243
FixedParameters: 0 0 0

#Transform 70
Transform: AffineTransform_float_3_3
Parameters: 1 0.000227894 -0.000733632 -0.000229545 0.999999 -0.00172657 0.000734086 0.00172671 0.999998 -0.00583392 -0.00219146 0.04379
FixedParameters: 0 0 0

#Transform 71
Transform: AffineTransform_float_3_3
Parameters: 1 0.000222616 -0.000726613 -0.000224315 0.999999 -0.00167108 0.000727103 0.00167057 0.999999 0.00191001 0.0243457 0.0192961
FixedParameters: 0 0 0

#Transform 72
Transform: AffineTransform_float_3_3
Parameters: 1 0.000222616 -0.000726613 -0.000224315 0.999999 -0.00167108 0.000727103 0.00167057 0.999999 -0.00312554 -0.00164952 0.0719738
FixedParameters: 0 0 0

#Transform 73
Transform: AffineTransform_float_3_3
Parameters: 0.999999 0.000122132 -0.00081513 -0.000123636 0.999999 -0.00166951 0.000814651 0.001669 0.999999 -0.00762485 -0.0468071 0.0729709
FixedParameters: 0 0 0

#Transform 74
Transform: AffineTransform_float_3_3
Parameters: 1 0.000241107 -0.00068792 -0.00024268 0.999999 -0.0016742 0.000688346 0.0016737 0.999999 3.14055e-05 -0.0320683 0.0575753
FixedParameters: 0 0 0

#Transform 75
Transform: AffineTransform_float_3_3
Parameters: 0.999999 6.63162e-05 -0.000890246 -6.7224e-05 1 -0.00114226 0.000889847 0.00114233 0.999999 -0.00582061 -0.0417445 0.0624392
FixedParameters: 0 0 0

#Transform 76
Transform: AffineTransform_float_3_3
Parameters: 0.999999 0.000179594 -0.000813486 -0.000180913 0.999999 -0.00165333 0.000812827 0.00165355 0.999999 0.00497843 -0.00833619 0.0396654
FixedParameters: 0 0 0

#Transform 77
Transform: AffineTransform_float_3_3
Parameters: 1 0.00023237 -0.00064961 -0.000234072 0.999999 -0.00149881 0.000649095 0.00149908 0.999998 -0.00594482 -0.0143759 0.0677445
FixedParameters: 0 0 0

#Transform 78
Transform: AffineTransform_float_3_3
Parameters: 0.999999 0.000199546 -0.000732595 -0.000201553 0.999999 -0.00153702 0.000732163 0.00153729 0.999998 0.00628764 -0.0499976 0.0570648
FixedParameters: 0 0 0

#Transform 79
Transform: AffineTransform_float_3_3
Parameters: 0.999999 0.000196937 -0.000729182 -0.000199047 0.999998 -0.00151017 0.000728761 0.0015098 0.999999 0.00321619 -0.0345576 0.0502017
FixedParameters: 0 0 0

#Transform 80
Transform: AffineTransform_float_3_3
Parameters: 0.999999 0.000174276 -0.000698622 -0.000175954 0.999999 -0.00126716 0.000698356 0.00126675 0.999999 0.00290938 -0.0620716 0.093622
FixedParameters: 0 0 0

#Transform 81
Transform: AffineTransform_float_3_3
Parameters: 1 0.000316133 -0.000519838 -0.000317474 0.999999 -0.00165236 0.000518913 0.00165189 0.999998 0.00934734 -0.0187354 0.0415026
FixedParameters: 0 0 0

#Transform 82
Transform: AffineTransform_float_3_3
Parameters: 1 0.000162417 -0.000682536 -0.000163727 1 -0.00113892 0.000682348 0.00113912 0.999999 0.0105321 -0.0267053 0.0526612
FixedParameters: 0 0 0

#Transform 83
Transform: AffineTransform_float_3_3
Parameters: 1 0.000215678 -0.000754134 -0.000216884 0.999999 -0.001709 0.000753332 0.00170925 0.999999 0.012538 -0.0172791 0.0426485
FixedParameters: 0 0 0

#Transform 84
Transform: AffineTransform_float_3_3
Parameters: 1 0.000210677 -0.000747488 -0.000211935 0.999999 -0.00165647 0.00074672 0.00165607 0.999999 0.0165207 -0.00984917 0.0606847
FixedParameters: 0 0 0

#Transform 85
Transform: AffineTransform_float_3_3
Parameters: 0.999999 0.000194389 -0.000725637 -0.000196294 0.999999 -0.0014817 0.000725242 0.00148196 0.999998 0.0132999 -0.0121645 0.0605447
FixedParameters: 0 0 0

#Transform 86
Transform: AffineTransform_float_3_3
Parameters: 1 0.000250675 -0.000801266 -0.000252137 0.999998 -0.00208404 0.000801277 0.00208496 0.999998 0.0174216 -0.0120359 0.043091
FixedParameters: 0 0 0

#Transform 87
Transform: AffineTransform_float_3_3
Parameters: 0.999999 0.000240881 -0.000743127 -0.00024187 0.999999 -0.00142356 0.000742194 0.00142387 0.999998 0.00551818 -0.0337392 0.0834144
FixedParameters: 0 0 0

#Transform 88
Transform: AffineTransform_float_3_3
Parameters: 0.999999 0.00020194 -0.000735826 -0.000203995 0.999999 -0.00156271 0.000735375 0.00156298 0.999998 0.0116211 -0.0342442 0.0491196
FixedParameters: 0 0 0

#Transform 89
Transform: AffineTransform_float_3_3
Parameters: 1 0.000223934 -0.000641232 -0.000225114 0.999999 -0.0014177 0.000641655 0.00141781 0.999998 0.00727954 -0.0426801 0.0699798
FixedParameters: 0 0 0

#Transform 90
Transform: AffineTransform_float_3_3
Parameters: 0.999999 0.000216936 -0.000755939 -0.000218324 0.999998 -0.00172364 0.000755121 0.00172326 0.999999 0.0197297 -0.0183045 0.042144
FixedParameters: 0 0 0

#Transform 91
Transform: AffineTransform_float_3_3
Parameters: 0.999999 0.00017092 -0.000852222 -0.000172627 0.999999 -0.00171589 0.000851564 0.00171547 0.999999 0.0147779 -0.00424469 0.0580054
FixedParameters: 0 0 0

#Transform 92
Transform: AffineTransform_float_3_3
Parameters: 0.999999 0.00016662 -0.00086122 -0.000168356 0.999999 -0.00171516 0.000860577 0.00171474 0.999999 0.0171389 -0.0543262 0.0973227
FixedParameters: 0 0 0

#Transform 93
Transform: AffineTransform_float_3_3
Parameters: 0.999999 0.000184257 -0.000711971 -0.000185967 0.999999 -0.00137304 0.000711647 0.00137328 0.999999 -0.00182118 -0.00216576 0.0832486
FixedParameters: 0 0 0

#Transform 94
Transform: AffineTransform_float_3_3
Parameters: 1 0.000223484 -0.000764711 -0.000224461 0.999999 -0.00179301 0.000764721 0.00179312 0.999998 0.00640305 -0.0352042 0.0943995
FixedParameters: 0 0 0

#Transform 95
Transform: AffineTransform_float_3_3
Parameters: 0.999999 0.000180812 -0.000831526 -0.00018245 0.999999 -0.00171755 0.000830833 0.00171715 0.999999 0.0124825 -0.0121651 0.0600745
FixedParameters: 0 0 0

#Transform 96
Transform: AffineTransform_float_3_3
Parameters: 1 0.000210339 -0.000746926 -0.000211436 0.999999 -0.00165171 0.000746167 0.00165194 0.999999 -0.0062992 -0.0503733 0.100132
FixedParameters: 0 0 0

#Transform 97
Transform: AffineTransform_float_3_3
Parameters: 0.999999 0.000219083 -0.000758732 -0.000220361 0.999999 -0.00174555 0.000757903 0.00174581 0.999998 0.00381809 -0.0303201 0.066374
FixedParameters: 0 0 0

#Transform 98
Transform: AffineTransform_float_3_3
Parameters: 0.999999 0.000205864 -0.000740922 -0.000207882 0.999999 -0.00160382 0.000740689 0.00160485 0.999999 -0.00748234 -0.0374414 0.0700657
FixedParameters: 0 0 0

#Transform 99
Transform: AffineTransform_float_3_3
Parameters: 0.999999 0.000207162 -0.000868524 -0.000209272 0.999998 -0.00200413 0.000867628 0.00200441 0.999997 0.00803408 -0.00446909 0.0567319
FixedParameters: 0 0 0

#Transform 100
Transform: AffineTransform_float_3_3
Parameters: 1 0.000242618 -0.00079057 -0.000244013 0.999998 -0.00199847 0.00079041 0.00199863 0.999997 -0.00651258 -0.0296953 0.0700636
FixedParameters: 0 0 0

#Transform 101
Transform: AffineTransform_float_3_3
Parameters: 1 0.000251687 -0.000802634 -0.000253172 0.999998 -0.00209491 0.000802635 0.00209583 0.999998 0.00925943 -0.0319774 0.0923769
FixedParameters: 0 0 0

#Transform 102
Transform: AffineTransform_float_3_3
Parameters: 0.999999 0.00022339 -0.000990813 -0.000226456 0.999998 -0.00248622 0.00099 0.00248654 0.999997 0.0172791 0.000438788 0.058116
FixedParameters: 0 0 0

#Transform 103
Transform: AffineTransform_float_3_3
Parameters: 1 0.0002371 -0.00078311 -0.000238372 0.999998 -0.0019392 0.000783001 0.00193935 0.999998 -0.00764026 -0.042954 0.0758342
FixedParameters: 0 0 0

#Transform 104
Transform: AffineTransform_float_3_3
Parameters: 1 0.000275374 -0.000834631 -0.000277285 0.999997 -0.00234916 0.000834329 0.00234937 0.999997 0.0135298 -0.0115041 0.0602334
FixedParameters: 0 0 0

#Transform 105
Transform: AffineTransform_float_3_3
Parameters: 0.999999 2.92826e-05 -0.000835892 -3.12215e-05 0.999998 -0.00197953 0.000835711 0.0019795 0.999997 -0.00423998 -0.0113702 0.0669255
FixedParameters: 0 0 0

#Transform 106
Transform: AffineTransform_float_3_3
Parameters: 0.999999 0.000103688 -0.00100433 -0.000105698 0.999997 -0.00249559 0.00100462 0.00249627 0.999997 0.00464544 -0.0452805 0.0891757
FixedParameters: 0 0 0

#Transform 107
Transform: AffineTransform_float_3_3
Parameters: 0.999999 0.000128089 -0.000983396 -0.000130805 0.999998 -0.00220265 0.000982948 0.00220281 0.999997 -0.00134849 -0.00844193 0.0728146
FixedParameters: 0 0 0

#Transform 108
Transform: AffineTransform_float_3_3
Parameters: 1 0.000273628 -0.000832267 -0.000275497 0.999997 -0.00233039 0.000831984 0.0023306 0.999997 -0.00264611 -0.0229834 0.102518
FixedParameters: 0 0 0

#Transform 109
Transform: AffineTransform_float_3_3
Parameters: 0.999999 0.000131427 -0.00103777 -0.000134822 0.999997 -0.00241412 0.00103724 0.00241429 0.999996 0.000283085 -0.000577785 0.0755578
FixedParameters: 0 0 0

#Transform 110
Transform: AffineTransform_float_3_3
Parameters: 1 0.000239675 -0.000786591 -0.000241005 0.999998 -0.00196686 0.000786459 0.00196701 0.999997 -0.0026298 -0.0190918 0.0973668
FixedParameters: 0 0 0

#Transform 111
Transform: AffineTransform_float_3_3
Parameters: 1 -8.5585e-05 -0.000674123 8.38257e-05 0.999997 -0.00250162 0.000674669 0.0025014 0.999996 0.0142787 -0.0134958 0.0710007
FixedParameters: 0 0 0

#Transform 112
Transform: AffineTransform_float_3_3
Parameters: 0.999999 6.95252e-05 -0.000919742 -7.12801e-05 0.999997 -0.00231143 0.000919109 0.00231143 0.999997 -0.0031082 -0.029235 0.0965163
FixedParameters: 0 0 0

#Transform 113
Transform: AffineTransform_float_3_3
Parameters: 1 -5.1162e-05 -0.000678578 4.95825e-05 0.999997 -0.00235307 0.000678938 0.0023529 0.999997 -0.0115992 -0.0619701 0.0913424
FixedParameters: 0 0 0

#Transform 114
Transform: AffineTransform_float_3_3
Parameters: 1 4.80945e-05 -0.000713412 -4.96138e-05 0.999998 -0.0021966 0.000713319 0.00219657 0.999998 0.00419066 -0.0111837 0.0533485
FixedParameters: 0 0 0

#Transform 115
Transform: AffineTransform_float_3_3
Parameters: 0.999999 0.000175587 -0.00110134 -0.00017798 0.999996 -0.00273207 0.00109982 0.00273227 0.999995 0.00517889 -0.0357356 0.0912924
FixedParameters: 0 0 0

#Transform 116
Transform: AffineTransform_float_3_3
Parameters: 0.999999 -0.000136519 -0.000805907 0.000134354 0.999996 -0.00279865 0.000805666 0.00279842 0.999996 -0.000802515 0.00594455 0.0523569
FixedParameters: 0 0 0

#Transform 117
Transform: AffineTransform_float_3_3
Parameters: 1 -0.000107745 -0.000668581 0.00010604 0.999996 -0.00256577 0.000669498 0.00256627 0.999997 -0.00830428 -0.0433135 0.108915
FixedParameters: 0 0 0

#Transform 118
Transform: AffineTransform_float_3_3
Parameters: 1 8.6138e-05 -0.000756846 -8.83181e-05 0.999997 -0.00250738 0.00075653 0.00250741 0.999996 0.00980797 -0.0493894 0.102979
FixedParameters: 0 0 0

#Transform 119
Transform: AffineTransform_float_3_3
Parameters: 1 -0.000217493 -0.000759208 0.000215754 0.999997 -0.00212145 0.000760312 0.00212179 0.999998 -0.00561677 -0.0453084 0.118305
FixedParameters: 0 0 0

#Transform 120
Transform: AffineTransform_float_3_3
Parameters: 1 0.000119372 -0.000785643 -0.000120822 0.999997 -0.00266772 0.000784878 0.00266775 0.999996 -0.00694628 -0.0299769 0.0847488
FixedParameters: 0 0 0

#Transform 121
Transform: AffineTransform_float_3_3
Parameters: 1 -0.000112771 -0.000662005 0.000111057 0.999997 -0.0025128 0.00066269 0.00251254 0.999996 -0.00725879 -0.0191504 0.0878048
FixedParameters: 0 0 0

#Transform 122
Transform: AffineTransform_float_3_3
Parameters: 1 2.0093e-05 -0.000707343 -2.17138e-05 0.999998 -0.00228706 0.00070737 0.00228698 0.999997 -0.0101047 -0.0618727 0.0993564
FixedParameters: 0 0 0

#Transform 123
Transform: AffineTransform_float_3_3
Parameters: 0.999999 3.34876e-05 -0.00100533 -3.54798e-05 0.999997 -0.00248391 0.00100597 0.00248444 0.999997 0.00380905 -0.0187639 0.0569621
FixedParameters: 0 0 0

#Transform 124
Transform: AffineTransform_float_3_3
Parameters: 0.999999 0.000227048 -0.000909354 -0.000229376 0.999996 -0.00278873 0.000907957 0.00278898 0.999995 -0.00757843 -0.0415272 0.0738431
FixedParameters: 0 0 0

#Transform 125
Transform: AffineTransform_float_3_3
Parameters: 0.999999 0.000316116 -0.00123582 -0.000319736 0.999996 -0.0027793 0.00123505 0.00278052 0.999996 -0.00346713 -0.0718077 0.103671
FixedParameters: 0 0 0

#Transform 126
Transform: AffineTransform_float_3_3
Parameters: 0.999999 0.000688762 -0.00110192 -0.000691943 0.999994 -0.00320036 0.00109948 0.00320075 0.999995 -0.00291494 -0.0343651 0.0825486
FixedParameters: 0 0 0

#Transform 127
Transform: AffineTransform_float_3_3
Parameters: 0.999999 0.000620876 -0.00105614 -0.000624395 0.999995 -0.00303757 0.00105459 0.00303843 0.999994 -0.00293527 -0.0343411 0.0870347
FixedParameters: 0 0 0

#Transform 128
Transform: AffineTransform_float_3_3
Parameters: 0.999999 0.000105717 -0.00122759 -0.000109651 0.999995 -0.00327748 0.0012267 0.00327751 0.999994 0.00319563 -0.0325172 0.0801219
FixedParameters: 0 0 0

#Transform 129
Transform: AffineTransform_float_3_3
Parameters: 0.999999 0.000187049 -0.00120727 -0.000191915 0.999994 -0.00335422 0.00120624 0.00335447 0.999993 0.0119066 0.0189368 0.0565626
FixedParameters: 0 0 0

#Transform 130
Transform: AffineTransform_float_3_3
Parameters: 0.999999 0.000358893 -0.000926631 -0.000361053 0.999996 -0.00299072 0.000925412 0.00299106 0.999995 0.00379119 -0.0480831 0.124894
FixedParameters: 0 0 0

#Transform 131
Transform: AffineTransform_float_3_3
Parameters: 0.999999 0.000297378 -0.000954515 -0.000300567 0.999993 -0.00369854 0.000953606 0.00369873 0.999992 0.00486821 -0.0387627 0.103528
FixedParameters: 0 0 0

#Transform 132
Transform: AffineTransform_float_3_3
Parameters: 0.999999 0.00029451 -0.000874657 -0.000297031 0.999996 -0.00272998 0.000874223 0.00273022 0.999996 -0.00471166 -0.0202852 0.0786593
FixedParameters: 0 0 0

#Transform 133
Transform: AffineTransform_float_3_3
Parameters: 0.999999 0.000113786 -0.00127557 -0.000118043 0.999994 -0.00347883 0.0012757 0.00347949 0.999993 -0.00256317 -0.0623476 0.114029
FixedParameters: 0 0 0

#Transform 134
Transform: AffineTransform_float_3_3
Parameters: 1 0.000258764 -0.000902312 -0.000261064 0.999995 -0.00328365 0.000901723 0.00328376 0.999994 -0.00673943 -0.0427812 0.0956981
FixedParameters: 0 0 0

#Transform 135
Transform: AffineTransform_float_3_3
Parameters: 0.999999 -2.82723e-05 -0.00114586 2.46106e-05 0.999994 -0.00339157 0.00114585 0.00339127 0.999993 0.00376935 -0.0310535 0.103916
FixedParameters: 0 0 0

#Transform 136
Transform: AffineTransform_float_3_3
Parameters: 0.999999 0.00030382 -0.000963019 -0.000306959 0.999993 -0.00376671 0.000962205 0.0037669 0.999993 0.0161243 -0.010705 0.0717947
FixedParameters: 0 0 0

#Transform 137
Transform: AffineTransform_float_3_3
Parameters: 0.999999 0.000162518 -0.00109977 -0.000166452 0.999995 -0.00325774 0.00109894 0.00325789 0.999994 0.0110026 -0.00158555 0.0813329
FixedParameters: 0 0 0

#Transform 138
Transform: AffineTransform_float_3_3
Parameters: 0.999999 6.54455e-05 -0.000976833 -6.88563e-05 0.999994 -0.00352432 0.000976787 0.00352422 0.999994 0.0129547 -0.0551636 0.108257
FixedParameters: 0 0 0

#Transform 139
Transform: AffineTransform_float_3_3
Parameters: 0.999999 0.000295363 -0.000951775 -0.00029849 0.999993 -0.0036768 0.000950894 0.00367699 0.999993 0.0179863 -0.0224395 0.0828326
FixedParameters: 0 0 0

#Transform 140
Transform: AffineTransform_float_3_3
Parameters: 0.999999 0.000244625 -0.000883348 -0.000247171 0.999995 -0.00313246 0.000881867 0.00313271 0.999994 0.0124827 -0.0430872 0.110506
FixedParameters: 0 0 0

#Transform 141
Transform: AffineTransform_float_3_3
Parameters: 0.999999 0.00032985 -0.000998187 -0.000333566 0.999992 -0.00404627 0.000997172 0.0040465 0.999992 0.0165501 -0.0315604 0.0882142
FixedParameters: 0 0 0

#Transform 142
Transform: AffineTransform_float_3_3
Parameters: 0.999999 0.000130183 -0.00111405 -0.000133687 0.999995 -0.00308899 0.00111417 0.00308895 0.999994 0.00904747 -0.0407515 0.0991921
FixedParameters: 0 0 0

#Transform 143
Transform: AffineTransform_float_3_3
Parameters: 0.999999 0.000154383 -0.00119844 -0.000158433 0.999994 -0.00350832 0.00119734 0.00350844 0.999993 0.0157854 -0.0406272 0.102385
FixedParameters: 0 0 0

#Transform 144
Transform: AffineTransform_float_3_3
Parameters: 0.999999 0.000255066 -0.0013079 -0.000260513 0.999994 -0.00356185 0.00130737 0.00356215 0.999993 0.00607295 -0.0173192 0.107706
FixedParameters: 0 0 0

#Transform 145
Transform: AffineTransform_float_3_3
Parameters: 0.999999 0.000175573 -0.00129096 -0.000180776 0.999992 -0.0039344 0.00129085 0.00393455 0.999992 0.002305 -0.0126671 0.105609
FixedParameters: 0 0 0

#Transform 146
Transform: AffineTransform_float_3_3
Parameters: 0.999999 0.000252864 -0.00113017 -0.000257334 0.999992 -0.00394768 0.00112833 0.00394734 0.999992 0.00487799 0.0305706 0.0717534
FixedParameters: 0 0 0

#Transform 147
Transform: AffineTransform_float_3_3
Parameters: 0.999999 0.000289515 -0.00113367 -0.000293792 0.999991 -0.00419907 0.00113246 0.00419928 0.99999 -0.001119 -0.0437654 0.139578
FixedParameters: 0 0 0

#Transform 148
Transform: AffineTransform_float_3_3
Parameters: 0.999999 0.000354031 -0.00103088 -0.000358301 0.999991 -0.00430607 0.00102966 0.00430635 0.99999 -0.0022443 -0.0225699 0.116696
FixedParameters: 0 0 0

#Transform 149
Transform: AffineTransform_float_3_3
Parameters: 0.999999 0.000280686 -0.00106534 -0.000284943 0.999992 -0.00393009 0.00106461 0.00393029 0.999991 -0.00102871 -0.0256902 0.121457
FixedParameters: 0 0 0

#Transform 150
Transform: AffineTransform_float_3_3
Parameters: 0.999998 0.000212504 -0.00143882 -0.000219506 0.999989 -0.00463418 0.00143737 0.00463517 0.999988 0.00559181 -0.0433395 0.130279
FixedParameters: 0 0 0

#Transform 151
Transform: AffineTransform_float_3_3
Parameters: 0.999998 0.000400661 -0.00143673 -0.000407056 0.999991 -0.00427281 0.00143557 0.00427334 0.99999 0.00941954 0.017623 0.094414
FixedParameters: 0 0 0

#Transform 152
Transform: AffineTransform_float_3_3
Parameters: 0.999999 0.000565127 -0.00157823 -0.000571357 0.999991 -0.00403879 0.001576 0.00403919 0.99999 0.00794345 -0.028679 0.134295
FixedParameters: 0 0 0

#Transform 153
Transform: AffineTransform_float_3_3
Parameters: 0.999998 0.000462924 -0.00157552 -0.000470605 0.999989 -0.00481831 0.00157344 0.00481905 0.999987 0.00413435 -0.000775104 0.0767601
FixedParameters: 0 0 0

#Transform 154
Transform: AffineTransform_float_3_3
Parameters: 0.999998 0.000658482 -0.00152157 -0.000666006 0.999988 -0.00502113 0.00151752 0.00502239 0.999986 0.00337865 -0.0210647 0.10546
FixedParameters: 0 0 0

#Transform 155
Transform: AffineTransform_float_3_3
Parameters: 0.999999 0.000570558 -0.00168501 -0.000579833 0.999987 -0.00516877 0.00168254 0.0051698 0.999985 0.00529969 -0.00514223 0.0821707
FixedParameters: 0 0 0

#Transform 156
Transform: AffineTransform_float_3_3
Parameters: 0.999999 0.00053265 -0.00168412 -0.000541065 0.999988 -0.00491643 0.00168065 0.0049175 0.999986 -0.00099457 -0.0243288 0.112329
FixedParameters: 0 0 0

#Transform 157
Transform: AffineTransform_float_3_3
Parameters: 0.999998 0.000294917 -0.00196497 -0.000305856 0.999985 -0.00555157 0.00196332 0.00555186 0.999982 0.00818544 -0.0306242 0.0988953
FixedParameters: 0 0 0

#Transform 158
Transform: AffineTransform_float_3_3
Parameters: 0.999999 0.000473924 -0.00164503 -0.000481882 0.999988 -0.00489356 0.00164216 0.0048944 0.999986 -0.000939174 -0.0394795 0.127594
FixedParameters: 0 0 0

#Transform 159
Transform: AffineTransform_float_3_3
Parameters: 0.999998 0.000466568 -0.00201497 -0.000477258 0.999986 -0.0053526 0.00201228 0.00535285 0.999984 0.00667027 -0.0203185 0.122144
FixedParameters: 0 0 0

#Transform 160
Transform: AffineTransform_float_3_3
Parameters: 0.999998 0.000606879 -0.001933 -0.00061666 0.999987 -0.0051552 0.00193018 0.00515582 0.999985 0.00261153 0.018385 0.0983989
FixedParameters: 0 0 0

#Transform 161
Transform: AffineTransform_float_3_3
Parameters: 0.999998 0.000618897 -0.00187381 -0.000628592 0.999986 -0.00519085 0.00186994 0.00519159 0.999985 -0.00178715 -0.0017785 0.113827
FixedParameters: 0 0 0

#Transform 162
Transform: AffineTransform_float_3_3
Parameters: 0.999998 0.000576841 -0.001745 -0.00058661 0.999984 -0.00551435 0.00174224 0.00551551 0.999984 0.00310879 -0.00876221 0.101846
FixedParameters: 0 0 0

#Transform 163
Transform: AffineTransform_float_3_3
Parameters: 0.999998 0.000582225 -0.00182929 -0.000590694 0.999988 -0.00484774 0.00182585 0.00484833 0.999986 -0.0072301 -0.0227031 0.130137
FixedParameters: 0 0 0

#Transform 164
Transform: AffineTransform_float_3_3
Parameters: 0.999998 0.000434094 -0.0016769 -0.000442659 0.999984 -0.00552444 0.00167441 0.00552517 0.999984 -0.00124568 -0.0215888 0.0999257
FixedParameters: 0 0 0

#Transform 165
Transform: AffineTransform_float_3_3
Parameters: 0.999999 0.00053084 -0.00169927 -0.000539957 0.999987 -0.00522342 0.00169585 0.00522445 0.999985 -0.00414687 -0.00856804 0.116297
FixedParameters: 0 0 0

#Transform 166
Transform: AffineTransform_float_3_3
Parameters: 0.999998 0.000751802 -0.00179773 -0.000760801 0.999987 -0.00512421 0.0017939 0.00512584 0.999985 0.00196962 -0.00107046 0.113135
FixedParameters: 0 0 0

#Transform 167
Transform: AffineTransform_float_3_3
Parameters: 0.999998 0.000588074 -0.00208569 -0.000600112 0.999983 -0.00573354 0.00208273 0.00573492 0.999982 -0.00756126 -0.00631751 0.111893
FixedParameters: 0 0 0

#Transform 168
Transform: AffineTransform_float_3_3
Parameters: 0.999999 0.000419858 -0.00175612 -0.000428756 0.999986 -0.00519834 0.00175345 0.00519839 0.999985 -0.000221685 -0.00950102 0.112193
FixedParameters: 0 0 0

#Transform 169
Transform: AffineTransform_float_3_3
Parameters: 0.999998 0.00041653 -0.00194655 -0.000427894 0.999983 -0.00576742 0.00194378 0.00576827 0.999982 0.00249522 -0.00261268 0.119852
FixedParameters: 0 0 0

#Transform 170
Transform: AffineTransform_float_3_3
Parameters: 0.999999 0.000506722 -0.00172397 -0.000516155 0.999984 -0.00567068 0.00172053 0.00567233 0.999983 0.00391395 -0.011428 0.11264
FixedParameters: 0 0 0

#Transform 171
Transform: AffineTransform_float_3_3
Parameters: 0.999998 0.000858041 -0.0018563 -0.000868116 0.999986 -0.00521273 0.00185122 0.00521422 0.999985 -0.0123383 -0.0252991 0.162206
FixedParameters: 0 0 0

#Transform 172
Transform: AffineTransform_float_3_3
Parameters: 0.999998 0.000507721 -0.00217439 -0.000519226 0.999985 -0.00552259 0.00217196 0.00552372 0.999983 -0.00163878 0.00249512 0.114764
FixedParameters: 0 0 0

#Transform 173
Transform: AffineTransform_float_3_3
Parameters: 0.999998 0.000619734 -0.00204496 -0.000631656 0.999985 -0.00538837 0.00204126 0.00539006 0.999984 -0.00812558 -0.00325065 0.11182
FixedParameters: 0 0 0

#Transform 174
Transform: AffineTransform_float_3_3
Parameters: 0.999998 0.000285631 -0.00202874 -0.000296457 0.999986 -0.00515819 0.00202711 0.00515866 0.999984 -0.00804411 0.000402419 0.123833
FixedParameters: 0 0 0

#Transform 175
Transform: AffineTransform_float_3_3
Parameters: 0.999998 0.000608261 -0.00209571 -0.000619977 0.999984 -0.00554448 0.00209232 0.00554523 0.999982 -0.00282801 0.00085828 0.116576
FixedParameters: 0 0 0

#Transform 176
Transform: AffineTransform_float_3_3
Parameters: 0.999998 0.00051258 -0.00199961 -0.000522817 0.999986 -0.00524753 0.00199661 0.00524873 0.999985 -0.0099996 -0.0448196 0.154587
FixedParameters: 0 0 0

#Transform 177
Transform: AffineTransform_float_3_3
Parameters: 0.999997 0.000612473 -0.00224079 -0.000625996 0.999982 -0.00592016 0.00223706 0.00592178 0.99998 -0.00517221 -0.0333183 0.148386
FixedParameters: 0 0 0

#Transform 178
Transform: AffineTransform_float_3_3
Parameters: 0.999997 0.000679558 -0.0021577 -0.00069086 0.999986 -0.00532338 0.00215452 0.00532439 0.999983 -0.00709637 -0.0245841 0.123062
FixedParameters: 0 0 0

#Transform 179
Transform: AffineTransform_float_3_3
Parameters: 0.999998 0.000546876 -0.00196822 -0.000557502 0.999986 -0.00517768 0.00196512 0.00517826 0.999985 -0.0135757 -0.0383246 0.155377
FixedParameters: 0 0 0

#Transform 180
Transform: AffineTransform_float_3_3
Parameters: 0.999998 0.000464074 -0.00203601 -0.000475582 0.999984 -0.00558562 0.00203356 0.00558661 0.999983 -0.00445424 -0.00893646 0.110684
FixedParameters: 0 0 0

#Transform 181
Transform: AffineTransform_float_3_3
Parameters: 0.999998 0.000508689 -0.00198999 -0.000519113 0.999987 -0.00520613 0.00198814 0.00520706 0.999984 -0.00166019 -0.0183463 0.142036
FixedParameters: 0 0 0

#Transform 182
Transform: AffineTransform_float_3_3
Parameters: 0.999998 0.000332404 -0.00212078 -0.00034484 0.999983 -0.00575352 0.00211856 0.00575413 0.999982 -0.00237848 0.00118799 0.128853
FixedParameters: 0 0 0

#Transform 183
Transform: AffineTransform_float_3_3
Parameters: 0.999998 0.00038401 -0.00197816 -0.00039498 0.999984 -0.00565036 0.00197656 0.00565161 0.999982 -0.00569025 -0.00720615 0.113712
FixedParameters: 0 0 0

#Transform 184
Transform: AffineTransform_float_3_3
Parameters: 0.999998 0.000814711 -0.00187834 -0.000826253 0.999983 -0.0057384 0.00187339 0.00573969 0.999982 -0.0120419 -0.0312143 0.163401
FixedParameters: 0 0 0

#Transform 185
Transform: AffineTransform_float_3_3
Parameters: 0.999999 0.000584089 -0.00178869 -0.000594571 0.999982 -0.0060064 0.00178521 0.0060082 0.99998 -0.0150918 -0.00687081 0.12367
FixedParameters: 0 0 0

#Transform 186
Transform: AffineTransform_float_3_3
Parameters: 0.999998 0.00080083 -0.00186404 -0.000811868 0.999984 -0.0056464 0.0018594 0.00564761 0.999983 -0.0118443 0.00746343 0.113686
FixedParameters: 0 0 0

#Transform 187
Transform: AffineTransform_float_3_3
Parameters: 0.999999 0.000600826 -0.00177409 -0.000609748 0.999988 -0.00498971 0.00177091 0.00499095 0.999986 -0.0164144 -0.0314717 0.121644
FixedParameters: 0 0 0

#Transform 188
Transform: AffineTransform_float_3_3
