# transform file /out/sourcedata/freesurfer/sub-v1s4x0050704_ses-1/mri/transforms/cc_up.lta
# created by oesteban on Tue Mar 10 04:40:49 2026

type      = 0 # LINEAR_VOX_TO_VOX
nxforms   = 1
mean      = 128.0000 112.0000 118.0000
sigma     = 10000.0000
1 4 4
9.957819581031799e-01 -6.583134829998016e-02 6.391021609306335e-02 2.389406681060791e+00 
6.569617986679077e-02 9.978307485580444e-01 4.216442350298166e-03 2.343823242187500e+01 
-6.404914706945419e-02 -4.656612873077393e-10 9.979467391967773e-01 3.333823013305664e+01 
0.000000000000000e+00 0.000000000000000e+00 0.000000000000000e+00 1.000000000000000e+00 
src volume info
valid = 1  # volume info valid
filename = /out/sourcedata/freesurfer/sub-v1s4x0050704_ses-1/mri/norm.mgz
volume = 256 256 256
voxelsize = 1.000000000000000e+00 1.000000000000000e+00 1.000000000000000e+00
xras   = -1.000000000000000e+00 1.396983861923218e-09 0.000000000000000e+00
yras   = 0.000000000000000e+00 1.862645149230957e-09 -1.000000119209290e+00
zras   = -5.005858838558197e-09 1.000000000000000e+00 3.725290298461914e-09
cras   = 1.930038452148438e+00 1.054448699951172e+01 4.437622070312500e+00
dst volume info
valid = 1  # volume info valid
filename = /out/sourcedata/freesurfer/sub-v1s4x0050704_ses-1/mri/norm.mgz
volume = 256 256 256
voxelsize = 1.000000000000000e+00 1.000000000000000e+00 1.000000000000000e+00
xras   = -1.000000000000000e+00 1.396983861923218e-09 0.000000000000000e+00
yras   = 0.000000000000000e+00 1.862645149230957e-09 -1.000000119209290e+00
zras   = -5.005858838558197e-09 1.000000000000000e+00 3.725290298461914e-09
cras   = 1.930038452148438e+00 1.054448699951172e+01 4.437622070312500e+00
