type      = 0 # LINEAR_VOX_TO_VOX
nxforms   = 1
mean      = 0.0000 0.0000 0.0000
sigma     = 1.0000
1 4 4
1.064986944198608e+00 -5.320500582456589e-02 6.154000386595726e-02 -8.201828002929688e+00 
4.084999859333038e-02 1.016532063484192e+00 1.783860027790070e-01 -1.218075561523438e+01 
-5.119099840521812e-02 -2.325720340013504e-01 1.017755031585693e+00 2.218135070800781e+01 
0.000000000000000e+00 0.000000000000000e+00 0.000000000000000e+00 1.000000000000000e+00 
src volume info
valid = 1  # volume info valid
filename = /out/sourcedata/freesurfer/sub-v1s4x0050704_ses-1/mri/orig.mgz
volume = 256 256 256
voxelsize = 1.000000000000000e+00 1.000000000000000e+00 1.000000000000000e+00
xras   = -1.000000000000000e+00 1.396983861923218e-09 0.000000000000000e+00
yras   = 0.000000000000000e+00 1.862645149230957e-09 -1.000000119209290e+00
zras   = -5.005858838558197e-09 1.000000000000000e+00 3.725290298461914e-09
cras   = 1.930038452148438e+00 1.054448699951172e+01 4.437622070312500e+00
dst volume info
valid = 1  # volume info valid
filename = /opt/freesurfer/average/mni305.cor.mgz
volume = 256 256 256
voxelsize = 1.000000000000000e+00 1.000000000000000e+00 1.000000000000000e+00
xras   = -1.000000000000000e+00 0.000000000000000e+00 0.000000000000000e+00
yras   = 0.000000000000000e+00 0.000000000000000e+00 -1.000000000000000e+00
zras   = 0.000000000000000e+00 1.000000000000000e+00 0.000000000000000e+00
cras   = 0.000000000000000e+00 0.000000000000000e+00 0.000000000000000e+00
subject fsaverage
fscale 0.100000
