# transform file transforms/talairach.lta
# created by oesteban on Tue Mar 10 03:10:31 2026

type      = 0 # LINEAR_VOX_TO_VOX
nxforms   = 1
mean      = 128.0000 111.0000 119.0000
sigma     = 10000.0000
1 4 4
1.012208819389343e+00 -5.630226433277130e-02 5.555286630988121e-02 -2.892440557479858e+00 
4.023227840662003e-02 1.072997927665710e+00 2.307912111282349e-01 -2.413232421875000e+01 
-6.372710317373276e-02 -1.757535040378571e-01 9.607008695602417e-01 2.527522277832031e+01 
0.000000000000000e+00 0.000000000000000e+00 0.000000000000000e+00 1.000000000000000e+00 
src volume info
valid = 1  # volume info valid
filename = nu.mgz
volume = 256 256 256
voxelsize = 1.000000000000000e+00 1.000000000000000e+00 1.000000000000000e+00
xras   = -1.000000000000000e+00 1.396983861923218e-09 0.000000000000000e+00
yras   = 0.000000000000000e+00 1.862645149230957e-09 -1.000000119209290e+00
zras   = -5.005858838558197e-09 1.000000000000000e+00 3.725290298461914e-09
cras   = 1.930038452148438e+00 1.054448699951172e+01 4.437622070312500e+00
dst volume info
valid = 1  # volume info valid
filename = /opt/freesurfer/average/RB_all_2020-01-02.gca
volume = 256 256 256
voxelsize = 1.000000000000000e+00 1.000000000000000e+00 1.000000000000000e+00
xras   = -1.000000000000000e+00 0.000000000000000e+00 0.000000000000000e+00
yras   = 0.000000000000000e+00 0.000000000000000e+00 -1.000000000000000e+00
zras   = 0.000000000000000e+00 1.000000000000000e+00 0.000000000000000e+00
cras   = 0.000000000000000e+00 0.000000000000000e+00 0.000000000000000e+00
