# transform file /out/sourcedata/freesurfer/sub-v1s4x0050709_ses-1/mri/transforms/cc_up.lta
# created by oesteban on Tue Mar 10 04:32:04 2026

type      = 0 # LINEAR_VOX_TO_VOX
nxforms   = 1
mean      = 129.0000 111.0000 118.0000
sigma     = 10000.0000
1 4 4
9.992300271987915e-01 3.558656573295593e-02 1.652404852211475e-02 -6.317885875701904e+00 
-3.558170050382614e-02 9.993666410446167e-01 -5.884068086743355e-04 4.072462463378906e+01 
-1.653452217578888e-02 0.000000000000000e+00 9.998633265495300e-01 2.215365028381348e+01 
0.000000000000000e+00 0.000000000000000e+00 0.000000000000000e+00 1.000000000000000e+00 
src volume info
valid = 1  # volume info valid
filename = /out/sourcedata/freesurfer/sub-v1s4x0050709_ses-1/mri/norm.mgz
volume = 256 256 256
voxelsize = 1.000000000000000e+00 1.000000000000000e+00 1.000000000000000e+00
xras   = -9.999998211860657e-01 -2.328306436538696e-10 0.000000000000000e+00
yras   = -1.862645149230957e-09 -7.450580596923828e-09 -9.999997615814209e-01
zras   = 0.000000000000000e+00 9.999998211860657e-01 -7.450580596923828e-09
cras   = 1.004493713378906e+00 1.005847930908203e+01 -7.717971801757812e+00
dst volume info
valid = 1  # volume info valid
filename = /out/sourcedata/freesurfer/sub-v1s4x0050709_ses-1/mri/norm.mgz
volume = 256 256 256
voxelsize = 1.000000000000000e+00 1.000000000000000e+00 1.000000000000000e+00
xras   = -9.999998211860657e-01 -2.328306436538696e-10 0.000000000000000e+00
yras   = -1.862645149230957e-09 -7.450580596923828e-09 -9.999997615814209e-01
zras   = 0.000000000000000e+00 9.999998211860657e-01 -7.450580596923828e-09
cras   = 1.004493713378906e+00 1.005847930908203e+01 -7.717971801757812e+00
