type      = 1 # LINEAR_RAS_TO_RAS
nxforms   = 1
mean      = 0.0000 0.0000 0.0000
sigma     = 1.0000
1 4 4
1.121775031089783e+00 -1.396100036799908e-02 5.074699968099594e-02 -9.314730167388916e-01 
1.228999998420477e-02 9.818040132522583e-01 2.084980010986328e-01 -1.985860443115234e+01 
-3.712600097060204e-02 -2.033140063285828e-01 1.064833045005798e+00 -6.869705200195312e+00 
0.000000000000000e+00 0.000000000000000e+00 0.000000000000000e+00 1.000000000000000e+00 
src volume info
valid = 1  # volume info valid
filename = /out/sourcedata/freesurfer/sub-v1s4x0050709_ses-1/mri/orig_nu.mgz
volume = 256 256 256
voxelsize = 1.000000000000000e+00 1.000000000000000e+00 1.000000000000000e+00
xras   = -9.999998211860657e-01 -2.328306436538696e-10 0.000000000000000e+00
yras   = -1.862645149230957e-09 -7.450580596923828e-09 -9.999997615814209e-01
zras   = 0.000000000000000e+00 9.999998211860657e-01 -7.450580596923828e-09
cras   = 1.004493713378906e+00 1.005847930908203e+01 -7.717971801757812e+00
dst volume info
valid = 1  # volume info valid
filename = /opt/freesurfer/average/mni305.cor.mgz
volume = 256 256 256
voxelsize = 1.000000000000000e+00 1.000000000000000e+00 1.000000000000000e+00
xras   = -1.000000000000000e+00 0.000000000000000e+00 0.000000000000000e+00
yras   = 0.000000000000000e+00 0.000000000000000e+00 -1.000000000000000e+00
zras   = 0.000000000000000e+00 1.000000000000000e+00 0.000000000000000e+00
cras   = 0.000000000000000e+00 0.000000000000000e+00 0.000000000000000e+00
subject fsaverage
fscale 0.100000
