# transform file transforms/talairach.lta
# created by oesteban on Tue Mar 10 03:19:29 2026

type      = 0 # LINEAR_VOX_TO_VOX
nxforms   = 1
mean      = 129.0000 111.0000 118.0000
sigma     = 10000.0000
1 4 4
1.067853808403015e+00 2.928718365728855e-02 2.223622798919678e-02 -1.749563789367676e+01 
-3.923701494932175e-02 1.124934315681458e+00 2.616826295852661e-01 -2.477744865417480e+01 
-1.623669639229774e-02 -2.211658656597137e-01 9.518134593963623e-01 2.577151489257812e+01 
0.000000000000000e+00 0.000000000000000e+00 0.000000000000000e+00 1.000000000000000e+00 
src volume info
valid = 1  # volume info valid
filename = nu.mgz
volume = 256 256 256
voxelsize = 1.000000000000000e+00 1.000000000000000e+00 1.000000000000000e+00
xras   = -9.999998211860657e-01 -2.328306436538696e-10 0.000000000000000e+00
yras   = -1.862645149230957e-09 -7.450580596923828e-09 -9.999997615814209e-01
zras   = 0.000000000000000e+00 9.999998211860657e-01 -7.450580596923828e-09
cras   = 1.004493713378906e+00 1.005847930908203e+01 -7.717971801757812e+00
dst volume info
valid = 1  # volume info valid
filename = /opt/freesurfer/average/RB_all_2020-01-02.gca
volume = 256 256 256
voxelsize = 1.000000000000000e+00 1.000000000000000e+00 1.000000000000000e+00
xras   = -1.000000000000000e+00 0.000000000000000e+00 0.000000000000000e+00
yras   = 0.000000000000000e+00 0.000000000000000e+00 -1.000000000000000e+00
zras   = 0.000000000000000e+00 1.000000000000000e+00 0.000000000000000e+00
cras   = 0.000000000000000e+00 0.000000000000000e+00 0.000000000000000e+00
