type      = 0 # LINEAR_VOX_TO_VOX
nxforms   = 1
mean      = 0.0000 0.0000 0.0000
sigma     = 1.0000
1 4 4
1.121774792671204e+00 5.074699223041534e-02 1.396099757403135e-02 -2.353303527832031e+01 
-3.712599352002144e-02 1.064832806587219e+00 2.033139914274216e-01 -1.240028381347656e+01 
-1.228999812155962e-02 -2.084979563951492e-01 9.818038344383240e-01 1.900998687744141e+01 
0.000000000000000e+00 0.000000000000000e+00 0.000000000000000e+00 1.000000000000000e+00 
src volume info
valid = 1  # volume info valid
filename = /out/sourcedata/freesurfer/sub-v1s4x0050709_ses-1/mri/orig.mgz
volume = 256 256 256
voxelsize = 1.000000000000000e+00 1.000000000000000e+00 1.000000000000000e+00
xras   = -9.999998211860657e-01 -2.328306436538696e-10 0.000000000000000e+00
yras   = -1.862645149230957e-09 -7.450580596923828e-09 -9.999997615814209e-01
zras   = 0.000000000000000e+00 9.999998211860657e-01 -7.450580596923828e-09
cras   = 1.004493713378906e+00 1.005847930908203e+01 -7.717971801757812e+00
dst volume info
valid = 1  # volume info valid
filename = /opt/freesurfer/average/mni305.cor.mgz
volume = 256 256 256
voxelsize = 1.000000000000000e+00 1.000000000000000e+00 1.000000000000000e+00
xras   = -1.000000000000000e+00 0.000000000000000e+00 0.000000000000000e+00
yras   = 0.000000000000000e+00 0.000000000000000e+00 -1.000000000000000e+00
zras   = 0.000000000000000e+00 1.000000000000000e+00 0.000000000000000e+00
cras   = 0.000000000000000e+00 0.000000000000000e+00 0.000000000000000e+00
subject fsaverage
fscale 0.100000
