#Insight Transform File V1.0
#Transform 0
Transform: AffineTransform_float_3_3
Parameters: 0.999992 0.00326936 -0.00263037 -0.0032721 0.999994 -0.00104517 0.002627 0.00105384 0.999996 -0.0632111 0.0846046 0.277019
FixedParameters: 0 0 0

#Transform 1
Transform: AffineTransform_float_3_3
Parameters: 0.999993 0.00299572 -0.00225456 -0.00299723 0.999995 -0.000579538 0.00225335 0.000585993 0.999997 -0.0647922 0.0964985 0.28361
FixedParameters: 0 0 0

#Transform 2
Transform: AffineTransform_float_3_3
Parameters: 0.999992 0.00274202 -0.00276652 -0.00274413 0.999996 -0.000791691 0.00276469 0.000799431 0.999996 -0.053648 0.0366809 0.268299
FixedParameters: 0 0 0

#Transform 3
Transform: AffineTransform_float_3_3
Parameters: 0.999993 0.00289564 -0.00244882 -0.00289665 0.999996 -0.00032755 0.00244819 0.000334175 0.999997 -0.0565607 0.086907 0.229377
FixedParameters: 0 0 0

#Transform 4
Transform: AffineTransform_float_3_3
Parameters: 0.999992 0.00306241 -0.00228434 -0.0030645 0.999996 -0.000752546 0.0022819 0.000759493 0.999998 -0.0629149 0.0748391 0.22734
FixedParameters: 0 0 0

#Transform 5
Transform: AffineTransform_float_3_3
Parameters: 0.999993 0.00289304 -0.00245517 -0.0028943 0.999996 -0.000377089 0.00245426 0.000383737 0.999997 -0.0467741 0.0587649 0.224528
FixedParameters: 0 0 0

#Transform 6
Transform: AffineTransform_float_3_3
Parameters: 0.999994 0.00248006 -0.00237146 -0.00248279 0.999996 -0.00117905 0.00236926 0.00118528 0.999996 -0.0438489 0.0805145 0.182845
FixedParameters: 0 0 0

#Transform 7
Transform: AffineTransform_float_3_3
Parameters: 0.999995 0.00252172 -0.00226957 -0.00252216 0.999996 -0.000382503 0.00226874 0.00038867 0.999997 -0.0411241 0.103285 0.186375
FixedParameters: 0 0 0

#Transform 8
Transform: AffineTransform_float_3_3
Parameters: 0.999995 0.00252172 -0.00226957 -0.00252216 0.999996 -0.000382503 0.00226874 0.00038867 0.999997 -0.0474359 0.0544752 0.187655
FixedParameters: 0 0 0

#Transform 9
Transform: AffineTransform_float_3_3
Parameters: 0.999995 0.0021699 -0.00204759 -0.00217 0.999998 -8.7791e-05 0.00204778 9.22013e-05 0.999997 -0.0485166 0.0457838 0.147568
FixedParameters: 0 0 0

#Transform 10
Transform: AffineTransform_float_3_3
Parameters: 0.999996 0.00231161 -0.00201042 -0.00231233 0.999997 -0.000675656 0.0020092 0.000680393 0.999998 -0.0305244 0.071846 0.104318
FixedParameters: 0 0 0

#Transform 11
Transform: AffineTransform_float_3_3
Parameters: 0.999995 0.00225436 -0.00188171 -0.00225495 0.999997 -0.000224057 0.00188127 0.000228065 0.999998 -0.0294328 0.0462211 0.103867
FixedParameters: 0 0 0

#Transform 12
Transform: AffineTransform_float_3_3
Parameters: 0.999996 0.00173292 -0.00192015 -0.00173398 0.999998 -0.000686771 0.00191883 0.000690557 0.999998 -0.0242901 0.0609121 0.0675287
FixedParameters: 0 0 0

#Transform 13
Transform: AffineTransform_float_3_3
Parameters: 0.999997 0.0019401 -0.00149759 -0.00193992 0.999998 -0.000338328 0.00149655 0.000341153 0.999999 -0.0212052 0.0821537 0.0807224
FixedParameters: 0 0 0

#Transform 14
Transform: AffineTransform_float_3_3
Parameters: 0.999997 0.00140576 -0.00178945 -0.00140788 0.999999 -0.00086323 0.00178843 0.000865308 0.999998 -0.00237868 0.0469154 0.0852935
FixedParameters: 0 0 0

#Transform 15
Transform: AffineTransform_float_3_3
Parameters: 0.999998 0.0015887 -0.00099453 -0.00158927 0.999999 -0.000499016 0.000993787 0.000500486 0.999999 -0.0188413 0.0955921 0.0458825
FixedParameters: 0 0 0

#Transform 16
Transform: AffineTransform_float_3_3
Parameters: 0.999999 0.00109913 -0.0010508 -0.00109928 1 -6.47948e-05 0.00105063 6.63044e-05 0.999999 -0.000431971 0.0471034 0.0615676
FixedParameters: 0 0 0

#Transform 17
Transform: AffineTransform_float_3_3
Parameters: 0.999999 0.00107674 -0.000995325 -0.00107581 0.999999 0.000471256 0.000996317 -0.000469912 0.999999 0.00406483 0.0530145 0.0066324
FixedParameters: 0 0 0

#Transform 18
Transform: AffineTransform_float_3_3
Parameters: 0.999999 0.000549974 -0.000722066 -0.000549785 1 0.00013102 0.000722209 -0.000130227 0.999999 0.0041273 0.021459 0.0143782
FixedParameters: 0 0 0

#Transform 19
Transform: AffineTransform_float_3_3
Parameters: 1 0.000668172 5.00204e-05 -0.000668194 1 0.000224673 -4.97203e-05 -0.000224739 1 -0.00511212 0.0568517 -0.0120805
FixedParameters: 0 0 0

#Transform 20
Transform: AffineTransform_float_3_3
Parameters: 1 1.02791e-05 -0.000365586 -1.03136e-05 1 -4.75206e-05 0.000365584 4.75278e-05 1 0.00589811 0.003449 -0.00484451
FixedParameters: 0 0 0

#Transform 21
Transform: AffineTransform_float_3_3
Parameters: 1 0.000219579 0.000110236 -0.000219556 1 -0.000103533 -0.000110281 0.000103485 1 0.00549627 0.054748 -0.0644775
FixedParameters: 0 0 0

#Transform 22
Transform: AffineTransform_float_3_3
Parameters: 1 -0.000253273 -0.000185061 0.000252761 1 -0.000191241 0.000184271 0.000191236 1 0.0325008 0.0478469 -0.0815458
FixedParameters: 0 0 0

#Transform 23
Transform: AffineTransform_float_3_3
Parameters: 1 -0.000307886 0.000325233 0.000307673 1 0.000326878 -0.000325434 -0.000326677 1 0.0193906 0.0317242 -0.0769184
FixedParameters: 0 0 0

#Transform 24
Transform: AffineTransform_float_3_3
Parameters: 1 -0.000553089 0.000370647 0.000552933 1 0.000209438 -0.000370878 -0.000209027 1 0.0306118 -0.0120177 -0.054358
FixedParameters: 0 0 0

#Transform 25
Transform: AffineTransform_float_3_3
Parameters: 1 -0.000614696 0.000247355 0.000614501 0.999999 0.00039339 -0.000247837 -0.000393085 1 0.0462841 0.0473825 -0.113309
FixedParameters: 0 0 0

#Transform 26
Transform: AffineTransform_float_3_3
Parameters: 1 -0.00104865 0.000324702 0.00104857 1 0.000105513 -0.000324942 -0.000105631 1 0.0485269 0.0234488 -0.0994644
FixedParameters: 0 0 0

#Transform 27
Transform: AffineTransform_float_3_3
Parameters: 0.999999 -0.00129629 0.000459501 0.0012957 0.999999 0.000624862 -0.000461139 -0.000624467 1 0.0659879 0.0413574 -0.111579
FixedParameters: 0 0 0

#Transform 28
Transform: AffineTransform_float_3_3
Parameters: 0.999998 -0.00161129 0.000474182 0.00161123 0.999999 -0.00033786 -0.000473883 0.000339272 0.999999 0.0631488 0.0226102 -0.132338
FixedParameters: 0 0 0

#Transform 29
Transform: AffineTransform_float_3_3
Parameters: 0.999999 -0.00172313 0.000610475 0.00172293 0.999999 0.000202392 -0.000611095 -0.000201291 1 0.0864669 0.0563793 -0.182207
FixedParameters: 0 0 0

#Transform 30
Transform: AffineTransform_float_3_3
Parameters: 0.999998 -0.00219268 0.000764762 0.00219281 0.999998 -0.000345064 -0.000764076 0.000346702 0.999999 0.0866369 0.0556836 -0.185651
FixedParameters: 0 0 0

#Transform 31
Transform: AffineTransform_float_3_3
Parameters: 0.999997 -0.00233194 0.000802438 0.00233159 0.999997 0.000514845 -0.000803892 -0.000512991 0.999999 0.105877 0.0195605 -0.191237
FixedParameters: 0 0 0

#Transform 32
Transform: AffineTransform_float_3_3
Parameters: 0.999996 -0.0027101 0.000597249 0.00271049 0.999997 0.0001188 -0.000596853 -0.00011766 1 0.111437 -0.00205185 -0.177495
FixedParameters: 0 0 0

#Transform 33
Transform: AffineTransform_float_3_3
Parameters: 0.999995 -0.00282633 0.000749026 0.00282618 0.999995 0.000754688 -0.000751361 -0.000752633 0.999999 0.129731 0.0359731 -0.241799
FixedParameters: 0 0 0

#Transform 34
Transform: AffineTransform_float_3_3
Parameters: 0.999994 -0.00329585 0.000871673 0.00329602 0.999995 -1.11469e-05 -0.000871366 1.38797e-05 0.999999 0.147707 0.0593882 -0.267891
FixedParameters: 0 0 0

#Transform 35
Transform: AffineTransform_float_3_3
Parameters: 0.999995 -0.00321939 0.000920247 0.00321842 0.999995 0.000581377 -0.000921665 -0.000579331 0.999999 0.145378 0.0370068 -0.26983
FixedParameters: 0 0 0

#Transform 36
Transform: AffineTransform_float_3_3
Parameters: 0.999994 -0.00327735 0.000913759 0.00327757 0.999995 0.000200659 -0.000913953 -0.00019777 0.999999 0.14637 0.0593782 -0.252671
FixedParameters: 0 0 0

#Transform 37
Transform: AffineTransform_float_3_3
Parameters: 0.999993 -0.00338602 0.00105653 0.00338577 0.999994 0.000573276 -0.00105852 -0.000569898 0.999999 0.147239 0.073787 -0.272309
FixedParameters: 0 0 0

#Transform 38
Transform: AffineTransform_float_3_3
Parameters: 0.999994 -0.00356046 0.000760064 0.00356028 0.999993 0.000348138 -0.000761302 -0.000345035 1 0.147838 0.00711293 -0.245783
FixedParameters: 0 0 0

#Transform 39
Transform: AffineTransform_float_3_3
Parameters: 0.999993 -0.00355838 0.00117905 0.00355714 0.999993 0.000566699 -0.00118077 -0.000562985 0.999999 0.154583 0.0150799 -0.275769
FixedParameters: 0 0 0

#Transform 40
Transform: AffineTransform_float_3_3
Parameters: 0.999993 -0.0038483 0.000733439 0.0038488 0.999992 -0.000372913 -0.000732326 0.000376401 1 0.174203 0.0424218 -0.306897
FixedParameters: 0 0 0

#Transform 41
Transform: AffineTransform_float_3_3
Parameters: 0.999993 -0.00368016 0.00136139 0.00367917 0.999993 0.000873141 -0.00136507 -0.000868579 0.999998 0.157387 0.00707098 -0.29733
FixedParameters: 0 0 0

#Transform 42
Transform: AffineTransform_float_3_3
Parameters: 0.999991 -0.00438031 0.000526825 0.00438031 0.999991 8.63104e-05 -0.000526948 -8.4535e-05 1 0.182998 0.0242875 -0.299773
FixedParameters: 0 0 0

#Transform 43
Transform: AffineTransform_float_3_3
Parameters: 0.999992 -0.00392013 0.000873978 0.00392013 0.999992 0.000620855 -0.000876738 -0.000617387 1 0.178132 0.0300053 -0.306582
FixedParameters: 0 0 0

#Transform 44
Transform: AffineTransform_float_3_3
Parameters: 0.999992 -0.00396174 0.000771222 0.00396279 0.999993 -0.000226071 -0.000770304 0.000229744 1 0.169464 0.0236484 -0.290422
FixedParameters: 0 0 0

#Transform 45
Transform: AffineTransform_float_3_3
Parameters: 0.999992 -0.00402171 0.000944853 0.00402071 0.999991 0.000758582 -0.000947425 -0.000754567 0.999999 0.170104 0.0268065 -0.305611
FixedParameters: 0 0 0

#Transform 46
Transform: AffineTransform_float_3_3
Parameters: 0.999991 -0.00420776 0.000580575 0.00420792 0.999991 -5.05409e-05 -0.000579493 5.3381e-05 1 0.178411 0.0197457 -0.296924
FixedParameters: 0 0 0

#Transform 47
Transform: AffineTransform_float_3_3
Parameters: 0.999991 -0.00426744 0.001091 0.00426724 0.99999 0.000476682 -0.00109287 -0.000471569 1 0.18083 0.0488936 -0.315267
FixedParameters: 0 0 0

#Transform 48
Transform: AffineTransform_float_3_3
Parameters: 0.999989 -0.00443056 0.00100246 0.00443089 0.999991 -0.000252228 -0.0010007 0.000256971 1 0.18718 0.031252 -0.329783
FixedParameters: 0 0 0

#Transform 49
Transform: AffineTransform_float_3_3
Parameters: 0.999989 -0.00440668 0.00106142 0.00440689 0.999991 0.000235638 -0.0010622 -0.000230589 1 0.191627 0.0387944 -0.320436
FixedParameters: 0 0 0

#Transform 50
Transform: AffineTransform_float_3_3
Parameters: 0.99999 -0.00456872 0.000729887 0.00456849 0.99999 -8.9455e-05 -0.000729337 9.25708e-05 1 0.196456 0.0231907 -0.323804
FixedParameters: 0 0 0

#Transform 51
Transform: AffineTransform_float_3_3
Parameters: 0.99999 -0.0044721 0.00111536 0.00447128 0.99999 0.00038128 -0.00111607 -0.000376611 0.999999 0.194539 0.0805389 -0.331241
FixedParameters: 0 0 0

#Transform 52
Transform: AffineTransform_float_3_3
Parameters: 0.999988 -0.00490776 0.00107568 0.00490849 0.999988 8.9087e-05 -0.0010764 -8.36631e-05 1 0.197693 0.0262092 -0.304042
FixedParameters: 0 0 0

#Transform 53
Transform: AffineTransform_float_3_3
Parameters: 0.999989 -0.00453674 0.00120162 0.00453542 0.999989 0.000815079 -0.00120564 -0.00081014 0.999999 0.183418 0.0186307 -0.263253
FixedParameters: 0 0 0

#Transform 54
Transform: AffineTransform_float_3_3
Parameters: 0.999988 -0.0048207 0.00127612 0.00482025 0.999988 0.00034908 -0.00127812 -0.000342688 1 0.184973 0.026729 -0.304852
FixedParameters: 0 0 0

#Transform 55
Transform: AffineTransform_float_3_3
Parameters: 0.999988 -0.00472813 0.0014699 0.0047276 0.999989 0.000714306 -0.0014736 -0.000706475 0.999999 0.175624 0.0146027 -0.254329
FixedParameters: 0 0 0

#Transform 56
Transform: AffineTransform_float_3_3
Parameters: 0.999984 -0.00533892 0.00147797 0.00533885 0.999986 -5.01382e-05 -0.00147798 5.77913e-05 1 0.20174 0.050524 -0.293453
FixedParameters: 0 0 0

#Transform 57
Transform: AffineTransform_float_3_3
Parameters: 0.999985 -0.00501095 0.00191753 0.00500984 0.999987 0.000788958 -0.00192165 -0.000778889 0.999997 0.186063 0.0381685 -0.265975
FixedParameters: 0 0 0

#Transform 58
Transform: AffineTransform_float_3_3
Parameters: 0.999984 -0.00554885 0.00161063 0.00554844 0.999985 0.000140819 -0.00161166 -0.000131374 0.999999 0.200553 0.0413483 -0.307035
FixedParameters: 0 0 0

#Transform 59
Transform: AffineTransform_float_3_3
Parameters: 0.999986 -0.00501701 0.00159515 0.00501492 0.999986 0.00142422 -0.00160244 -0.00141631 0.999997 0.197673 0.0247448 -0.275445
FixedParameters: 0 0 0

#Transform 60
Transform: AffineTransform_float_3_3
Parameters: 0.999983 -0.00555794 0.00167336 0.00555704 0.999984 0.000545207 -0.00167711 -0.000535199 0.999999 0.194636 0.00557837 -0.277784
FixedParameters: 0 0 0

#Transform 61
Transform: AffineTransform_float_3_3
Parameters: 0.999984 -0.0053332 0.00213288 0.0053316 0.999986 0.000923224 -0.00213809 -0.000911303 0.999997 0.177701 0.0164032 -0.252118
FixedParameters: 0 0 0

#Transform 62
Transform: AffineTransform_float_3_3
Parameters: 0.999983 -0.0056397 0.00149457 0.0056397 0.999984 -0.000112064 -0.00149354 0.000121165 0.999999 0.206457 0.0434729 -0.354771
FixedParameters: 0 0 0

#Transform 63
Transform: AffineTransform_float_3_3
Parameters: 0.999984 -0.00542315 0.00194168 0.00542232 0.999985 0.000472422 -0.00194485 -0.000462733 0.999998 0.195588 0.0693206 -0.345012
FixedParameters: 0 0 0

#Transform 64
Transform: AffineTransform_float_3_3
Parameters: 0.999981 -0.00586014 0.0014969 0.00586016 0.999983 0.000123887 -0.00149772 -0.000115171 0.999999 0.211725 0.0167147 -0.361949
FixedParameters: 0 0 0

#Transform 65
Transform: AffineTransform_float_3_3
Parameters: 0.999983 -0.00553473 0.00172142 0.00553418 0.999985 0.00062258 -0.00172523 -0.000612993 0.999999 0.198639 0.0330163 -0.321341
FixedParameters: 0 0 0

#Transform 66
Transform: AffineTransform_float_3_3
Parameters: 0.999978 -0.00621996 0.0019837 0.00621996 0.999981 6.04632e-05 -0.00198409 -4.8202e-05 0.999999 0.205974 0.0366461 -0.344009
FixedParameters: 0 0 0

#Transform 67
Transform: AffineTransform_float_3_3
Parameters: 0.999981 -0.00569934 0.00232955 0.00569763 0.999983 0.000869544 -0.00233485 -0.000855416 0.999997 0.194868 0.0413126 -0.284879
FixedParameters: 0 0 0

#Transform 68
Transform: AffineTransform_float_3_3
Parameters: 0.999977 -0.00649119 0.00156518 0.00649101 0.999978 0.000118611 -0.00156592 -0.000108935 0.999999 0.226017 0.0203216 -0.295813
FixedParameters: 0 0 0

#Transform 69
Transform: AffineTransform_float_3_3
Parameters: 0.99998 -0.00593885 0.00183801 0.00593861 0.999983 0.000395602 -0.00184042 -0.00038416 0.999998 0.218598 0.0456323 -0.310774
FixedParameters: 0 0 0

#Transform 70
Transform: AffineTransform_float_3_3
Parameters: 0.999979 -0.00613273 0.00183322 0.00613299 0.999981 0.000133566 -0.00183348 -0.000122192 0.999999 0.216581 0.0132037 -0.31164
FixedParameters: 0 0 0

#Transform 71
Transform: AffineTransform_float_3_3
Parameters: 0.999978 -0.00651933 0.00170239 0.00651778 0.999978 0.000774858 -0.00170773 -0.000764531 0.999998 0.244296 0.0460652 -0.257694
FixedParameters: 0 0 0

#Transform 72
Transform: AffineTransform_float_3_3
Parameters: 0.999978 -0.00647115 0.00142745 0.00646779 0.999977 0.00228334 -0.00144277 -0.00227437 0.999996 0.221978 -0.0105492 -0.163221
FixedParameters: 0 0 0

#Transform 73
Transform: AffineTransform_float_3_3
Parameters: 0.999977 -0.00679 0.00106652 0.00678923 0.999976 0.00137294 -0.00107562 -0.0013656 0.999998 0.235635 -0.00486285 -0.243232
FixedParameters: 0 0 0

#Transform 74
Transform: AffineTransform_float_3_3
Parameters: 0.999977 -0.00663673 0.00160909 0.00663406 0.999977 0.00186518 -0.00162087 -0.00185477 0.999997 0.230878 0.00106475 -0.18061
FixedParameters: 0 0 0

#Transform 75
Transform: AffineTransform_float_3_3
Parameters: 0.999977 -0.00672957 0.00118484 0.00672807 0.999977 0.00133182 -0.00119421 -0.00132352 0.999998 0.234046 0.0190011 -0.186027
FixedParameters: 0 0 0

#Transform 76
Transform: AffineTransform_float_3_3
Parameters: 0.999975 -0.00688534 0.00183571 0.00688169 0.999974 0.00201667 -0.00184964 -0.002004 0.999996 0.199823 0.0210289 0.0189299
FixedParameters: 0 0 0

#Transform 77
Transform: AffineTransform_float_3_3
Parameters: 0.999973 -0.00718747 0.00182286 0.00718491 0.999973 0.00167529 -0.00183511 -0.00166165 0.999997 0.19276 0.0480122 -0.0572214
FixedParameters: 0 0 0

#Transform 78
Transform: AffineTransform_float_3_3
Parameters: 0.999972 -0.00722253 0.00180532 0.00721896 0.999972 0.00206306 -0.00182106 -0.00204919 0.999996 0.204846 -0.0107697 -0.0725954
FixedParameters: 0 0 0

#Transform 79
Transform: AffineTransform_float_3_3
Parameters: 0.999974 -0.00696509 0.00185881 0.0069614 0.999974 0.00188394 -0.00187209 -0.00187058 0.999996 0.193468 0.033966 -0.134569
FixedParameters: 0 0 0

#Transform 80
Transform: AffineTransform_float_3_3
Parameters: 0.999973 -0.00714002 0.001512 0.00713705 0.999972 0.00212712 -0.001527 -0.00211713 0.999997 0.218076 0.00494562 -0.1629
FixedParameters: 0 0 0

#Transform 81
Transform: AffineTransform_float_3_3
Parameters: 0.999974 -0.00702745 0.00174664 0.0070232 0.999972 0.00250818 -0.00176493 -0.00249597 0.999996 0.216412 0.0351307 -0.194307
FixedParameters: 0 0 0

#Transform 82
Transform: AffineTransform_float_3_3
Parameters: 0.999973 -0.00723246 0.00132643 0.00723035 0.999972 0.00215378 -0.00134196 -0.0021442 0.999997 0.235027 -0.0121568 -0.179069
FixedParameters: 0 0 0

#Transform 83
Transform: AffineTransform_float_3_3
Parameters: 0.999974 -0.00695444 0.00191516 0.00694818 0.99997 0.00352859 -0.00193972 -0.00351591 0.999992 0.228993 0.0179841 0.0309835
FixedParameters: 0 0 0

#Transform 84
Transform: AffineTransform_float_3_3
Parameters: 0.999974 -0.0070198 0.00139347 0.0070113 0.999959 0.00578798 -0.00143392 -0.00577815 0.999982 0.197887 -0.0287665 0.12224
FixedParameters: 0 0 0

#Transform 85
Transform: AffineTransform_float_3_3
Parameters: 0.999971 -0.00754989 0.000433511 0.00754743 0.999962 0.00439085 -0.000466131 -0.00438754 0.99999 0.234194 -0.0336971 -0.0357429
FixedParameters: 0 0 0

#Transform 86
Transform: AffineTransform_float_3_3
Parameters: 0.999973 -0.00723114 0.00123197 0.00722523 0.999962 0.00474792 -0.00126665 -0.00473843 0.999988 0.207695 -0.0178648 0.00285187
FixedParameters: 0 0 0

#Transform 87
Transform: AffineTransform_float_3_3
Parameters: 0.99997 -0.0077342 0.000201119 0.00773438 0.999962 0.00402137 -0.000231977 -0.00401976 0.999992 0.258351 0.0017803 -0.0531663
FixedParameters: 0 0 0

#Transform 88
Transform: AffineTransform_float_3_3
Parameters: 0.999973 -0.00721006 0.00127519 0.00720388 0.999963 0.0047847 -0.00131032 -0.00477542 0.999988 0.205672 -0.0100862 0.0340421
FixedParameters: 0 0 0

#Transform 89
Transform: AffineTransform_float_3_3
Parameters: 0.999967 -0.00816421 5.5717e-05 0.00816402 0.999958 0.00412605 -8.93606e-05 -0.00412534 0.999991 0.262573 -0.0185554 -0.0408976
FixedParameters: 0 0 0

#Transform 90
Transform: AffineTransform_float_3_3
Parameters: 0.999973 -0.00719684 0.00131333 0.00718929 0.99996 0.00536061 -0.00135236 -0.00535051 0.999985 0.209985 -0.00361231 -0.0179885
FixedParameters: 0 0 0

#Transform 91
Transform: AffineTransform_float_3_3
Parameters: 0.999969 -0.00783 6.9258e-06 0.00783033 0.999962 0.00398297 -3.80949e-05 -0.00398319 0.999992 0.271538 -0.0143338 -0.0919402
FixedParameters: 0 0 0

#Transform 92
Transform: AffineTransform_float_3_3
Parameters: 0.999973 -0.00726722 0.00116535 0.00726169 0.999961 0.00509516 -0.0012033 -0.00508618 0.999986 0.230527 -0.0276045 -0.0394374
FixedParameters: 0 0 0

#Transform 93
Transform: AffineTransform_float_3_3
Parameters: 0.999969 -0.00786598 -5.98965e-05 0.0078661 0.99996 0.00432947 2.57661e-05 -0.0043297 0.99999 0.277729 -0.00497592 -0.116141
FixedParameters: 0 0 0

#Transform 94
Transform: AffineTransform_float_3_3
Parameters: 0.999972 -0.0075076 0.000670645 0.00750475 0.999961 0.00466331 -0.000706075 -0.00465849 0.999989 0.242727 -0.00751101 -0.0561707
FixedParameters: 0 0 0

#Transform 95
Transform: AffineTransform_float_3_3
Parameters: 0.999969 -0.00782118 2.7291e-05 0.0078217 0.99996 0.00412593 -5.98303e-05 -0.0041257 0.999992 0.271966 -0.0191577 -0.115676
FixedParameters: 0 0 0

#Transform 96
Transform: AffineTransform_float_3_3
Parameters: 0.99997 -0.00778577 0.000110572 0.00778577 0.999958 0.00483517 -0.000148414 -0.00483431 0.999989 0.271005 -0.015509 -0.0879853
FixedParameters: 0 0 0

#Transform 97
Transform: AffineTransform_float_3_3
Parameters: 0.999967 -0.0081537 -0.000159885 0.00815418 0.99996 0.00384855 0.000129293 -0.00384982 0.999993 0.281719 -0.0438089 -0.12047
FixedParameters: 0 0 0

#Transform 98
Transform: AffineTransform_float_3_3
Parameters: 0.999969 -0.00781709 3.69687e-05 0.00781666 0.99996 0.00420821 -7.03228e-05 -0.00420793 0.999991 0.276168 0.00326706 -0.146736
FixedParameters: 0 0 0

#Transform 99
Transform: AffineTransform_float_3_3
Parameters: 0.999965 -0.0083191 -0.000187323 0.00832035 0.999959 0.00356804 0.00015767 -0.00356966 0.999993 0.289979 0.0189128 -0.200498
FixedParameters: 0 0 0

#Transform 100
Transform: AffineTransform_float_3_3
Parameters: 0.999969 -0.00780448 6.57053e-05 0.00780497 0.99996 0.00440669 -0.000100258 -0.00440552 0.99999 0.279131 -0.00728638 -0.149249
FixedParameters: 0 0 0

#Transform 101
Transform: AffineTransform_float_3_3
Parameters: 0.999967 -0.00814772 9.54952e-05 0.00814719 0.999961 0.00341675 -0.000123118 -0.00341611 0.999994 0.281655 -0.0102726 -0.177098
FixedParameters: 0 0 0

#Transform 102
Transform: AffineTransform_float_3_3
Parameters: 0.999971 -0.00772527 0.000223939 0.0077247 0.999961 0.00428436 -0.000257463 -0.00428256 0.999991 0.269291 -0.00636202 -0.157103
FixedParameters: 0 0 0

#Transform 103
Transform: AffineTransform_float_3_3
Parameters: 0.999966 -0.00833552 -5.22769e-05 0.00833507 0.999957 0.00422495 1.75207e-05 -0.0042259 0.999991 0.283719 -0.0185376 -0.186656
FixedParameters: 0 0 0

#Transform 104
Transform: AffineTransform_float_3_3
Parameters: 0.999966 -0.00820003 0.000227368 0.00819902 0.999957 0.00416398 -0.00026126 -0.00416192 0.999991 0.278281 -0.0102363 -0.173434
FixedParameters: 0 0 0

#Transform 105
Transform: AffineTransform_float_3_3
Parameters: 0.999966 -0.00821745 0.000224599 0.00821742 0.999958 0.00408337 -0.000257629 -0.00408065 0.999992 0.277034 0.00746798 -0.20046
FixedParameters: 0 0 0

#Transform 106
Transform: AffineTransform_float_3_3
Parameters: 0.999965 -0.00837099 2.6217e-05 0.00837164 0.999955 0.00459964 -6.50767e-05 -0.00459949 0.99999 0.285289 -2.58365e-05 -0.188295
FixedParameters: 0 0 0

#Transform 107
Transform: AffineTransform_float_3_3
Parameters: 0.999965 -0.00841531 -5.01215e-06 0.00841572 0.999951 0.00514596 -3.85618e-05 -0.00514554 0.999987 0.28888 -0.0120701 -0.213147
FixedParameters: 0 0 0

#Transform 108
Transform: AffineTransform_float_3_3
Parameters: 0.99996 -0.00895723 -5.04655e-05 0.00895691 0.999946 0.00526686 3.74368e-06 -0.00526641 0.999986 0.287654 -0.0722155 -0.182939
FixedParameters: 0 0 0

#Transform 109
Transform: AffineTransform_float_3_3
Parameters: 0.999962 -0.00871223 7.44168e-05 0.00871147 0.999945 0.00578313 -0.000125093 -0.00578256 0.999983 0.296086 -0.0457027 -0.1996
FixedParameters: 0 0 0

#Transform 110
Transform: AffineTransform_float_3_3
Parameters: 0.999958 -0.00917798 -0.000152693 0.00917868 0.999945 0.00505922 0.000106404 -0.0050607 0.999987 0.314133 -0.01671 -0.209646
FixedParameters: 0 0 0

#Transform 111
Transform: AffineTransform_float_3_3
Parameters: 0.999963 -0.00864067 0.000217925 0.00863933 0.999946 0.00568809 -0.000266783 -0.00568635 0.999984 0.302743 -0.0172724 -0.21375
FixedParameters: 0 0 0

#Transform 112
Transform: AffineTransform_float_3_3
Parameters: 0.999957 -0.00925277 -0.000117899 0.00925302 0.999944 0.00514735 7.05708e-05 -0.00514778 0.999987 0.31586 -0.0379509 -0.240828
FixedParameters: 0 0 0

#Transform 113
Transform: AffineTransform_float_3_3
Parameters: 0.999954 -0.00957958 0.000153227 0.00957787 0.999937 0.00592729 -0.000210244 -0.00592556 0.999983 0.332755 -0.0437695 -0.20018
FixedParameters: 0 0 0

#Transform 114
Transform: AffineTransform_float_3_3
Parameters: 0.999953 -0.00970896 -0.000109334 0.00970928 0.999937 0.00560323 5.44857e-05 -0.00560425 0.999984 0.341971 -0.0434667 -0.222751
FixedParameters: 0 0 0

#Transform 115
Transform: AffineTransform_float_3_3
Parameters: 0.999949 -0.0101623 1.18967e-05 0.0101622 0.99993 0.00611491 -7.43715e-05 -0.00611359 0.999982 0.337979 -0.0862772 -0.187122
FixedParameters: 0 0 0

#Transform 116
Transform: AffineTransform_float_3_3
Parameters: 0.999949 -0.0100987 0.000139825 0.010098 0.99993 0.00604021 -0.000200811 -0.00603901 0.999982 0.341541 -0.0398084 -0.248421
FixedParameters: 0 0 0

#Transform 117
Transform: AffineTransform_float_3_3
Parameters: 0.999947 -0.010305 -5.2549e-06 0.0103055 0.999928 0.00621141 -5.86704e-05 -0.00621109 0.99998 0.367575 -0.0463455 -0.228644
FixedParameters: 0 0 0

#Transform 118
Transform: AffineTransform_float_3_3
Parameters: 0.99995 -0.00996711 0.00041882 0.00996416 0.999927 0.00685296 -0.000487582 -0.0068484 0.999976 0.336801 -0.0712397 -0.235596
FixedParameters: 0 0 0

#Transform 119
Transform: AffineTransform_float_3_3
Parameters: 0.999944 -0.0105769 0.000203074 0.0105754 0.999926 0.00601829 -0.000266652 -0.00601587 0.999982 0.359236 -0.0657051 -0.196987
FixedParameters: 0 0 0

#Transform 120
Transform: AffineTransform_float_3_3
Parameters: 0.999946 -0.0103022 0.000772461 0.0102968 0.999923 0.00681181 -0.000842886 -0.0068038 0.999976 0.340682 0.0037619 -0.221065
FixedParameters: 0 0 0

#Transform 121
Transform: AffineTransform_float_3_3
Parameters: 0.99994 -0.0109533 0.000434349 0.0109503 0.99992 0.006338 -0.000503282 -0.00633299 0.99998 0.359187 -0.0574861 -0.220694
FixedParameters: 0 0 0

#Transform 122
Transform: AffineTransform_float_3_3
Parameters: 0.999936 -0.0113288 0.000281161 0.0113268 0.999904 0.00795273 -0.000371495 -0.00794895 0.999968 0.383647 -0.0698309 -0.245031
FixedParameters: 0 0 0

#Transform 123
Transform: AffineTransform_float_3_3
Parameters: 0.999933 -0.0116334 0.000407544 0.0116303 0.999908 0.00689659 -0.000487101 -0.00689119 0.999976 0.389042 -0.0598093 -0.263024
FixedParameters: 0 0 0

#Transform 124
Transform: AffineTransform_float_3_3
Parameters: 0.999935 -0.0114388 0.000415918 0.0114353 0.999905 0.00761048 -0.000502624 -0.00760484 0.999971 0.390908 -0.0540452 -0.273597
FixedParameters: 0 0 0

#Transform 125
Transform: AffineTransform_float_3_3
Parameters: 0.999931 -0.0117581 0.000336339 0.0117557 0.999908 0.00682259 -0.000416691 -0.00681885 0.999977 0.39386 -0.0458936 -0.266034
FixedParameters: 0 0 0

#Transform 126
Transform: AffineTransform_float_3_3
Parameters: 0.999936 -0.0113254 0.00079466 0.0113182 0.999903 0.00812238 -0.000886398 -0.00811296 0.999967 0.364299 -0.0746601 -0.266527
FixedParameters: 0 0 0

#Transform 127
Transform: AffineTransform_float_3_3
Parameters: 0.999931 -0.0117598 0.000344892 0.0117566 0.999901 0.00776682 -0.000437114 -0.00776209 0.99997 0.396179 -0.0652299 -0.285372
FixedParameters: 0 0 0

#Transform 128
Transform: AffineTransform_float_3_3
Parameters: 0.999931 -0.0117622 0.000712197 0.011756 0.999898 0.00812632 -0.000807123 -0.00811855 0.999967 0.38659 -0.0580283 -0.274528
FixedParameters: 0 0 0

#Transform 129
Transform: AffineTransform_float_3_3
Parameters: 0.999926 -0.0121715 0.000672867 0.0121657 0.999896 0.00779062 -0.000767544 -0.0077816 0.999969 0.400559 -0.0730989 -0.27223
FixedParameters: 0 0 0

#Transform 130
Transform: AffineTransform_float_3_3
Parameters: 0.999929 -0.0118777 0.00127053 0.0118675 0.9999 0.00770829 -0.00136212 -0.00769295 0.999969 0.372777 -0.0834153 -0.24612
FixedParameters: 0 0 0

#Transform 131
Transform: AffineTransform_float_3_3
Parameters: 0.999924 -0.0123111 0.00137554 0.0122997 0.999892 0.00807696 -0.00147415 -0.00805882 0.999967 0.37575 -0.0338264 -0.310647
FixedParameters: 0 0 0

#Transform 132
Transform: AffineTransform_float_3_3
Parameters: 0.999924 -0.0123121 0.00137318 0.0123008 0.999892 0.00805572 -0.0014713 -0.00803844 0.999966 0.36489 -0.101492 -0.24483
FixedParameters: 0 0 0

#Transform 133
Transform: AffineTransform_float_3_3
Parameters: 0.999924 -0.0123131 0.00137094 0.0123022 0.999892 0.00803589 -0.00146991 -0.00801847 0.999967 0.367689 -0.0760022 -0.28636
FixedParameters: 0 0 0

#Transform 134
Transform: AffineTransform_float_3_3
Parameters: 0.999918 -0.0127663 0.00102352 0.012758 0.999889 0.00769235 -0.00112157 -0.00767835 0.99997 0.380833 -0.0930499 -0.269561
FixedParameters: 0 0 0

#Transform 135
Transform: AffineTransform_float_3_3
Parameters: 0.999923 -0.0123363 0.00132837 0.0123251 0.999889 0.00841284 -0.00143233 -0.00839555 0.999964 0.383977 -0.045964 -0.285504
FixedParameters: 0 0 0

#Transform 136
Transform: AffineTransform_float_3_3
Parameters: 0.999916 -0.0129267 0.00106518 0.0129185 0.999886 0.0077572 -0.00116553 -0.00774293 0.999969 0.386011 -0.0610985 -0.291487
FixedParameters: 0 0 0

#Transform 137
Transform: AffineTransform_float_3_3
Parameters: 0.999919 -0.0126835 0.00140635 0.0126707 0.999883 0.00858331 -0.00151564 -0.0085644 0.999961 0.371304 -0.100322 -0.276857
FixedParameters: 0 0 0

#Transform 138
Transform: AffineTransform_float_3_3
Parameters: 0.999916 -0.0129329 0.00116324 0.0129233 0.999887 0.00770497 -0.00126244 -0.00768956 0.99997 0.398578 -0.0729748 -0.285385
FixedParameters: 0 0 0

#Transform 139
Transform: AffineTransform_float_3_3
Parameters: 0.999918 -0.0127676 0.0013991 0.0127548 0.999881 0.00863975 -0.00150907 -0.00862105 0.999962 0.396476 -0.0457349 -0.28728
FixedParameters: 0 0 0

#Transform 140
Transform: AffineTransform_float_3_3
Parameters: 0.999911 -0.0132745 0.0010604 0.0132658 0.99988 0.00795993 -0.00116535 -0.00794491 0.999968 0.411338 -0.0566819 -0.298185
FixedParameters: 0 0 0

#Transform 141
Transform: AffineTransform_float_3_3
Parameters: 0.999915 -0.0129608 0.00146128 0.0129472 0.999877 0.00878799 -0.00157524 -0.00876863 0.99996 0.395502 -0.0632724 -0.296823
FixedParameters: 0 0 0

#Transform 142
Transform: AffineTransform_float_3_3
Parameters: 0.99991 -0.0133812 0.00128989 0.01337 0.999876 0.00828899 -0.00140076 -0.00827042 0.999965 0.398468 -0.09144 -0.269868
FixedParameters: 0 0 0

#Transform 143
Transform: AffineTransform_float_3_3
Parameters: 0.999911 -0.0132094 0.00164782 0.013194 0.999874 0.00884371 -0.00176494 -0.00882069 0.99996 0.391238 -0.0579753 -0.263514
FixedParameters: 0 0 0

#Transform 144
Transform: AffineTransform_float_3_3
Parameters: 0.999915 -0.0130148 0.000915679 0.013007 0.999884 0.00798167 -0.00101982 -0.00796893 0.999967 0.40841 -0.0616268 -0.268055
FixedParameters: 0 0 0

#Transform 145
Transform: AffineTransform_float_3_3
Parameters: 0.999915 -0.0129902 0.000972117 0.0129814 0.99988 0.00848489 -0.00108268 -0.00847144 0.999963 0.410984 -0.0286563 -0.245698
FixedParameters: 0 0 0

#Transform 146
Transform: AffineTransform_float_3_3
Parameters: 0.999911 -0.0132243 0.00145627 0.013211 0.999873 0.00889918 -0.00157318 -0.00887947 0.999959 0.395425 -0.0699765 -0.24809
FixedParameters: 0 0 0

#Transform 147
Transform: AffineTransform_float_3_3
Parameters: 0.999908 -0.0134782 0.00180168 0.0134612 0.999869 0.00903216 -0.00192379 -0.00900733 0.999957 0.383142 -0.0999893 -0.2239
FixedParameters: 0 0 0

#Transform 148
Transform: AffineTransform_float_3_3
Parameters: 0.999904 -0.0137495 0.00132568 0.0137376 0.999869 0.00858621 -0.00144401 -0.0085672 0.999962 0.424911 -0.0589859 -0.294673
FixedParameters: 0 0 0

#Transform 149
Transform: AffineTransform_float_3_3
Parameters: 0.999899 -0.014117 0.00149376 0.0141029 0.999859 0.00912942 -0.00162232 -0.00910804 0.999958 0.433059 -0.0428183 -0.274636
FixedParameters: 0 0 0

#Transform 150
Transform: AffineTransform_float_3_3
Parameters: 0.9999 -0.014083 0.00156342 0.0140685 0.999859 0.00913731 -0.00169212 -0.00911456 0.999958 0.423248 -0.0505352 -0.28021
FixedParameters: 0 0 0

#Transform 151
Transform: AffineTransform_float_3_3
Parameters: 0.999899 -0.0140642 0.00160639 0.0140482 0.999855 0.00952441 -0.00174026 -0.00950114 0.999953 0.423252 -0.088031 -0.263309
FixedParameters: 0 0 0

#Transform 152
Transform: AffineTransform_float_3_3
Parameters: 0.999899 -0.0140854 0.00155777 0.0140708 0.999859 0.00908645 -0.00168584 -0.00906319 0.999957 0.421773 -0.0691436 -0.294127
FixedParameters: 0 0 0

#Transform 153
Transform: AffineTransform_float_3_3
Parameters: 0.999898 -0.0142465 0.00123657 0.014234 0.99985 0.00981318 -0.00137643 -0.00979397 0.999951 0.432952 -0.0949096 -0.286273
FixedParameters: 0 0 0

#Transform 154
Transform: AffineTransform_float_3_3
Parameters: 0.999898 -0.0141811 0.00137414 0.0141666 0.999848 0.010123 -0.00151812 -0.0101024 0.999947 0.432875 -0.069491 -0.303393
FixedParameters: 0 0 0

#Transform 155
Transform: AffineTransform_float_3_3
Parameters: 0.999893 -0.014565 0.00152798 0.0145477 0.999836 0.0108245 -0.00168531 -0.0108015 0.99994 0.443203 -0.132252 -0.269463
FixedParameters: 0 0 0

#Transform 156
Transform: AffineTransform_float_3_3
Parameters: 0.999894 -0.0144628 0.00161699 0.0144424 0.999825 0.0118585 -0.00178844 -0.011834 0.999928 0.449284 -0.104104 -0.323587
FixedParameters: 0 0 0

#Transform 157
Transform: AffineTransform_float_3_3
Parameters: 0.99989 -0.0147944 0.001216 0.0147791 0.999826 0.0114081 -0.00138396 -0.0113885 0.999935 0.482454 -0.117854 -0.30314
FixedParameters: 0 0 0

#Transform 158
Transform: AffineTransform_float_3_3
Parameters: 0.999887 -0.0149728 0.00180647 0.0149502 0.999819 0.0117398 -0.00198141 -0.0117115 0.999929 0.455453 -0.106828 -0.330331
FixedParameters: 0 0 0

#Transform 159
Transform: AffineTransform_float_3_3
Parameters: 0.999886 -0.0150132 0.00173779 0.0149925 0.99982 0.0116233 -0.00191222 -0.0115961 0.999931 0.46912 -0.132681 -0.335976
FixedParameters: 0 0 0

#Transform 160
Transform: AffineTransform_float_3_3
Parameters: 0.999881 -0.0152697 0.00193275 0.015244 0.999804 0.0126379 -0.00212537 -0.0126072 0.999918 0.474628 -0.0972605 -0.359949
FixedParameters: 0 0 0

#Transform 161
Transform: AffineTransform_float_3_3
Parameters: 0.999883 -0.0152791 0.00119354 0.0152646 0.999813 0.0118891 -0.0013749 -0.0118692 0.999929 0.489753 -0.12522 -0.362687
FixedParameters: 0 0 0

#Transform 162
Transform: AffineTransform_float_3_3
Parameters: 0.999876 -0.015644 0.00180898 0.01562 0.999798 0.0126059 -0.00200519 -0.0125761 0.999919 0.479804 -0.108015 -0.338754
FixedParameters: 0 0 0

#Transform 163
Transform: AffineTransform_float_3_3
Parameters: 0.999875 -0.0157049 0.00167752 0.0156828 0.999805 0.0120263 -0.00186647 -0.011998 0.999926 0.492277 -0.13079 -0.357878
FixedParameters: 0 0 0

#Transform 164
Transform: AffineTransform_float_3_3
Parameters: 0.999878 -0.0154508 0.00221169 0.015421 0.999797 0.0129889 -0.00241175 -0.012953 0.999913 0.479605 -0.0830384 -0.325174
FixedParameters: 0 0 0

#Transform 165
Transform: AffineTransform_float_3_3
Parameters: 0.999874 -0.0157653 0.0015502 0.0157464 0.999807 0.0117319 -0.00173531 -0.0117064 0.99993 0.505092 -0.084458 -0.349851
FixedParameters: 0 0 0

#Transform 166
Transform: AffineTransform_float_3_3
Parameters: 0.999877 -0.0155235 0.00206159 0.0154957 0.999795 0.0130093 -0.00226314 -0.0129764 0.999913 0.488778 -0.109642 -0.344819
FixedParameters: 0 0 0

#Transform 167
Transform: AffineTransform_float_3_3
Parameters: 0.999874 -0.0158215 0.00192536 0.0157979 0.999803 0.0120406 -0.00211555 -0.0120087 0.999925 0.482472 -0.089363 -0.374154
FixedParameters: 0 0 0

#Transform 168
Transform: AffineTransform_float_3_3
Parameters: 0.99988 -0.0152974 0.00252725 0.0152637 0.999801 0.0128824 -0.00272384 -0.0128421 0.999914 0.471099 -0.0933581 -0.296323
FixedParameters: 0 0 0

#Transform 169
Transform: AffineTransform_float_3_3
Parameters: 0.999878 -0.0155251 0.00204967 0.0154994 0.999806 0.012181 -0.00223839 -0.0121476 0.999924 0.487656 -0.0987839 -0.354206
FixedParameters: 0 0 0

#Transform 170
Transform: AffineTransform_float_3_3
Parameters: 0.999874 -0.0156922 0.00226614 0.0156614 0.99979 0.0132013 -0.00247306 -0.0131649 0.999911 0.484025 -0.110454 -0.330813
FixedParameters: 0 0 0

#Transform 171
Transform: AffineTransform_float_3_3
Parameters: 0.999877 -0.0155688 0.00196147 0.0155432 0.999803 0.0123515 -0.00215339 -0.01232 0.999922 0.492886 -0.0891153 -0.360304
FixedParameters: 0 0 0

#Transform 172
Transform: AffineTransform_float_3_3
Parameters: 0.99987 -0.0159534 0.00242487 0.0159191 0.999783 0.0134447 -0.00263918 -0.0134041 0.999906 0.483827 -0.149973 -0.335539
FixedParameters: 0 0 0

#Transform 173
Transform: AffineTransform_float_3_3
Parameters: 0.999867 -0.0161816 0.00194707 0.0161557 0.999787 0.0128375 -0.00215371 -0.0128042 0.999916 0.505812 -0.0807109 -0.387885
FixedParameters: 0 0 0

#Transform 174
Transform: AffineTransform_float_3_3
Parameters: 0.999861 -0.0165497 0.00212745 0.0165197 0.999775 0.0132514 -0.00234579 -0.0132148 0.99991 0.507224 -0.119758 -0.355023
FixedParameters: 0 0 0

#Transform 175
Transform: AffineTransform_float_3_3
Parameters: 0.99986 -0.0166451 0.00196881 0.0166193 0.999784 0.0124775 -0.00217563 -0.0124433 0.99992 0.517071 -0.12042 -0.388177
FixedParameters: 0 0 0

#Transform 176
Transform: AffineTransform_float_3_3
Parameters: 0.999856 -0.0168114 0.00202524 0.016783 0.999767 0.0135523 -0.00225334 -0.0135165 0.999907 0.51247 -0.108721 -0.393611
FixedParameters: 0 0 0

#Transform 177
Transform: AffineTransform_float_3_3
Parameters: 0.999865 -0.016336 0.00202693 0.0163084 0.999779 0.0132401 -0.00224268 -0.0132061 0.99991 0.500902 -0.136971 -0.35755
FixedParameters: 0 0 0

#Transform 178
Transform: AffineTransform_float_3_3
Parameters: 0.999858 -0.0167374 0.0019827 0.0167088 0.999769 0.0135011 -0.00220744 -0.0134664 0.999907 0.509994 -0.137773 -0.337225
FixedParameters: 0 0 0

#Transform 179
Transform: AffineTransform_float_3_3
Parameters: 0.999862 -0.0164603 0.00195467 0.0164325 0.999773 0.0135932 -0.00217765 -0.0135588 0.999906 0.51155 -0.0916092 -0.365761
FixedParameters: 0 0 0

#Transform 180
Transform: AffineTransform_float_3_3
Parameters: 0.999856 -0.0168476 0.00195133 0.0168196 0.999766 0.0136312 -0.00218111 -0.0135968 0.999905 0.528524 -0.114972 -0.353808
FixedParameters: 0 0 0

#Transform 181
Transform: AffineTransform_float_3_3
Parameters: 0.999857 -0.016727 0.00220334 0.0166952 0.999764 0.0139067 -0.00243589 -0.013868 0.9999 0.498018 -0.13272 -0.36931
FixedParameters: 0 0 0

#Transform 182
Transform: AffineTransform_float_3_3
Parameters: 0.999858 -0.0167378 0.00217557 0.0167083 0.999771 0.0133329 -0.00239783 -0.0132939 0.999909 0.499752 -0.10342 -0.339948
FixedParameters: 0 0 0

#Transform 183
Transform: AffineTransform_float_3_3
Parameters: 0.999859 -0.0166097 0.0024499 0.016573 0.999764 0.0140357 -0.00268201 -0.0139933 0.999899 0.485253 -0.0982034 -0.335502
FixedParameters: 0 0 0

#Transform 184
Transform: AffineTransform_float_3_3
Parameters: 0.999859 -0.0166234 0.00241617 0.0165886 0.999768 0.0137289 -0.00264385 -0.0136869 0.999903 0.483696 -0.170812 -0.276368
FixedParameters: 0 0 0

#Transform 185
Transform: AffineTransform_float_3_3
Parameters: 0.999865 -0.01621 0.00270425 0.0161702 0.999772 0.0139935 -0.00293091 -0.0139474 0.999898 0.474269 -0.0955407 -0.347306
FixedParameters: 0 0 0

#Transform 186
Transform: AffineTransform_float_3_3
Parameters: 0.999855 -0.01689 0.00205929 0.0168601 0.999764 0.0136832 -0.00229029 -0.0136468 0.999904 0.501183 -0.117918 -0.352932
FixedParameters: 0 0 0

#Transform 187
Transform: AffineTransform_float_3_3
Parameters: 0.99986 -0.0165893 0.00249538 0.0165517 0.999757 0.0145925 -0.00273673 -0.014549 0.999891 0.480795 -0.151884 -0.346847
FixedParameters: 0 0 0

#Transform 188
Transform: AffineTransform_float_3_3
Parameters: 0.999852 -0.0170223 0.00250631 0.0169852 0.999757 0.0140456 -0.00274484 -0.0140006 0.999898 0.488949 -0.135647 -0.348597
FixedParameters: 0 0 0

#Transform 189
Transform: AffineTransform_float_3_3
