# transform file /out/sourcedata/freesurfer/sub-v1s4x0050693_ses-1/mri/transforms/cc_up.lta
# created by oesteban on Tue Mar 10 04:04:20 2026

type      = 0 # LINEAR_VOX_TO_VOX
nxforms   = 1
mean      = 129.0000 116.0000 117.0000
sigma     = 10000.0000
1 4 4
9.996536970138550e-01 7.122654933482409e-03 2.533154934644699e-02 -5.114983558654785e+00 
-7.120369002223015e-03 9.999746084213257e-01 -1.804324565455317e-04 3.194568824768066e+01 
-2.533219195902348e-02 -1.455191522836685e-11 9.996790289878845e-01 1.531851768493652e+01 
0.000000000000000e+00 0.000000000000000e+00 0.000000000000000e+00 1.000000000000000e+00 
src volume info
valid = 1  # volume info valid
filename = /out/sourcedata/freesurfer/sub-v1s4x0050693_ses-1/mri/norm.mgz
volume = 256 256 256
voxelsize = 1.000000000000000e+00 1.000000000000000e+00 1.000000000000000e+00
xras   = -9.999999403953552e-01 -4.656612873077393e-10 0.000000000000000e+00
yras   = 7.450580596923828e-09 1.490116119384766e-08 -1.000000119209290e+00
zras   = 0.000000000000000e+00 1.000000000000000e+00 0.000000000000000e+00
cras   = 1.901336669921875e+00 1.422705841064453e+01 2.518945312500000e+01
dst volume info
valid = 1  # volume info valid
filename = /out/sourcedata/freesurfer/sub-v1s4x0050693_ses-1/mri/norm.mgz
volume = 256 256 256
voxelsize = 1.000000000000000e+00 1.000000000000000e+00 1.000000000000000e+00
xras   = -9.999999403953552e-01 -4.656612873077393e-10 0.000000000000000e+00
yras   = 7.450580596923828e-09 1.490116119384766e-08 -1.000000119209290e+00
zras   = 0.000000000000000e+00 1.000000000000000e+00 0.000000000000000e+00
cras   = 1.901336669921875e+00 1.422705841064453e+01 2.518945312500000e+01
