# transform file transforms/talairach.lta
# created by oesteban on Tue Mar 10 02:38:24 2026

type      = 0 # LINEAR_VOX_TO_VOX
nxforms   = 1
mean      = 129.0000 116.0000 117.0000
sigma     = 10000.0000
1 4 4
1.078367471694946e+00 5.038027092814445e-02 4.460706189274788e-02 -2.348598861694336e+01 
-5.292873084545135e-02 1.148302197456360e+00 2.373800128698349e-01 -2.474864387512207e+01 
-3.412646055221558e-02 -1.816485077142715e-01 9.645721912384033e-01 2.375855255126953e+01 
0.000000000000000e+00 0.000000000000000e+00 0.000000000000000e+00 1.000000000000000e+00 
src volume info
valid = 1  # volume info valid
filename = nu.mgz
volume = 256 256 256
voxelsize = 1.000000000000000e+00 1.000000000000000e+00 1.000000000000000e+00
xras   = -9.999999403953552e-01 -4.656612873077393e-10 0.000000000000000e+00
yras   = 7.450580596923828e-09 1.490116119384766e-08 -1.000000119209290e+00
zras   = 0.000000000000000e+00 1.000000000000000e+00 0.000000000000000e+00
cras   = 1.901336669921875e+00 1.422705841064453e+01 2.518945312500000e+01
dst volume info
valid = 1  # volume info valid
filename = /opt/freesurfer/average/RB_all_2020-01-02.gca
volume = 256 256 256
voxelsize = 1.000000000000000e+00 1.000000000000000e+00 1.000000000000000e+00
xras   = -1.000000000000000e+00 0.000000000000000e+00 0.000000000000000e+00
yras   = 0.000000000000000e+00 0.000000000000000e+00 -1.000000000000000e+00
zras   = 0.000000000000000e+00 1.000000000000000e+00 0.000000000000000e+00
cras   = 0.000000000000000e+00 0.000000000000000e+00 0.000000000000000e+00
