#Insight Transform File V1.0
#Transform 0
Transform: AffineTransform_float_3_3
Parameters: 0.999999 -0.000239061 -0.000724755 0.000239525 1 0.000320202 0.000724602 -0.000320549 0.999999 0.0767421 0.0219757 0.174895
FixedParameters: 0 0 0

#Transform 1
Transform: AffineTransform_float_3_3
Parameters: 1 -0.000104837 -0.000338117 0.00010539 0.999999 0.00121514 0.000337815 -0.00121522 0.999999 0.0304278 -0.0433165 0.162406
FixedParameters: 0 0 0

#Transform 2
Transform: AffineTransform_float_3_3
Parameters: 1 -0.000358176 -0.000406072 0.000357708 1 0.000668392 0.000405851 -0.000667903 0.999999 0.0204932 -0.0167024 0.074857
FixedParameters: 0 0 0

#Transform 3
Transform: AffineTransform_float_3_3
Parameters: 1 -0.000113456 -0.000340684 0.000113549 1 0.000136721 0.000340653 -0.000136799 1 0.025562 0.0261633 0.169819
FixedParameters: 0 0 0

#Transform 4
Transform: AffineTransform_float_3_3
Parameters: 1 -9.19262e-05 -0.000303878 9.20769e-05 1 0.000248282 0.000303832 -0.000248338 1 0.0204088 0.0309144 0.080592
FixedParameters: 0 0 0

#Transform 5
Transform: AffineTransform_float_3_3
Parameters: 1 -0.000147643 -0.000235449 0.000147667 1 5.19791e-05 0.000235433 -5.20487e-05 1 0.024473 0.0434783 0.088522
FixedParameters: 0 0 0

#Transform 6
Transform: AffineTransform_float_3_3
Parameters: 0.999999 -0.000719472 7.03012e-07 0.000719575 0.999999 0.00106171 -1.22149e-06 -0.00106222 0.999999 0.00658678 -0.0778634 0.0573324
FixedParameters: 0 0 0

#Transform 7
Transform: AffineTransform_float_3_3
Parameters: 1 -0.000526119 0.000187645 0.000525967 1 0.000404652 -0.00018807 -0.000404454 1 -0.0025836 0.0551154 0.104965
FixedParameters: 0 0 0

#Transform 8
Transform: AffineTransform_float_3_3
Parameters: 1 -0.000527414 0.000195265 0.000527278 1 0.000349188 -0.000195633 -0.000348982 1 -0.00983386 0.00684659 0.055763
FixedParameters: 0 0 0

#Transform 9
Transform: AffineTransform_float_3_3
Parameters: 1 -0.000579447 -2.02308e-05 0.000578465 0.999999 0.000704337 1.9673e-05 -0.00070358 0.999999 -0.0123138 0.0397028 0.145435
FixedParameters: 0 0 0

#Transform 10
Transform: AffineTransform_float_3_3
Parameters: 1 -0.000534461 5.87731e-05 0.000533224 1 0.000928983 -5.93373e-05 -0.000929539 0.999999 -0.00356227 -0.00992544 0.00430393
FixedParameters: 0 0 0

#Transform 11
Transform: AffineTransform_float_3_3
Parameters: 1 -0.000517966 0.000139748 0.000518083 0.999999 0.000753287 -0.000139601 -0.000753008 0.999999 0.0131435 -0.0405047 -0.108465
FixedParameters: 0 0 0

#Transform 12
Transform: AffineTransform_float_3_3
Parameters: 1 -0.000522135 0.000164241 0.000521945 0.999999 0.000575004 -0.000164841 -0.000574832 1 0.00374156 0.0341354 -0.00286572
FixedParameters: 0 0 0

#Transform 13
Transform: AffineTransform_float_3_3
Parameters: 1 -0.000525656 0.000184923 0.000525499 1 0.00042446 -0.000185369 -0.000424266 1 -0.00748511 0.0123484 -0.0777553
FixedParameters: 0 0 0

#Transform 14
Transform: AffineTransform_float_3_3
Parameters: 1 -0.000221792 0.000562398 0.000221582 1 0.000187308 -0.000562481 -0.000187058 1 -0.0254729 0.0490041 -0.0099989
FixedParameters: 0 0 0

#Transform 15
Transform: AffineTransform_float_3_3
Parameters: 1 -0.000524568 0.000178528 0.000524399 1 0.00047101 -0.000179022 -0.000470822 1 -0.00154841 -0.0396714 -0.0256696
FixedParameters: 0 0 0

#Transform 16
Transform: AffineTransform_float_3_3
Parameters: 1 -0.000533533 0.000231326 0.000533493 1 8.67273e-05 -0.000231419 -8.64805e-05 1 0.00582399 0.0285826 -0.0428043
FixedParameters: 0 0 0

#Transform 17
Transform: AffineTransform_float_3_3
Parameters: 1 -0.000525239 0.000182474 0.000525078 1 0.000442287 -0.000182939 -0.000442096 1 0.00689686 -0.00734408 -0.00434608
FixedParameters: 0 0 0

#Transform 18
Transform: AffineTransform_float_3_3
Parameters: 1 -0.000248199 0.000121676 0.000248171 1 0.000114391 -0.000121733 -0.000114331 1 -0.001532 0.0340084 -0.0864225
FixedParameters: 0 0 0

#Transform 19
Transform: AffineTransform_float_3_3
Parameters: 1 0.0001277 -3.12384e-06 -0.0001277 1 -2.41781e-06 3.12327e-06 2.41861e-06 1 -0.000417212 0.051626 0.0213405
FixedParameters: 0 0 0

#Transform 20
Transform: AffineTransform_float_3_3
Parameters: 1 0.000129796 -1.53128e-05 -0.000129794 1 8.67284e-05 1.53353e-05 -8.67244e-05 1 0.00361164 -0.0150776 0.00154809
FixedParameters: 0 0 0

#Transform 21
Transform: AffineTransform_float_3_3
Parameters: 1 0.000341825 -5.67974e-05 -0.000341848 1 -0.00020558 5.6657e-05 0.000205619 1 -0.00415876 0.0484814 -0.0461332
FixedParameters: 0 0 0

#Transform 22
Transform: AffineTransform_float_3_3
Parameters: 1 0.000317466 -0.000109195 -0.000317405 1 0.000275451 0.00010937 -0.000275381 1 -0.00112673 0.0194778 -0.0205179
FixedParameters: 0 0 0

#Transform 23
Transform: AffineTransform_float_3_3
Parameters: 1 0.000284958 -0.000108836 -0.000284995 1 -0.000170973 0.000108738 0.000171035 1 0.0116583 0.0242261 -0.0775938
FixedParameters: 0 0 0

#Transform 24
Transform: AffineTransform_float_3_3
Parameters: 1 0.000458613 -0.000132345 -0.000458601 1 4.58799e-05 0.000132388 -4.57585e-05 1 0.00528285 0.0485527 -0.0370884
FixedParameters: 0 0 0

#Transform 25
Transform: AffineTransform_float_3_3
Parameters: 1 -0.00021749 6.559e-05 0.00021743 1 0.000462374 -6.57911e-05 -0.000462346 1 0.0361416 -0.0203594 -0.0697873
FixedParameters: 0 0 0

#Transform 26
Transform: AffineTransform_float_3_3
Parameters: 1 -0.000175301 0.000297668 0.000175367 1 -0.000111579 -0.000297629 0.000111683 1 0.0125132 0.0734159 -0.0945576
FixedParameters: 0 0 0

#Transform 27
Transform: AffineTransform_float_3_3
Parameters: 1 -0.000265057 -3.12894e-05 0.000265075 1 0.000291701 3.11347e-05 -0.000291718 1 0.020729 0.0035523 -0.0435316
FixedParameters: 0 0 0

#Transform 28
Transform: AffineTransform_float_3_3
Parameters: 1 -0.000154994 0.000127241 0.000155044 1 -0.00019902 -0.000127179 0.000199059 1 0.0126202 0.0370102 -0.0818412
FixedParameters: 0 0 0

#Transform 29
Transform: AffineTransform_float_3_3
Parameters: 1 -0.000189824 -0.000225186 0.000189696 1 -0.000282848 0.000225294 0.000282763 1 0.0489976 0.0201452 -0.0416467
FixedParameters: 0 0 0

#Transform 30
Transform: AffineTransform_float_3_3
Parameters: 1 -0.000389759 -0.000271947 0.000389536 1 -0.000218107 0.000272029 0.00021865 1 0.0480005 0.0493688 -0.0941373
FixedParameters: 0 0 0

#Transform 31
Transform: AffineTransform_float_3_3
Parameters: 1 8.86483e-05 -0.000425715 -8.89955e-05 1 -0.000407609 0.000425643 0.000407685 1 0.0704557 0.0836568 -0.0412334
FixedParameters: 0 0 0

#Transform 32
Transform: AffineTransform_float_3_3
Parameters: 1 -0.000517815 -0.000252921 0.000517817 1 4.67923e-06 0.000252916 -4.94118e-06 1 0.0677078 -0.00202575 -0.0344629
FixedParameters: 0 0 0

#Transform 33
Transform: AffineTransform_float_3_3
Parameters: 1 -0.000323517 -0.000248097 0.000324127 1 -0.000595854 0.000248137 0.000595669 1 0.0630961 0.0680355 -0.0821272
FixedParameters: 0 0 0

#Transform 34
Transform: AffineTransform_float_3_3
Parameters: 1 -0.000207894 -0.00031693 0.000207643 1 -0.000394958 0.000317095 0.000394827 1 0.0520799 0.056086 -0.0269772
FixedParameters: 0 0 0

#Transform 35
Transform: AffineTransform_float_3_3
Parameters: 1 -0.000225137 2.98251e-05 0.000224853 0.999999 -0.000718569 -3.04294e-05 0.000718448 0.999999 0.0524486 0.0523777 -0.0862912
FixedParameters: 0 0 0

#Transform 36
Transform: AffineTransform_float_3_3
Parameters: 1 -0.00028217 -0.000243112 0.000281803 0.999999 -0.000754663 0.000243537 0.000754526 0.999999 0.0628984 0.0693029 -0.0443185
FixedParameters: 0 0 0

#Transform 37
Transform: AffineTransform_float_3_3
Parameters: 1 -0.00023106 -0.000233677 0.000230603 0.999999 -0.000976671 0.000234128 0.000976564 0.999999 0.0596046 0.0453501 -0.0889515
FixedParameters: 0 0 0

#Transform 38
Transform: AffineTransform_float_3_3
Parameters: 1 -0.000111412 -0.000477856 0.000110396 0.999999 -0.00101357 0.000477952 0.00101411 1 0.0752226 0.0664894 0.0152754
FixedParameters: 0 0 0

#Transform 39
Transform: AffineTransform_float_3_3
Parameters: 0.999999 -6.04783e-05 -0.000648646 5.93624e-05 0.999999 -0.00143207 0.000648514 0.0014312 0.999999 0.070804 0.0580972 -0.0578978
FixedParameters: 0 0 0

#Transform 40
Transform: AffineTransform_float_3_3
Parameters: 1 -0.000120978 -0.000827279 0.000119614 0.999999 -0.00137149 0.000827263 0.00137127 0.999998 0.0850263 0.0726666 -0.0123575
FixedParameters: 0 0 0

#Transform 41
Transform: AffineTransform_float_3_3
Parameters: 1 -0.000662274 -0.000789189 0.00066097 0.999996 -0.00268158 0.000791046 0.00268182 0.999996 0.0901988 0.0624632 -0.0753554
FixedParameters: 0 0 0

#Transform 42
Transform: AffineTransform_float_3_3
Parameters: 1 0.000137525 -0.000964361 -0.000139081 0.999999 -0.00149991 0.000964617 0.00149953 0.999998 0.0550827 0.0900769 -0.0192126
FixedParameters: 0 0 0

#Transform 43
Transform: AffineTransform_float_3_3
Parameters: 0.999999 0.000487126 -0.00117384 -0.0004893 0.999999 -0.00176746 0.00117239 0.00176793 0.999998 0.0775432 0.111306 0.0307781
FixedParameters: 0 0 0

#Transform 44
Transform: AffineTransform_float_3_3
Parameters: 1 0.000589813 -0.000945249 -0.000591324 0.999998 -0.0015074 0.000944138 0.00150787 0.999998 0.0629847 0.0228703 0.000183182
FixedParameters: 0 0 0

#Transform 45
Transform: AffineTransform_float_3_3
Parameters: 1 3.99422e-05 -0.00096538 -4.02498e-05 0.999999 -0.000912087 0.000965807 0.000912919 0.999999 0.0547558 0.0546697 0.031618
FixedParameters: 0 0 0

#Transform 46
Transform: AffineTransform_float_3_3
Parameters: 0.999999 0.000310581 -0.000576928 -0.000310382 0.999999 -0.000703785 0.000576234 0.000703363 0.999999 0.038181 0.0292473 0.00579718
FixedParameters: 0 0 0

#Transform 47
Transform: AffineTransform_float_3_3
Parameters: 0.999999 0.000344369 -0.000689056 -0.000343753 1 -0.000285753 0.000688602 0.000285447 1 0.0349263 0.0264398 -0.00132601
FixedParameters: 0 0 0

#Transform 48
Transform: AffineTransform_float_3_3
Parameters: 0.999999 0.000149525 -0.000685653 -0.000150198 0.999999 -0.000804842 0.000686427 0.000804428 0.999999 0.0420703 0.0532657 -0.0377105
FixedParameters: 0 0 0

#Transform 49
Transform: AffineTransform_float_3_3
Parameters: 1 0.00063063 -0.000809367 -0.000631355 1 -0.000743096 0.000809574 0.00074286 0.999999 0.0395997 0.0584736 -0.0207037
FixedParameters: 0 0 0

#Transform 50
Transform: AffineTransform_float_3_3
Parameters: 1 0.000593569 -0.000868794 -0.000594395 1 -0.000750358 0.000869048 0.000750133 0.999999 0.0363763 0.0313774 -0.00118313
FixedParameters: 0 0 0

#Transform 51
Transform: AffineTransform_float_3_3
Parameters: 1 0.000423159 -0.000861718 -0.000423329 0.999998 -0.00159018 0.000861624 0.00159037 0.999998 0.0355512 0.127099 -0.0203577
FixedParameters: 0 0 0

#Transform 52
Transform: AffineTransform_float_3_3
Parameters: 0.999998 0.000730269 -0.00146607 -0.000730695 1 -0.000180255 0.00146589 0.000181642 0.999999 0.0584762 0.0201588 0.0630657
FixedParameters: 0 0 0

#Transform 53
Transform: AffineTransform_float_3_3
Parameters: 0.999999 0.000373487 -0.00120855 -0.000374956 0.999999 -0.00116093 0.00120835 0.00116119 0.999999 0.0583 0.0421418 -0.0349006
FixedParameters: 0 0 0

#Transform 54
Transform: AffineTransform_float_3_3
Parameters: 0.999999 0.000706989 -0.00133811 -0.000708545 0.999999 -0.00112021 0.00133728 0.00112071 0.999999 0.0583462 0.0386846 0.0500467
FixedParameters: 0 0 0

#Transform 55
Transform: AffineTransform_float_3_3
Parameters: 0.999999 0.000765655 -0.00113218 -0.00076692 0.999998 -0.00133979 0.00113181 0.00134026 0.999999 0.0429205 0.0880329 0.00969532
FixedParameters: 0 0 0

#Transform 56
Transform: AffineTransform_float_3_3
Parameters: 0.999998 0.000704358 -0.00132368 -0.000705256 0.999999 -0.00122619 0.00132236 0.00122663 0.999998 0.053325 0.0789752 -0.0252187
FixedParameters: 0 0 0

#Transform 57
Transform: AffineTransform_float_3_3
Parameters: 0.999999 0.00065739 -0.00135459 -0.000658669 1 -0.000844884 0.00135322 0.000845885 0.999999 0.0490531 0.0195407 0.0300089
FixedParameters: 0 0 0

#Transform 58
Transform: AffineTransform_float_3_3
Parameters: 0.999999 0.000719104 -0.00121227 -0.000720939 0.999999 -0.00157187 0.00121028 0.00157294 0.999998 0.0574619 0.0823961 -0.0440851
FixedParameters: 0 0 0

#Transform 59
Transform: AffineTransform_float_3_3
Parameters: 0.999998 0.000822051 -0.00143157 -0.000823003 0.999999 -0.000721567 0.00143021 0.000722386 0.999999 0.0669451 0.0121001 0.021664
FixedParameters: 0 0 0

#Transform 60
Transform: AffineTransform_float_3_3
Parameters: 0.999999 0.00047982 -0.00122023 -0.000480947 0.999999 -0.0013809 0.00121923 0.0013814 0.999998 0.0723689 0.0514582 -0.0314159
FixedParameters: 0 0 0

#Transform 61
Transform: AffineTransform_float_3_3
Parameters: 0.999999 0.000698709 -0.00129276 -0.000700223 0.999998 -0.00145316 0.00129105 0.00145429 0.999998 0.0730836 0.06565 0.0270924
FixedParameters: 0 0 0

#Transform 62
Transform: AffineTransform_float_3_3
Parameters: 0.999997 0.00027974 -0.00257488 -0.000281837 1 -0.000824775 0.00257506 0.000826116 0.999996 0.113317 0.0127581 0.0772818
FixedParameters: 0 0 0

#Transform 63
Transform: AffineTransform_float_3_3
Parameters: 0.999998 0.00176517 -0.000820458 -0.00176586 0.999998 -0.000674771 0.000819258 0.000676526 0.999999 0.0110791 0.0476729 0.082553
FixedParameters: 0 0 0

#Transform 64
Transform: AffineTransform_float_3_3
Parameters: 0.999999 0.000822106 -0.0013673 -0.000822217 1 0.00037324 0.00136742 -0.000371857 0.999999 0.0848813 -0.100936 0.103823
FixedParameters: 0 0 0

#Transform 65
Transform: AffineTransform_float_3_3
Parameters: 0.999999 0.000788565 -0.00118294 -0.000790457 0.999999 -0.000981911 0.0011824 0.000983159 0.999999 0.0681327 0.0479377 -0.0370799
FixedParameters: 0 0 0

#Transform 66
Transform: AffineTransform_float_3_3
Parameters: 0.999999 0.000452517 -0.00096649 -0.00045306 0.999999 0.000302843 0.000966271 -0.000302833 0.999999 0.057296 -0.00947383 -0.0689872
FixedParameters: 0 0 0

#Transform 67
Transform: AffineTransform_float_3_3
Parameters: 1 0.000134119 -0.00116459 -0.000133521 1 0.000786615 0.00116422 -0.000786413 0.999999 0.0452077 0.0285402 -0.226547
FixedParameters: 0 0 0

#Transform 68
Transform: AffineTransform_float_3_3
Parameters: 1 0.000157486 -0.00113788 -0.000156328 0.999999 0.000509546 0.00113712 -0.000509435 1 0.0578156 0.0594382 -0.185193
FixedParameters: 0 0 0

#Transform 69
Transform: AffineTransform_float_3_3
Parameters: 0.999999 -7.03685e-06 -0.00143083 9.19076e-06 1 0.00108585 0.00143103 -0.00108521 0.999999 0.066797 -0.00296248 -0.103946
FixedParameters: 0 0 0

#Transform 70
Transform: AffineTransform_float_3_3
Parameters: 0.999998 0.000153988 -0.00182912 -0.000153049 1 0.000488818 0.00182958 -0.000488349 0.999999 0.0748002 0.0714026 -0.194538
FixedParameters: 0 0 0

#Transform 71
Transform: AffineTransform_float_3_3
Parameters: 0.999997 0.000388287 -0.00247658 -0.000385719 1 0.00104664 0.0024776 -0.00104564 0.999996 0.123844 0.0141886 -0.0796206
FixedParameters: 0 0 0

#Transform 72
Transform: AffineTransform_float_3_3
Parameters: 0.999998 0.00015558 -0.00216537 -0.00015437 1 0.000907197 0.00216577 -0.000906697 0.999997 0.105907 -0.0159776 -0.148308
FixedParameters: 0 0 0

#Transform 73
Transform: AffineTransform_float_3_3
Parameters: 0.999998 0.000183632 -0.00180154 -0.000182679 1 0.000751391 0.00180247 -0.000750799 0.999998 0.0900834 0.0668659 -0.17791
FixedParameters: 0 0 0

#Transform 74
Transform: AffineTransform_float_3_3
Parameters: 0.999998 -0.000182227 -0.00189675 0.000183982 0.999999 0.00116329 0.00189732 -0.00116403 0.999997 0.10611 -0.0280793 -0.0956979
FixedParameters: 0 0 0

#Transform 75
Transform: AffineTransform_float_3_3
Parameters: 0.999998 0.000527987 -0.00164441 -0.000524748 0.999999 0.00186639 0.00164521 -0.00186564 0.999997 0.0874921 0.00654036 -0.0234651
FixedParameters: 0 0 0

#Transform 76
Transform: AffineTransform_float_3_3
Parameters: 0.999999 -0.000217386 -0.00148327 0.000219628 0.999999 0.00177793 0.00148335 -0.00177788 0.999998 0.0788651 -0.0413748 -0.137491
FixedParameters: 0 0 0

#Transform 77
Transform: AffineTransform_float_3_3
Parameters: 0.999999 0.000371875 -0.00134 -0.000369585 0.999999 0.00145528 0.00133944 -0.00145389 0.999998 0.065637 0.0119317 -0.0977844
FixedParameters: 0 0 0

#Transform 78
Transform: AffineTransform_float_3_3
Parameters: 0.999999 0.000161003 -0.00136975 -0.00015925 0.999999 0.00139949 0.00136993 -0.00139926 0.999998 0.0742178 -0.0307773 -0.133032
FixedParameters: 0 0 0

#Transform 79
Transform: AffineTransform_float_3_3
Parameters: 0.999998 0.000796395 -0.00170367 -0.000794367 1 0.000991982 0.00170484 -0.000990781 0.999998 0.0828679 0.0407433 -0.100963
FixedParameters: 0 0 0

#Transform 80
Transform: AffineTransform_float_3_3
Parameters: 1 0.000466891 -0.00118621 -0.000464805 0.999998 0.0013548 0.00118698 -0.00135456 0.999998 0.0549731 -0.0171057 -0.135647
FixedParameters: 0 0 0

#Transform 81
Transform: AffineTransform_float_3_3
Parameters: 0.999998 0.000529073 -0.00164642 -0.000528595 1 0.000356962 0.00164732 -0.000356706 0.999999 0.0788444 0.067764 -0.147425
FixedParameters: 0 0 0

#Transform 82
Transform: AffineTransform_float_3_3
Parameters: 0.999998 0.000408437 -0.00172357 -0.000406203 0.999999 0.0013161 0.00172445 -0.00131554 0.999998 0.0853986 -0.0349163 -0.0569512
FixedParameters: 0 0 0

#Transform 83
Transform: AffineTransform_float_3_3
Parameters: 0.999998 0.000397662 -0.0016649 -0.000395841 1 0.000886205 0.00166511 -0.00088575 0.999998 0.0843729 0.0243023 -0.121977
FixedParameters: 0 0 0

#Transform 84
Transform: AffineTransform_float_3_3
Parameters: 0.999998 0.000337062 -0.00191569 -0.000334437 0.999998 0.00128684 0.00191544 -0.00128664 0.999997 0.0977962 -0.0185014 -0.0420424
FixedParameters: 0 0 0

#Transform 85
Transform: AffineTransform_float_3_3
Parameters: 0.999998 0.000395609 -0.00165382 -0.000394076 1 0.000804977 0.00165396 -0.000804537 0.999998 0.0822543 -0.0166597 -0.149552
FixedParameters: 0 0 0

#Transform 86
Transform: AffineTransform_float_3_3
Parameters: 0.999998 0.000372926 -0.00213562 -0.000371724 1 0.000706716 0.00213591 -0.000705322 0.999997 0.106076 0.037482 -0.0836133
FixedParameters: 0 0 0

#Transform 87
Transform: AffineTransform_float_3_3
Parameters: 0.999998 0.000174331 -0.00207903 -0.000172649 1 0.000840875 0.00207909 -0.000840349 0.999997 0.104305 0.0334398 -0.136701
FixedParameters: 0 0 0

#Transform 88
Transform: AffineTransform_float_3_3
Parameters: 0.999999 0.000189849 -0.00184568 -0.00018842 1 0.000633174 0.00184534 -0.000632697 0.999998 0.0941661 0.0419421 -0.183261
FixedParameters: 0 0 0

#Transform 89
Transform: AffineTransform_float_3_3
Parameters: 0.999999 8.43377e-05 -0.00161883 -8.22334e-05 0.999999 0.00119148 0.00161968 -0.00119128 0.999998 0.0965077 -0.00221491 -0.137907
FixedParameters: 0 0 0

#Transform 90
Transform: AffineTransform_float_3_3
Parameters: 0.999999 -3.23574e-05 -0.00182736 3.32677e-05 1 0.000436893 0.00182668 -0.00043659 0.999999 0.0935039 0.0621226 -0.250578
FixedParameters: 0 0 0

#Transform 91
Transform: AffineTransform_float_3_3
Parameters: 0.999998 -0.000275057 -0.00196841 0.000278455 0.999999 0.00127889 0.00196818 -0.00127865 0.999997 0.0991755 0.00960015 -0.144383
FixedParameters: 0 0 0

#Transform 92
Transform: AffineTransform_float_3_3
Parameters: 0.999998 0.00012343 -0.0020451 -0.000122182 1 0.000722549 0.00204514 -0.000722998 0.999998 0.104881 0.0385708 -0.223202
FixedParameters: 0 0 0

#Transform 93
Transform: AffineTransform_float_3_3
Parameters: 0.999998 0.000254155 -0.00176593 -0.000252673 0.999999 0.00100913 0.00176617 -0.00100844 0.999998 0.0887216 0.0277007 -0.148295
FixedParameters: 0 0 0

#Transform 94
Transform: AffineTransform_float_3_3
Parameters: 0.999996 0.00114341 -0.00243825 -0.0011412 0.999999 0.000841844 0.00243932 -0.000838752 0.999996 0.119889 0.0156152 0.0497764
FixedParameters: 0 0 0

#Transform 95
Transform: AffineTransform_float_3_3
Parameters: 0.999996 0.00212042 -0.00207622 -0.00211537 0.999994 0.00262333 0.00208124 -0.00261833 0.999995 0.0984286 -0.0188915 -0.0808278
FixedParameters: 0 0 0

#Transform 96
Transform: AffineTransform_float_3_3
Parameters: 0.999994 0.00140077 -0.00292242 -0.00139475 0.999997 0.00209798 0.00292576 -0.00209402 0.999993 0.136674 -0.0792189 -0.36134
FixedParameters: 0 0 0

#Transform 97
Transform: AffineTransform_float_3_3
Parameters: 0.999997 0.000668285 -0.00234717 -0.00066782 1 0.00012164 0.00234791 -0.000120093 0.999997 0.101985 0.0645295 -0.626495
FixedParameters: 0 0 0

#Transform 98
Transform: AffineTransform_float_3_3
Parameters: 0.999997 0.000361315 -0.00232901 -0.000356328 0.999997 0.00226366 0.00233046 -0.00226302 0.999995 0.0958375 0.00656454 -0.680861
FixedParameters: 0 0 0

#Transform 99
Transform: AffineTransform_float_3_3
Parameters: 0.999997 0.000107333 -0.00259597 -0.000103466 0.999999 0.00149493 0.00259578 -0.00149478 0.999995 0.134382 0.0332746 -0.715322
FixedParameters: 0 0 0

#Transform 100
Transform: AffineTransform_float_3_3
Parameters: 0.999997 0.000118279 -0.00260295 -0.000114271 0.999999 0.00151798 0.00260279 -0.00151777 0.999995 0.117703 0.0697301 -0.836482
FixedParameters: 0 0 0

#Transform 101
Transform: AffineTransform_float_3_3
Parameters: 0.999994 0.00164862 -0.00296844 -0.00163805 0.999991 0.00378939 0.00297454 -0.00378447 0.999988 0.139336 -0.0430804 -1.08932
FixedParameters: 0 0 0

#Transform 102
Transform: AffineTransform_float_3_3
Parameters: 0.999996 0.00167747 -0.00227454 -0.00166772 0.999989 0.00438905 0.00228152 -0.00438487 0.999988 0.111007 -0.0101759 -0.938532
FixedParameters: 0 0 0

#Transform 103
Transform: AffineTransform_float_3_3
Parameters: 0.999998 0.00166116 -0.00101065 -0.0016508 0.999943 0.0104742 0.00102755 -0.0104725 0.999945 0.0877297 -0.347323 -1.25009
FixedParameters: 0 0 0

#Transform 104
Transform: AffineTransform_float_3_3
Parameters: 0.999998 0.00103328 -0.0011345 -0.00102416 0.99997 0.00772981 0.00114272 -0.00772853 0.99997 0.0868384 -0.197831 -1.05965
FixedParameters: 0 0 0

#Transform 105
Transform: AffineTransform_float_3_3
Parameters: 0.999999 0.00124607 -0.00105514 -0.00123844 0.999978 0.00649398 0.00106312 -0.00649248 0.999979 0.0801814 -0.163752 -0.978067
FixedParameters: 0 0 0

#Transform 106
Transform: AffineTransform_float_3_3
Parameters: 1 0.00111588 -0.000698033 -0.00111286 0.999991 0.00405199 0.000702551 -0.00405029 0.999992 0.0730121 0.037118 -0.823263
FixedParameters: 0 0 0

#Transform 107
Transform: AffineTransform_float_3_3
Parameters: 0.999999 0.000492243 -0.0011077 -0.000489607 0.999996 0.00290736 0.00110916 -0.00290653 0.999995 0.0978558 -0.0736768 -0.625473
FixedParameters: 0 0 0

#Transform 108
Transform: AffineTransform_float_3_3
Parameters: 0.999999 0.000283374 -0.00127177 -0.000280582 0.999997 0.00244866 0.00127189 -0.00244895 0.999997 0.0977787 -0.00319922 -0.487361
FixedParameters: 0 0 0

#Transform 109
Transform: AffineTransform_float_3_3
Parameters: 0.999998 0.000572321 -0.00161428 -0.000569282 0.999998 0.0017709 0.00161505 -0.00176941 0.999997 0.10317 0.0384925 -0.601958
FixedParameters: 0 0 0

#Transform 110
Transform: AffineTransform_float_3_3
Parameters: 0.999999 0.000383487 -0.00169027 -0.000379731 0.999997 0.0022503 0.00169104 -0.00224933 0.999996 0.106217 -0.0216388 -0.457993
FixedParameters: 0 0 0

#Transform 111
Transform: AffineTransform_float_3_3
Parameters: 0.999998 0.000558449 -0.00173144 -0.000554087 0.999997 0.00206598 0.00173265 -0.0020658 0.999996 0.103726 0.0170877 -0.587511
FixedParameters: 0 0 0

#Transform 112
Transform: AffineTransform_float_3_3
Parameters: 0.999998 0.000408762 -0.00210369 -0.000404431 0.999998 0.00185627 0.00210438 -0.00185564 0.999997 0.115746 0.053976 -0.425086
FixedParameters: 0 0 0

#Transform 113
Transform: AffineTransform_float_3_3
Parameters: 0.999997 0.00128989 -0.00200624 -0.00128427 0.999996 0.0026906 0.00200968 -0.00268821 0.999994 0.0805053 -0.0507067 -0.48807
FixedParameters: 0 0 0

#Transform 114
Transform: AffineTransform_float_3_3
Parameters: 0.999997 0.00120567 -0.00213938 -0.00119809 0.999993 0.00340454 0.00214328 -0.00340165 0.999992 0.0891019 -0.0231155 -0.424224
FixedParameters: 0 0 0

#Transform 115
Transform: AffineTransform_float_3_3
Parameters: 0.999998 0.00204209 -0.000779647 -0.00203953 0.999991 0.00372095 0.000787841 -0.00371929 0.999992 0.00715563 -0.0663841 -0.491511
FixedParameters: 0 0 0

#Transform 116
Transform: AffineTransform_float_3_3
Parameters: 0.999999 0.00117408 -0.00124448 -0.00116857 0.999989 0.00442043 0.00124929 -0.004419 0.999989 0.0711512 -0.0420178 -0.421719
FixedParameters: 0 0 0

#Transform 117
Transform: AffineTransform_float_3_3
Parameters: 0.999998 0.00103622 -0.00168416 -0.00102818 0.999989 0.00468299 0.00168897 -0.00468171 0.999988 0.118845 -0.125292 -0.432685
FixedParameters: 0 0 0

#Transform 118
Transform: AffineTransform_float_3_3
Parameters: 0.999998 0.000600827 -0.00181253 -0.000594465 0.999994 0.00360448 0.00181428 -0.00360356 0.999992 0.10839 -0.00512937 -0.434395
FixedParameters: 0 0 0

#Transform 119
Transform: AffineTransform_float_3_3
Parameters: 0.999998 0.000418855 -0.0017713 -0.000412301 0.999994 0.00367965 0.00177264 -0.00367852 0.999991 0.121947 -0.0697437 -0.423794
FixedParameters: 0 0 0

#Transform 120
Transform: AffineTransform_float_3_3
Parameters: 0.999999 0.000547815 -0.0013228 -0.000543025 0.999995 0.0032483 0.00132495 -0.00324711 0.999994 0.0976064 -0.0262438 -0.454084
FixedParameters: 0 0 0

#Transform 121
Transform: AffineTransform_float_3_3
Parameters: 0.999998 0.000291253 -0.00180294 -0.00028506 0.999994 0.00325965 0.00180408 -0.00325893 0.999993 0.119255 -0.032657 -0.341977
FixedParameters: 0 0 0

#Transform 122
Transform: AffineTransform_float_3_3
Parameters: 0.999999 0.000374137 -0.0016795 -0.000369417 0.999996 0.00263157 0.00168046 -0.00263066 0.999995 0.117888 -0.0262282 -0.395098
FixedParameters: 0 0 0

#Transform 123
Transform: AffineTransform_float_3_3
Parameters: 0.999998 0.000189283 -0.00212587 -0.00018424 0.999998 0.00230511 0.00212613 -0.00230461 0.999995 0.124584 -0.00633132 -0.25834
FixedParameters: 0 0 0

#Transform 124
Transform: AffineTransform_float_3_3
Parameters: 0.999996 -0.00025652 -0.00284865 0.00026305 0.999998 0.00224134 0.00284757 -0.00224318 0.999993 0.173636 0.00201402 -0.371285
FixedParameters: 0 0 0

#Transform 125
Transform: AffineTransform_float_3_3
Parameters: 0.999995 0.000155652 -0.002928 -0.000149095 0.999998 0.00216746 0.00292884 -0.00216769 0.999993 0.18116 -0.0245975 -0.342531
FixedParameters: 0 0 0

#Transform 126
Transform: AffineTransform_float_3_3
Parameters: 0.999994 0.00040906 -0.00321497 -0.000401197 0.999997 0.00217799 0.003216 -0.00217675 0.999993 0.164483 -0.0268805 -0.395846
FixedParameters: 0 0 0

#Transform 127
Transform: AffineTransform_float_3_3
Parameters: 0.999994 0.000530733 -0.00337872 -0.000524728 0.999999 0.00175103 0.00338 -0.00174946 0.999993 0.127187 0.0342826 -0.338121
FixedParameters: 0 0 0

#Transform 128
Transform: AffineTransform_float_3_3
Parameters: 0.999995 0.000489027 -0.00317881 -0.000483605 0.999999 0.00181144 0.00317996 -0.00181035 0.999994 0.119868 0.0165864 -0.361026
FixedParameters: 0 0 0

#Transform 129
Transform: AffineTransform_float_3_3
Parameters: 0.999993 0.00047948 -0.00347581 -0.000473493 0.999998 0.00152224 0.00347636 -0.00152106 0.999993 0.125346 0.0789832 -0.261076
FixedParameters: 0 0 0

#Transform 130
Transform: AffineTransform_float_3_3
Parameters: 0.999995 0.000364722 -0.00313625 -0.000360507 0.999999 0.00147341 0.00313631 -0.0014724 0.999994 0.116479 0.0317672 -0.304826
FixedParameters: 0 0 0

#Transform 131
Transform: AffineTransform_float_3_3
Parameters: 0.999995 0.000704567 -0.0031779 -0.000694367 0.999995 0.00307811 0.00318029 -0.0030759 0.99999 0.109477 0.0198947 -0.307044
FixedParameters: 0 0 0

#Transform 132
Transform: AffineTransform_float_3_3
Parameters: 0.999997 0.000700029 -0.00252849 -0.00069451 0.999997 0.00226759 0.00252967 -0.00226535 0.999994 0.0853109 0.01139 -0.355299
FixedParameters: 0 0 0

#Transform 133
Transform: AffineTransform_float_3_3
Parameters: 0.999996 0.00080763 -0.00269315 -0.000801973 0.999997 0.002135 0.00269469 -0.00213272 0.999994 0.0952251 -0.00616457 -0.300564
FixedParameters: 0 0 0

#Transform 134
Transform: AffineTransform_float_3_3
Parameters: 0.999996 0.000714525 -0.00291119 -0.000708473 0.999998 0.00194073 0.00291303 -0.00193849 0.999994 0.106866 0.00972826 -0.363006
FixedParameters: 0 0 0

#Transform 135
Transform: AffineTransform_float_3_3
Parameters: 0.999994 0.00102348 -0.00324999 -0.00101857 0.999998 0.00167953 0.00325214 -0.00167641 0.999993 0.115229 0.0741278 -0.307874
FixedParameters: 0 0 0

#Transform 136
Transform: AffineTransform_float_3_3
Parameters: 0.999994 0.000644948 -0.00320145 -0.000637166 0.999997 0.00240178 0.00320328 -0.00239979 0.999992 0.141099 -0.0289866 -0.32081
FixedParameters: 0 0 0

#Transform 137
Transform: AffineTransform_float_3_3
Parameters: 0.999996 0.00069249 -0.00281583 -0.000688625 0.999999 0.00119144 0.00281592 -0.00118961 0.999996 0.120358 0.107769 -0.363491
FixedParameters: 0 0 0

#Transform 138
Transform: AffineTransform_float_3_3
Parameters: 0.999995 0.000620593 -0.00307704 -0.00061545 0.999999 0.00148847 0.00307762 -0.00148671 0.999994 0.156677 0.0293179 -0.333888
FixedParameters: 0 0 0

#Transform 139
Transform: AffineTransform_float_3_3
Parameters: 0.999995 0.000507243 -0.00300563 -0.000501764 0.999998 0.00174775 0.00300639 -0.00174598 0.999994 0.158271 0.069007 -0.418351
FixedParameters: 0 0 0

#Transform 140
Transform: AffineTransform_float_3_3
Parameters: 0.999995 0.000581106 -0.00321667 -0.000575322 0.999998 0.00163008 0.00321755 -0.00162774 0.999994 0.163245 0.0340924 -0.380349
FixedParameters: 0 0 0

#Transform 141
Transform: AffineTransform_float_3_3
Parameters: 0.999993 0.000887803 -0.00359926 -0.000881625 0.999998 0.00166241 0.00360083 -0.00165892 0.999992 0.183183 0.0608912 -0.558949
FixedParameters: 0 0 0

#Transform 142
Transform: AffineTransform_float_3_3
Parameters: 0.999995 0.000620592 -0.00318234 -0.000610867 0.999996 0.00276328 0.00318445 -0.00276148 0.999991 0.187006 0.0304072 -0.480177
FixedParameters: 0 0 0

#Transform 143
Transform: AffineTransform_float_3_3
Parameters: 0.999993 0.000427171 -0.00356869 -0.000419687 0.999998 0.00204454 0.00356914 -0.00204298 0.999991 0.204994 0.0452335 -0.46004
FixedParameters: 0 0 0

#Transform 144
Transform: AffineTransform_float_3_3
Parameters: 0.999992 0.000257606 -0.00400455 -0.000250038 0.999998 0.00187714 0.00400449 -0.00187601 0.99999 0.231156 0.0249211 -0.361333
FixedParameters: 0 0 0

#Transform 145
Transform: AffineTransform_float_3_3
Parameters: 0.999992 0.000344972 -0.0038446 -0.000335492 0.999997 0.00226744 0.00384517 -0.00226638 0.99999 0.216116 0.0769719 -0.458428
FixedParameters: 0 0 0

#Transform 146
Transform: AffineTransform_float_3_3
Parameters: 0.999993 0.000399331 -0.0036627 -0.000390786 0.999998 0.00212226 0.00366319 -0.00212158 0.999991 0.212091 0.0406121 -0.419523
FixedParameters: 0 0 0

#Transform 147
Transform: AffineTransform_float_3_3
Parameters: 0.999992 6.71645e-06 -0.00405713 2.02761e-06 0.999998 0.00207412 0.00405728 -0.00207421 0.99999 0.254441 0.026834 -0.402437
FixedParameters: 0 0 0

#Transform 148
Transform: AffineTransform_float_3_3
Parameters: 0.999992 0.00031123 -0.00376873 -0.00030511 0.999999 0.00146881 0.00376992 -0.00146781 0.999992 0.224318 0.0913045 -0.395351
FixedParameters: 0 0 0

#Transform 149
Transform: AffineTransform_float_3_3
Parameters: 0.999993 0.000343027 -0.00369944 -0.000336885 0.999999 0.00155827 0.00369977 -0.00155646 0.999992 0.216884 0.0197886 -0.354065
FixedParameters: 0 0 0

#Transform 150
Transform: AffineTransform_float_3_3
Parameters: 0.999993 0.00030221 -0.00372352 -0.000297621 0.999999 0.00113784 0.0037241 -0.0011362 0.999992 0.215994 0.0443545 -0.398418
FixedParameters: 0 0 0

#Transform 151
Transform: AffineTransform_float_3_3
Parameters: 0.999993 0.000168448 -0.00374617 -0.00016488 0.999999 0.000986419 0.00374636 -0.000985876 0.999993 0.241681 0.0727429 -0.301532
FixedParameters: 0 0 0

#Transform 152
Transform: AffineTransform_float_3_3
Parameters: 0.999994 0.000220933 -0.0033316 -0.000220753 1 0.000103693 0.00333236 -0.000102616 0.999995 0.228391 0.084989 -0.408263
FixedParameters: 0 0 0

#Transform 153
Transform: AffineTransform_float_3_3
Parameters: 0.999992 0.000161029 -0.00380436 -0.000161589 1 -0.000322707 0.00380433 0.000323385 0.999992 0.250752 0.0972782 -0.331816
FixedParameters: 0 0 0

#Transform 154
Transform: AffineTransform_float_3_3
Parameters: 0.999992 0.00122906 -0.00380506 -0.00121989 0.999997 0.00217803 0.00380765 -0.00217335 0.999991 0.21944 -0.00701195 -0.387507
FixedParameters: 0 0 0

#Transform 155
Transform: AffineTransform_float_3_3
Parameters: 0.999994 0.00131475 -0.00323678 -0.00130587 0.999995 0.00270868 0.00324015 -0.00270476 0.999991 0.179057 -0.00927477 -0.321768
FixedParameters: 0 0 0

#Transform 156
Transform: AffineTransform_float_3_3
Parameters: 0.999995 0.00148408 -0.00278815 -0.00147648 0.999994 0.00281828 0.00279229 -0.00281386 0.999992 0.170511 -0.056311 -0.347877
FixedParameters: 0 0 0

#Transform 157
Transform: AffineTransform_float_3_3
Parameters: 0.999992 0.00163626 -0.0037506 -0.00162802 0.999996 0.0022755 0.00375491 -0.00226928 0.99999 0.183576 0.0352928 -0.271327
FixedParameters: 0 0 0

#Transform 158
Transform: AffineTransform_float_3_3
Parameters: 0.999992 0.00132788 -0.00366282 -0.00131881 0.999996 0.0024987 0.00366605 -0.00249365 0.99999 0.200364 -0.00218226 -0.324327
FixedParameters: 0 0 0

#Transform 159
Transform: AffineTransform_float_3_3
Parameters: 0.999993 0.00136053 -0.00357672 -0.00135173 0.999996 0.00252081 0.00358018 -0.00251575 0.999991 0.193567 0.0105057 -0.29848
FixedParameters: 0 0 0

#Transform 160
Transform: AffineTransform_float_3_3
Parameters: 0.999992 0.00107604 -0.00390703 -0.00106599 0.999996 0.0026782 0.00390987 -0.00267314 0.999989 0.211152 0.00340472 -0.351071
FixedParameters: 0 0 0

#Transform 161
Transform: AffineTransform_float_3_3
Parameters: 0.999992 0.000895128 -0.00388864 -0.00088553 0.999996 0.00243902 0.00389071 -0.00243529 0.999989 0.207748 0.0465903 -0.419373
FixedParameters: 0 0 0

#Transform 162
Transform: AffineTransform_float_3_3
Parameters: 0.99999 0.00105749 -0.00428088 -0.00104527 0.999995 0.00296609 0.00428402 -0.00296125 0.999987 0.233471 -0.0211319 -0.351516
FixedParameters: 0 0 0

#Transform 163
Transform: AffineTransform_float_3_3
Parameters: 0.999992 0.00132392 -0.00364299 -0.00131591 0.999996 0.00235219 0.00364591 -0.00234797 0.999991 0.210567 0.0316957 -0.405726
FixedParameters: 0 0 0

#Transform 164
Transform: AffineTransform_float_3_3
Parameters: 0.999992 0.000704584 -0.0039428 -0.000693645 0.999996 0.00294826 0.00394429 -0.00294605 0.999988 0.234107 -0.0361919 -0.331408
FixedParameters: 0 0 0

#Transform 165
Transform: AffineTransform_float_3_3
Parameters: 0.999992 0.000714788 -0.00382678 -0.000704694 0.999996 0.00253483 0.003829 -0.00253247 0.999989 0.248933 0.017209 -0.385386
FixedParameters: 0 0 0

#Transform 166
Transform: AffineTransform_float_3_3
Parameters: 0.99999 0.00074318 -0.00441868 -0.000731298 0.999996 0.00260892 0.00442078 -0.00260503 0.999987 0.275738 -0.00570925 -0.196652
FixedParameters: 0 0 0

#Transform 167
Transform: AffineTransform_float_3_3
Parameters: 0.999991 0.000402704 -0.00426312 -0.000392265 0.999997 0.00237013 0.0042638 -0.00236849 0.999989 0.271122 0.0068439 -0.313785
FixedParameters: 0 0 0

#Transform 168
Transform: AffineTransform_float_3_3
Parameters: 0.999988 0.00101645 -0.0049286 -0.0010019 0.999995 0.00290404 0.00493212 -0.00289841 0.999984 0.285355 -0.00644065 -0.253877
FixedParameters: 0 0 0

#Transform 169
Transform: AffineTransform_float_3_3
Parameters: 0.999991 0.000743572 -0.00414954 -0.000730823 0.999995 0.00299338 0.00415123 -0.00298992 0.999987 0.244814 -0.000662467 -0.310743
FixedParameters: 0 0 0

#Transform 170
Transform: AffineTransform_float_3_3
Parameters: 0.99999 0.000599605 -0.00440546 -0.000586241 0.999996 0.002924 0.00440753 -0.00292126 0.999985 0.262098 0.0868239 -0.257058
FixedParameters: 0 0 0

#Transform 171
Transform: AffineTransform_float_3_3
Parameters: 0.999991 0.00040713 -0.00430617 -0.000395739 0.999997 0.00269831 0.00430778 -0.00269657 0.999988 0.274607 -0.0250082 -0.280406
FixedParameters: 0 0 0

#Transform 172
Transform: AffineTransform_float_3_3
Parameters: 0.999988 0.000642822 -0.00475003 -0.00062617 0.999994 0.00342931 0.00475203 -0.00342621 0.999983 0.287299 -0.0171307 -0.164914
FixedParameters: 0 0 0

#Transform 173
Transform: AffineTransform_float_3_3
Parameters: 0.999989 0.000784022 -0.00443117 -0.000772203 0.999996 0.00258894 0.00443359 -0.0025853 0.999986 0.267438 0.00901535 -0.299624
FixedParameters: 0 0 0

#Transform 174
Transform: AffineTransform_float_3_3
Parameters: 0.999988 0.000724181 -0.00474339 -0.000709069 0.999995 0.00326679 0.00474585 -0.00326355 0.999984 0.292066 -0.0415173 -0.186558
FixedParameters: 0 0 0

#Transform 175
Transform: AffineTransform_float_3_3
Parameters: 0.999991 0.000451379 -0.00433945 -0.000438967 0.999996 0.00283324 0.00434049 -0.00283122 0.999986 0.26452 -0.000703474 -0.344052
FixedParameters: 0 0 0

#Transform 176
Transform: AffineTransform_float_3_3
Parameters: 0.999987 0.000623799 -0.00496569 -0.000609413 0.999996 0.00299849 0.00496713 -0.00299528 0.999983 0.299722 0.0180973 -0.29745
FixedParameters: 0 0 0

#Transform 177
Transform: AffineTransform_float_3_3
Parameters: 0.99999 0.000252093 -0.00432286 -0.000237492 0.999994 0.0032818 0.00432302 -0.00328012 0.999985 0.287656 -0.0622256 -0.290426
FixedParameters: 0 0 0

#Transform 178
Transform: AffineTransform_float_3_3
Parameters: 0.999991 0.000335775 -0.00428077 -0.000323664 0.999997 0.00270509 0.00428156 -0.00270325 0.999987 0.282022 0.0339391 -0.25514
FixedParameters: 0 0 0

#Transform 179
Transform: AffineTransform_float_3_3
Parameters: 0.99999 9.7594e-05 -0.00441121 -8.49996e-05 0.999996 0.0027075 0.004412 -0.00270763 0.999986 0.288723 0.0259699 -0.228257
FixedParameters: 0 0 0

#Transform 180
Transform: AffineTransform_float_3_3
Parameters: 0.999991 -4.05206e-05 -0.00425282 5.28401e-05 0.999996 0.00283259 0.00425262 -0.00283241 0.999986 0.283745 0.0146496 -0.310972
FixedParameters: 0 0 0

#Transform 181
Transform: AffineTransform_float_3_3
Parameters: 0.99999 -0.000362857 -0.00464367 0.000379395 0.999993 0.00357446 0.0046425 -0.00357593 0.999983 0.312108 -0.0554069 -0.214182
FixedParameters: 0 0 0

#Transform 182
Transform: AffineTransform_float_3_3
Parameters: 0.99999 -0.00081404 -0.00450428 0.000828701 0.999995 0.00316595 0.00450164 -0.00316964 0.999984 0.30245 -0.0222837 -0.31096
FixedParameters: 0 0 0

#Transform 183
Transform: AffineTransform_float_3_3
Parameters: 0.999988 -0.000968549 -0.0047679 0.000984675 0.999994 0.00333892 0.0047645 -0.00334383 0.999983 0.302426 -0.0428594 -0.183517
FixedParameters: 0 0 0

#Transform 184
Transform: AffineTransform_float_3_3
Parameters: 0.999987 -0.000794555 -0.00504318 0.000810924 0.999994 0.00327085 0.00504048 -0.00327477 0.999982 0.320067 -0.0304841 -0.226664
FixedParameters: 0 0 0

#Transform 185
Transform: AffineTransform_float_3_3
Parameters: 0.999984 -0.00100939 -0.00568453 0.0010231 0.999996 0.00242857 0.0056817 -0.00243413 0.99998 0.354322 0.0715539 -0.200697
FixedParameters: 0 0 0

#Transform 186
Transform: AffineTransform_float_3_3
Parameters: 0.999983 -0.000629097 -0.00578942 0.000645633 0.999996 0.00276056 0.00578764 -0.00276422 0.999979 0.37038 0.0617687 -0.0114212
FixedParameters: 0 0 0

#Transform 187
Transform: AffineTransform_float_3_3
Parameters: 0.999982 -0.00169715 -0.00584152 0.00170808 0.999996 0.0018505 0.00583809 -0.00186072 0.999981 0.378104 0.104924 -0.192515
FixedParameters: 0 0 0

#Transform 188
Transform: AffineTransform_float_3_3
Parameters: 0.999984 -0.00121919 -0.00550947 0.00123118 0.999997 0.00226728 0.00550658 -0.00227456 0.999982 0.373585 0.031084 -0.105866
FixedParameters: 0 0 0

#Transform 189
Transform: AffineTransform_float_3_3
