#Insight Transform File V1.0
#Transform 0
Transform: AffineTransform_float_3_3
Parameters: 1 -0.00014381 -0.000618816 0.000143268 1 -0.000438207 0.000618942 0.00043803 0.999999 -0.0373612 0.0273238 -0.0267769
FixedParameters: 0 0 0

#Transform 1
Transform: AffineTransform_float_3_3
Parameters: 1 -0.000185436 -0.0005947 0.000185272 0.999999 -0.00096078 0.000594796 0.000961271 1 -0.0420802 -0.00645835 -0.0437284
FixedParameters: 0 0 0

#Transform 2
Transform: AffineTransform_float_3_3
Parameters: 1 -0.000237301 -0.00057432 0.000236872 1 -0.000373785 0.000574497 0.000373513 1 -0.049058 -0.00410012 -0.0180376
FixedParameters: 0 0 0

#Transform 3
Transform: AffineTransform_float_3_3
Parameters: 1 -0.00023313 -0.000637079 0.000232235 0.999999 -0.000701703 0.000637405 0.000701407 0.999999 -0.0371275 0.0420318 -0.0664082
FixedParameters: 0 0 0

#Transform 4
Transform: AffineTransform_float_3_3
Parameters: 1 -0.000243276 -0.000571965 0.000242926 1 -0.000306096 0.000572114 0.000305818 1 -0.0464347 -0.0282565 0.02118
FixedParameters: 0 0 0

#Transform 5
Transform: AffineTransform_float_3_3
Parameters: 1 -0.000165898 -0.000609145 0.000165436 0.999999 -0.000311749 0.000609295 0.000310926 1 -0.0345928 0.0366826 -0.0477028
FixedParameters: 0 0 0

#Transform 6
Transform: AffineTransform_float_3_3
Parameters: 1 -0.000179264 -0.00048893 0.000178742 1 -0.000534301 0.000489121 0.000534126 0.999999 -0.0310979 -0.0298702 -0.0172948
FixedParameters: 0 0 0

#Transform 7
Transform: AffineTransform_float_3_3
Parameters: 1 -0.00014841 -0.000405682 0.000148048 1 -0.000446054 0.000405814 0.000445934 1 -0.0336177 0.021759 -0.0695876
FixedParameters: 0 0 0

#Transform 8
Transform: AffineTransform_float_3_3
Parameters: 1 -0.000280124 -0.000553107 0.000279623 1 -0.000452683 0.00055336 0.000452374 0.999999 -0.0289447 -0.0503196 0.0161957
FixedParameters: 0 0 0

#Transform 9
Transform: AffineTransform_float_3_3
Parameters: 1 -0.000159322 -0.000360644 0.000159223 1 -0.000136196 0.000360687 0.000136081 1 -0.0243464 0.0118959 -0.0459974
FixedParameters: 0 0 0

#Transform 10
Transform: AffineTransform_float_3_3
Parameters: 1 -0.000207818 -0.000529127 0.000207344 1 -0.000447056 0.000529313 0.000446836 1 -0.0265734 -0.0219146 -0.0191152
FixedParameters: 0 0 0

#Transform 11
Transform: AffineTransform_float_3_3
Parameters: 1 -0.000109817 -0.000325487 0.000109527 1 -0.000445411 0.000325585 0.00044534 1 -0.0313069 -0.0263752 -0.028353
FixedParameters: 0 0 0

#Transform 12
Transform: AffineTransform_float_3_3
Parameters: 1 -0.000225792 -0.000578859 0.000225209 1 -0.000504186 0.000579086 0.000503926 0.999999 -0.0359819 0.00948216 -0.0846233
FixedParameters: 0 0 0

#Transform 13
Transform: AffineTransform_float_3_3
Parameters: 1 -0.000172341 -0.00060575 0.000171916 1 -0.000350811 0.000605871 0.000350602 1 -0.0293211 -0.0632434 0.0222673
FixedParameters: 0 0 0

#Transform 14
Transform: AffineTransform_float_3_3
Parameters: 1 -0.00022465 -0.000579309 0.000224051 1 -0.000517127 0.000579541 0.000516867 0.999999 -0.0268757 -0.00114033 -0.0445395
FixedParameters: 0 0 0

#Transform 15
Transform: AffineTransform_float_3_3
Parameters: 1 -0.000117456 -0.000368578 0.000117035 1 -0.000570151 0.000368711 0.000570065 1 -0.0116416 -0.032634 -0.0126916
FixedParameters: 0 0 0

#Transform 16
Transform: AffineTransform_float_3_3
Parameters: 1 -9.03823e-05 -0.000247384 9.02473e-05 1 -0.000272625 0.000247433 0.000272581 1 -0.015232 -0.0269487 -0.0338138
FixedParameters: 0 0 0

#Transform 17
Transform: AffineTransform_float_3_3
Parameters: 1 -0.000265494 -0.000630743 0.000265034 1 -0.0003643 0.000630936 0.000363965 0.999999 -0.0168678 0.0100275 -0.0501125
FixedParameters: 0 0 0

#Transform 18
Transform: AffineTransform_float_3_3
Parameters: 1 -0.000185463 -0.000293572 0.000185373 1 -0.000152917 0.000293629 0.000152808 1 -0.0122128 -0.0340255 0.00442333
FixedParameters: 0 0 0

#Transform 19
Transform: AffineTransform_float_3_3
Parameters: 1 -0.000232469 -0.000576225 0.000231975 1 -0.000428534 0.000576424 0.000428267 0.999999 -0.0168391 0.014634 -0.0543093
FixedParameters: 0 0 0

#Transform 20
Transform: AffineTransform_float_3_3
Parameters: 1 -7.82526e-05 -0.000172838 7.82362e-05 1 -4.71256e-05 0.000172845 4.70986e-05 1 -0.00383516 -0.0145163 -0.00938909
FixedParameters: 0 0 0

#Transform 21
Transform: AffineTransform_float_3_3
Parameters: 1 -0.000114259 -0.000278708 0.000114154 1 -0.000189279 0.000278751 0.000189216 1 -0.00194578 0.00245211 -0.0771602
FixedParameters: 0 0 0

#Transform 22
Transform: AffineTransform_float_3_3
Parameters: 1 5.83099e-05 0.000131387 -5.83221e-05 1 4.67848e-05 -0.000131381 -4.68001e-05 1 0.000198293 -0.0228354 -0.0333258
FixedParameters: 0 0 0

#Transform 23
Transform: AffineTransform_float_3_3
Parameters: 1 -7.24751e-05 -0.000168682 7.24471e-05 1 -8.29196e-05 0.000168694 8.28952e-05 1 0.0127656 0.0245749 -0.0848275
FixedParameters: 0 0 0

#Transform 24
Transform: AffineTransform_float_3_3
Parameters: 1 -0.000130188 -0.000328174 0.000130014 1 -0.000264312 0.000328242 0.000264227 1 0.00804196 -0.0332391 -0.0230732
FixedParameters: 0 0 0

#Transform 25
Transform: AffineTransform_float_3_3
Parameters: 1 8.07541e-06 3.54072e-05 -8.08142e-06 1 8.4865e-05 -3.54058e-05 -8.48656e-05 1 0.0038404 0.0420055 -0.0739729
FixedParameters: 0 0 0

#Transform 26
Transform: AffineTransform_float_3_3
Parameters: 1 -8.89342e-05 -0.000253315 8.87753e-05 1 -0.000313474 0.000253371 0.00031343 1 0.000754875 -0.0255819 -0.0256506
FixedParameters: 0 0 0

#Transform 27
Transform: AffineTransform_float_3_3
Parameters: 1 -0.000176662 -0.000330242 0.000176772 1 0.000167575 0.000330183 -0.000167692 1 0.00769332 0.035726 -0.0573586
FixedParameters: 0 0 0

#Transform 28
Transform: AffineTransform_float_3_3
Parameters: 1 -0.000135102 -0.00037019 0.000134799 1 -0.000409943 0.000370301 0.000409843 1 0.00137886 -0.0105499 -0.0650709
FixedParameters: 0 0 0

#Transform 29
Transform: AffineTransform_float_3_3
Parameters: 1 -0.000295303 -0.0005515 0.000295615 1 0.000283199 0.000551332 -0.000283525 1 -0.00108858 -0.0159211 -0.0818522
FixedParameters: 0 0 0

#Transform 30
Transform: AffineTransform_float_3_3
Parameters: 1 -0.000286689 -0.000554883 0.000286895 1 0.000185646 0.000554777 -0.000185965 1 0.00964226 -0.0409998 -0.0713291
FixedParameters: 0 0 0

#Transform 31
Transform: AffineTransform_float_3_3
Parameters: 1 -0.000252242 -0.000157679 0.000252259 1 5.43895e-05 0.000157651 -5.44691e-05 1 0.00865191 -0.0271007 -0.0797505
FixedParameters: 0 0 0

#Transform 32
Transform: AffineTransform_float_3_3
Parameters: 1 -0.00044696 -0.000476662 0.00044699 1 3.20061e-05 0.000476633 -3.24323e-05 1 0.0134038 0.0281323 -0.142938
FixedParameters: 0 0 0

#Transform 33
Transform: AffineTransform_float_3_3
Parameters: 1 -0.000318352 -2.86163e-05 0.000318349 1 -4.03504e-05 2.86419e-05 4.03322e-05 1 0.0205604 -0.0273861 -0.0609333
FixedParameters: 0 0 0

#Transform 34
Transform: AffineTransform_float_3_3
Parameters: 1 -0.000239605 -0.000508029 0.000239557 1 -4.78281e-05 0.000508052 4.75847e-05 1 0.0150683 0.00641343 -0.109008
FixedParameters: 0 0 0

#Transform 35
Transform: AffineTransform_float_3_3
Parameters: 1 -0.000411865 -0.000122472 0.000411892 1 0.000111291 0.00012238 -0.000111392 1 0.0225278 -0.053529 -0.024312
FixedParameters: 0 0 0

#Transform 36
Transform: AffineTransform_float_3_3
Parameters: 1 -0.000383008 -0.000127549 0.000383122 1 0.000121874 0.000127409 -0.00012135 1 0.0312953 0.00995427 -0.116157
FixedParameters: 0 0 0

#Transform 37
Transform: AffineTransform_float_3_3
Parameters: 1 -0.000113581 -0.000250034 0.000113549 1 -6.46542e-05 0.000250048 6.45975e-05 1 0.0185692 -0.0195342 -0.0708708
FixedParameters: 0 0 0

#Transform 38
Transform: AffineTransform_float_3_3
Parameters: 1 -0.00030993 -1.81347e-05 0.000309128 1 0.000361732 1.82942e-05 -0.000361058 0.999999 0.0159517 0.000142563 -0.123265
FixedParameters: 0 0 0

#Transform 39
Transform: AffineTransform_float_3_3
Parameters: 1 -0.000220794 -0.000258017 0.000220808 1 2.7528e-05 0.000258005 -2.7642e-05 1 0.0191896 -0.03481 -0.0583517
FixedParameters: 0 0 0

#Transform 40
Transform: AffineTransform_float_3_3
Parameters: 1 -0.000186453 -0.000232117 0.000186782 0.999999 0.000708742 0.000231852 -0.000708829 0.999999 0.0239293 0.0139272 -0.101914
FixedParameters: 0 0 0

#Transform 41
Transform: AffineTransform_float_3_3
Parameters: 1 -0.000283383 -0.000117046 0.000283424 1 0.000175774 0.000116947 -0.00017584 1 0.0326816 0.0203649 -0.0885409
FixedParameters: 0 0 0

#Transform 42
Transform: AffineTransform_float_3_3
Parameters: 1 -0.000386236 0.000355268 0.00038597 1 0.000956522 -0.000355116 -0.000957099 0.999999 0.0391262 0.00687001 -0.122472
FixedParameters: 0 0 0

#Transform 43
Transform: AffineTransform_float_3_3
Parameters: 1 -5.20803e-05 -5.65447e-05 5.21212e-05 1 0.000361997 5.65069e-05 -0.000362004 1 0.0387508 -0.0263629 -0.0880282
FixedParameters: 0 0 0

#Transform 44
Transform: AffineTransform_float_3_3
Parameters: 1 -6.46514e-05 5.65938e-05 6.45385e-05 0.999999 0.000995825 -5.67224e-05 -0.000995818 0.999999 0.0374893 -0.0259845 -0.106112
FixedParameters: 0 0 0

#Transform 45
Transform: AffineTransform_float_3_3
Parameters: 1 -0.000414434 0.000109319 0.000413476 1 0.000273901 -0.000109115 -0.000273746 1 0.0409288 -0.0165858 -0.0842978
FixedParameters: 0 0 0

#Transform 46
Transform: AffineTransform_float_3_3
Parameters: 1 -0.000399408 0.000131316 0.000398272 0.999999 0.000907337 -0.00013161 -0.000907168 0.999999 0.040984 -0.0138666 -0.0831882
FixedParameters: 0 0 0

#Transform 47
Transform: AffineTransform_float_3_3
Parameters: 1 -0.000514871 -0.000118949 0.00051462 1 0.000576988 0.000119623 -0.000576495 0.999999 0.0384109 0.0066914 -0.110881
FixedParameters: 0 0 0

#Transform 48
Transform: AffineTransform_float_3_3
Parameters: 1 -0.00043632 2.07678e-05 0.000436289 0.999999 0.000721955 -2.13979e-05 -0.000721937 0.999999 0.0362905 -0.0240483 -0.095461
FixedParameters: 0 0 0

#Transform 49
Transform: AffineTransform_float_3_3
Parameters: 1 -0.000412299 -0.000166836 0.000412518 1 0.000410932 0.00016645 -0.000410448 0.999999 0.0374721 -0.00154828 -0.113789
FixedParameters: 0 0 0

#Transform 50
Transform: AffineTransform_float_3_3
Parameters: 1 -0.000502281 0.0002037 0.000502337 1 0.00108144 -0.000203726 -0.00108131 1 0.0440155 -0.00537305 -0.0567354
FixedParameters: 0 0 0

#Transform 51
Transform: AffineTransform_float_3_3
Parameters: 1 -0.000469914 6.22395e-05 0.000469838 0.999999 0.000606037 -6.28091e-05 -0.000605979 1 0.039211 -0.0263818 -0.096455
FixedParameters: 0 0 0

#Transform 52
Transform: AffineTransform_float_3_3
Parameters: 1 -0.000478322 0.00013089 0.000478529 0.999999 0.000839958 -0.000130809 -0.000839903 0.999999 0.0494973 -0.0159934 -0.0771485
FixedParameters: 0 0 0

#Transform 53
Transform: AffineTransform_float_3_3
Parameters: 1 -0.0005645 -9.55234e-05 0.000564149 0.999999 0.000625202 9.61327e-05 -0.000625316 0.999999 0.0491493 -0.00366191 -0.118805
FixedParameters: 0 0 0

#Transform 54
Transform: AffineTransform_float_3_3
Parameters: 1 -0.000563174 -9.60367e-05 0.000562821 0.999999 0.00061027 9.66645e-05 -0.000610384 1 0.0407318 -0.0626434 -0.0595338
FixedParameters: 0 0 0

#Transform 55
Transform: AffineTransform_float_3_3
Parameters: 1 -0.000558844 -9.77139e-05 0.000558483 0.999999 0.000561491 9.84015e-05 -0.000561606 1 0.0531444 -0.0042248 -0.124031
FixedParameters: 0 0 0

#Transform 56
Transform: AffineTransform_float_3_3
Parameters: 1 -0.000556494 0.000133341 0.00055639 1 0.000387964 -0.000133773 -0.000387816 1 0.0566245 -0.0872001 -0.0644016
FixedParameters: 0 0 0

#Transform 57
Transform: AffineTransform_float_3_3
Parameters: 1 -0.000488973 0.000100804 0.000489237 0.999999 0.000803886 -0.000100706 -0.000803857 0.999999 0.0557922 0.00385921 -0.105599
FixedParameters: 0 0 0

#Transform 58
Transform: AffineTransform_float_3_3
Parameters: 1 -0.00059848 0.000204586 0.000598324 0.999999 0.00038179 -0.000205043 -0.000381546 1 0.0513724 -0.043821 -0.0848853
FixedParameters: 0 0 0

#Transform 59
Transform: AffineTransform_float_3_3
Parameters: 1 -0.000397403 0.000278092 0.000397416 0.999999 0.000743611 -0.000277799 -0.00074346 0.999999 0.0444849 -0.0219377 -0.0876107
FixedParameters: 0 0 0

#Transform 60
Transform: AffineTransform_float_3_3
Parameters: 1 -0.00056609 -9.49075e-05 0.000565742 0.999999 0.000643121 9.54945e-05 -0.000643234 0.999999 0.0488562 -0.0594985 -0.0883143
FixedParameters: 0 0 0

#Transform 61
Transform: AffineTransform_float_3_3
Parameters: 1 -0.000583936 0.00036965 0.000583359 1 0.000762767 -0.000370534 -0.000763116 0.999999 0.0425408 0.00710713 -0.0908939
FixedParameters: 0 0 0

#Transform 62
Transform: AffineTransform_float_3_3
Parameters: 1 -0.000452234 0.000144317 0.000452044 0.999999 0.000653999 -0.000144908 -0.000653869 1 0.0475912 -0.0029904 -0.0927087
FixedParameters: 0 0 0

#Transform 63
Transform: AffineTransform_float_3_3
Parameters: 1 -0.000620412 0.000320033 0.000619868 1 0.000829551 -0.000321057 -0.000829935 0.999999 0.0580857 -0.0354658 -0.0776445
FixedParameters: 0 0 0

#Transform 64
Transform: AffineTransform_float_3_3
Parameters: 1 -0.000707749 0.000268247 0.000707692 0.999999 0.00103087 -0.000268645 -0.00103057 1 0.0545629 -0.016262 -0.123401
FixedParameters: 0 0 0

#Transform 65
Transform: AffineTransform_float_3_3
Parameters: 1 -0.000668968 0.000187041 0.000669221 0.999999 0.000685307 -0.000187121 -0.000684506 0.999999 0.0566756 -0.0632394 -0.0778039
FixedParameters: 0 0 0

#Transform 66
Transform: AffineTransform_float_3_3
Parameters: 1 -0.00042527 0.000283633 0.00042518 1 0.00103227 -0.000283451 -0.00103211 1 0.0547877 0.00158098 -0.123568
FixedParameters: 0 0 0

#Transform 67
Transform: AffineTransform_float_3_3
Parameters: 1 -0.000612736 0.000133369 0.00061293 1 0.000825547 -0.000133491 -0.000826234 0.999999 0.0569039 -0.0220811 -0.0864678
FixedParameters: 0 0 0

#Transform 68
Transform: AffineTransform_float_3_3
Parameters: 1 -0.00047658 0.000239333 0.000476446 0.999999 0.00131655 -0.000239527 -0.0013164 0.999999 0.0568944 0.0117779 -0.101464
FixedParameters: 0 0 0

#Transform 69
Transform: AffineTransform_float_3_3
Parameters: 1 -0.000517001 2.40036e-05 0.000516966 0.999999 0.000719698 -2.47478e-05 -0.000719673 0.999999 0.055114 -0.0205456 -0.100442
FixedParameters: 0 0 0

#Transform 70
Transform: AffineTransform_float_3_3
Parameters: 1 -0.000429901 0.000279021 0.000429381 1 0.00105516 -0.000279752 -0.00105493 1 0.0545758 -0.0262761 -0.114813
FixedParameters: 0 0 0

#Transform 71
Transform: AffineTransform_float_3_3
Parameters: 1 -0.000592741 0.000184525 0.000592472 1 0.00113419 -0.00018574 -0.00113336 0.999999 0.0776123 -0.00185321 -0.133193
FixedParameters: 0 0 0

#Transform 72
Transform: AffineTransform_float_3_3
Parameters: 0.999999 -0.000778404 0.000421681 0.000777793 0.999999 0.0013107 -0.00042266 -0.00131012 0.999999 0.0687522 -0.0404879 -0.08856
FixedParameters: 0 0 0

#Transform 73
Transform: AffineTransform_float_3_3
Parameters: 1 -0.000670824 0.000237846 0.000669525 1 0.000816931 -0.000238505 -0.000817329 0.999999 0.080127 0.00580676 -0.113778
FixedParameters: 0 0 0

#Transform 74
Transform: AffineTransform_float_3_3
Parameters: 0.999999 -0.000799485 0.000443669 0.000798974 0.999999 0.00159898 -0.000444274 -0.0015992 0.999998 0.0701735 -0.0153194 -0.0997569
FixedParameters: 0 0 0

#Transform 75
Transform: AffineTransform_float_3_3
Parameters: 1 -0.000470135 0.000469788 0.000469772 1 0.000826611 -0.000469675 -0.00082702 0.999999 0.0778349 -0.0344942 -0.131518
FixedParameters: 0 0 0

#Transform 76
Transform: AffineTransform_float_3_3
Parameters: 0.999999 -0.000811788 0.000386229 0.00081133 0.999999 0.00123361 -0.000387171 -0.00123306 0.999999 0.0645521 -0.0396261 -0.0230848
FixedParameters: 0 0 0

#Transform 77
Transform: AffineTransform_float_3_3
Parameters: 0.999999 -0.000866118 0.000326594 0.000865785 0.999999 0.00126599 -0.000327726 -0.0012655 0.999999 0.0824948 0.0260996 0.0181025
FixedParameters: 0 0 0

#Transform 78
Transform: AffineTransform_float_3_3
Parameters: 0.999999 -0.000854485 0.000129115 0.000854766 0.999999 0.00114497 -0.000130058 -0.0011442 0.999999 0.0897599 -0.0551217 0.0217632
FixedParameters: 0 0 0

#Transform 79
Transform: AffineTransform_float_3_3
Parameters: 0.999999 -0.00113261 -5.51546e-05 0.00113235 0.999998 0.00144281 5.33826e-05 -0.00144372 0.999999 0.0880067 0.0182419 -0.020309
FixedParameters: 0 0 0

#Transform 80
Transform: AffineTransform_float_3_3
Parameters: 0.999999 -0.00095889 -0.000135389 0.00095844 0.999999 0.00109959 0.00013384 -0.00109917 0.999999 0.100418 -0.0353802 -0.0445365
FixedParameters: 0 0 0

#Transform 81
Transform: AffineTransform_float_3_3
Parameters: 0.999999 -0.00103834 0.000232099 0.00103847 0.999997 0.00185662 -0.000233834 -0.00185628 0.999998 0.103383 -0.0335032 -0.0210284
FixedParameters: 0 0 0

#Transform 82
Transform: AffineTransform_float_3_3
Parameters: 0.999999 -0.00111401 6.25638e-05 0.00111396 0.999998 0.00180428 -6.40788e-05 -0.0018036 0.999998 0.0966006 0.0256977 -0.0517656
FixedParameters: 0 0 0

#Transform 83
Transform: AffineTransform_float_3_3
Parameters: 0.999999 -0.000965674 0.00042972 0.000965279 0.999999 0.00151644 -0.000430698 -0.00151654 0.999999 0.102566 -0.0225089 -0.0253944
FixedParameters: 0 0 0

#Transform 84
Transform: AffineTransform_float_3_3
Parameters: 1 -0.000978551 0.000633331 0.000977093 0.999997 0.00187747 -0.000635057 -0.00187638 0.999998 0.0964495 0.0152928 -0.0119837
FixedParameters: 0 0 0

#Transform 85
Transform: AffineTransform_float_3_3
Parameters: 0.999999 -0.000912326 0.000389875 0.000911745 0.999998 0.00137929 -0.00039133 -0.00137865 0.999999 0.0974658 -0.00420399 -0.027298
FixedParameters: 0 0 0

#Transform 86
Transform: AffineTransform_float_3_3
Parameters: 0.999999 -0.00102712 0.000270469 0.00102706 0.999997 0.00192462 -0.000272302 -0.00192422 0.999998 0.0955507 0.00634612 -0.0299131
FixedParameters: 0 0 0

#Transform 87
Transform: AffineTransform_float_3_3
Parameters: 0.999999 -0.000990071 0.000184891 0.000990127 0.999999 0.00118347 -0.000186174 -0.00118318 0.999999 0.105421 -0.0105625 -0.0591968
FixedParameters: 0 0 0

#Transform 88
Transform: AffineTransform_float_3_3
Parameters: 0.999999 -0.00102217 0.00082602 0.00101997 0.999998 0.00187777 -0.000827903 -0.001877 0.999998 0.0925408 0.00996134 0.00587852
FixedParameters: 0 0 0

#Transform 89
Transform: AffineTransform_float_3_3
Parameters: 0.999999 -0.001162 0.000757338 0.00116019 0.999998 0.00179342 -0.000759551 -0.00179259 0.999998 0.105511 0.0297458 -0.0645
FixedParameters: 0 0 0

#Transform 90
Transform: AffineTransform_float_3_3
Parameters: 0.999999 -0.00109512 0.000754706 0.00109375 0.999997 0.00209668 -0.000757774 -0.00209602 0.999997 0.115562 -0.035685 0.0340291
FixedParameters: 0 0 0

#Transform 91
Transform: AffineTransform_float_3_3
Parameters: 0.999999 -0.000845776 0.000526617 0.000844827 0.999998 0.00137048 -0.000527873 -0.00136967 0.999999 0.100943 0.0165508 -0.0655784
FixedParameters: 0 0 0

#Transform 92
Transform: AffineTransform_float_3_3
Parameters: 1 -0.000974371 0.000752862 0.00097258 0.999998 0.00180046 -0.000754421 -0.00179914 0.999998 0.0929916 0.0126192 -0.00300467
FixedParameters: 0 0 0

#Transform 93
Transform: AffineTransform_float_3_3
Parameters: 0.999999 -0.0010468 0.000719994 0.00104492 0.999998 0.00153485 -0.000722267 -0.00153481 0.999999 0.0933368 0.021081 -0.0456987
FixedParameters: 0 0 0

#Transform 94
Transform: AffineTransform_float_3_3
Parameters: 0.999999 -0.00118422 0.000911871 0.00118292 0.999998 0.00193482 -0.000914045 -0.00193372 0.999997 0.0961887 0.0172641 -0.042888
FixedParameters: 0 0 0

#Transform 95
Transform: AffineTransform_float_3_3
Parameters: 0.999999 -0.00117923 0.000754565 0.0011783 0.999999 0.00117519 -0.00075556 -0.00117433 0.999999 0.105744 0.0293494 -0.0738682
FixedParameters: 0 0 0

#Transform 96
Transform: AffineTransform_float_3_3
Parameters: 0.999999 -0.0011113 0.00079259 0.0011102 0.999998 0.00183178 -0.000795139 -0.00183101 0.999998 0.0973102 0.00670451 -0.0160898
FixedParameters: 0 0 0

#Transform 97
Transform: AffineTransform_float_3_3
Parameters: 0.999999 -0.00116642 0.000826381 0.0011649 0.999998 0.00137903 -0.000827774 -0.00137864 0.999999 0.107879 0.00901665 -0.0769221
FixedParameters: 0 0 0

#Transform 98
Transform: AffineTransform_float_3_3
Parameters: 0.999999 -0.00102684 0.000912382 0.00102556 0.999998 0.00164991 -0.000914206 -0.00164887 0.999999 0.0870337 0.0136007 -0.0113935
FixedParameters: 0 0 0

#Transform 99
Transform: AffineTransform_float_3_3
Parameters: 0.999999 -0.00106661 0.000979465 0.00106495 0.999997 0.00172954 -0.000981589 -0.00172828 0.999998 0.0903997 0.0199028 -0.0506287
FixedParameters: 0 0 0

#Transform 100
Transform: AffineTransform_float_3_3
Parameters: 0.999999 -0.00108864 0.000974871 0.00108773 0.999998 0.00131749 -0.000976347 -0.00131698 0.999999 0.092352 0.000558022 0.000235006
FixedParameters: 0 0 0

#Transform 101
Transform: AffineTransform_float_3_3
Parameters: 0.999999 -0.0011321 0.00100298 0.00113018 0.999998 0.00185501 -0.00100565 -0.00185373 0.999998 0.11158 0.0404029 -0.0542235
FixedParameters: 0 0 0

#Transform 102
Transform: AffineTransform_float_3_3
Parameters: 0.999999 -0.00111825 0.00107873 0.00111611 0.999997 0.002067 -0.00108077 -0.00206487 0.999997 0.116409 -0.0146141 0.0173823
FixedParameters: 0 0 0

#Transform 103
Transform: AffineTransform_float_3_3
Parameters: 0.999999 -0.00128007 0.000763842 0.00127817 0.999997 0.00217091 -0.000766388 -0.00216917 0.999997 0.113408 0.0596407 -0.0307841
FixedParameters: 0 0 0

#Transform 104
Transform: AffineTransform_float_3_3
Parameters: 0.999999 -0.00114924 0.000971109 0.00114741 0.999998 0.00187266 -0.000973889 -0.00187141 0.999998 0.115532 0.0212043 -0.00155754
FixedParameters: 0 0 0

#Transform 105
Transform: AffineTransform_float_3_3
Parameters: 0.999999 -0.00144764 0.00129584 0.00144543 0.999996 0.00219326 -0.00129928 -0.00219132 0.999997 0.123581 0.0530166 -0.0573958
FixedParameters: 0 0 0

#Transform 106
Transform: AffineTransform_float_3_3
Parameters: 0.999998 -0.00142778 0.00112361 0.00142551 0.999997 0.00218374 -0.00112633 -0.00218229 0.999997 0.117373 -0.00942772 0.000877088
FixedParameters: 0 0 0

#Transform 107
Transform: AffineTransform_float_3_3
Parameters: 0.999999 -0.00149016 0.00124022 0.00148752 0.999996 0.00248975 -0.00124455 -0.00248787 0.999997 0.119357 0.0313598 -0.00813915
FixedParameters: 0 0 0

#Transform 108
Transform: AffineTransform_float_3_3
Parameters: 0.999998 -0.00147266 0.00119552 0.00146995 0.999996 0.00223868 -0.00119859 -0.00223692 0.999997 0.122337 -0.00267996 -0.0027975
FixedParameters: 0 0 0

#Transform 109
Transform: AffineTransform_float_3_3
Parameters: 0.999998 -0.00145184 0.00110695 0.0014483 0.999997 0.00223133 -0.00111041 -0.00222912 0.999997 0.12401 0.040478 -0.0500872
FixedParameters: 0 0 0

#Transform 110
Transform: AffineTransform_float_3_3
Parameters: 0.999998 -0.00158721 0.00120283 0.00158551 0.999997 0.00174519 -0.0012052 -0.00174311 0.999998 0.13387 -0.0126664 -0.000975862
FixedParameters: 0 0 0

#Transform 111
Transform: AffineTransform_float_3_3
Parameters: 0.999998 -0.00154273 0.00133318 0.00153982 0.999995 0.00257544 -0.00133715 -0.00257322 0.999996 0.132279 0.0235456 -0.0342109
FixedParameters: 0 0 0

#Transform 112
Transform: AffineTransform_float_3_3
Parameters: 0.999998 -0.0015397 0.00119651 0.00153747 0.999997 0.00200333 -0.00119933 -0.00200218 0.999997 0.133949 0.0385618 -0.0154074
FixedParameters: 0 0 0

#Transform 113
Transform: AffineTransform_float_3_3
Parameters: 0.999998 -0.00157767 0.00134691 0.00157402 0.999996 0.00230543 -0.00135083 -0.00230371 0.999996 0.129868 0.0589485 -0.0406188
FixedParameters: 0 0 0

#Transform 114
Transform: AffineTransform_float_3_3
Parameters: 0.999998 -0.00144322 0.00153495 0.00144082 0.999997 0.00188791 -0.00153765 -0.00188607 0.999997 0.136982 -0.0102131 0.0191882
FixedParameters: 0 0 0

#Transform 115
Transform: AffineTransform_float_3_3
Parameters: 0.999998 -0.00160977 0.00151837 0.0016059 0.999995 0.00255156 -0.00152256 -0.00254919 0.999996 0.133408 0.0222744 -0.0322594
FixedParameters: 0 0 0

#Transform 116
Transform: AffineTransform_float_3_3
Parameters: 0.999998 -0.00135797 0.00168497 0.00135544 0.999997 0.00176313 -0.00168702 -0.00176037 0.999996 0.154995 -0.0376905 -0.00993133
FixedParameters: 0 0 0

#Transform 117
Transform: AffineTransform_float_3_3
Parameters: 0.999998 -0.00148429 0.00159909 0.00147998 0.999995 0.00256185 -0.00160266 -0.00255962 0.999996 0.148218 0.0196474 -0.0331153
FixedParameters: 0 0 0

#Transform 118
Transform: AffineTransform_float_3_3
Parameters: 0.999998 -0.00147396 0.00154532 0.00147055 0.999996 0.00222382 -0.00154896 -0.00222108 0.999996 0.149953 0.0105686 -0.0301366
FixedParameters: 0 0 0

#Transform 119
Transform: AffineTransform_float_3_3
Parameters: 0.999998 -0.00152925 0.00156373 0.00152436 0.999995 0.00282533 -0.00156816 -0.00282307 0.999995 0.164024 -0.00470256 -0.0184859
FixedParameters: 0 0 0

#Transform 120
Transform: AffineTransform_float_3_3
Parameters: 0.999998 -0.00143646 0.0016302 0.00143251 0.999996 0.00225259 -0.0016337 -0.00225035 0.999996 0.164028 -0.0285867 -0.0129878
FixedParameters: 0 0 0

#Transform 121
Transform: AffineTransform_float_3_3
Parameters: 0.999997 -0.00166707 0.00165608 0.00166171 0.999994 0.00293438 -0.00166077 -0.00293223 0.999994 0.161684 0.0391935 -0.0129405
FixedParameters: 0 0 0

#Transform 122
Transform: AffineTransform_float_3_3
Parameters: 0.999997 -0.00165663 0.00153681 0.00165335 0.999996 0.00216375 -0.00154101 -0.00216187 0.999997 0.152873 0.00189457 -0.00443057
FixedParameters: 0 0 0

#Transform 123
Transform: AffineTransform_float_3_3
Parameters: 0.999997 -0.00173956 0.00160958 0.00173571 0.999995 0.00240258 -0.00161391 -0.0023995 0.999996 0.159212 -0.00128797 0.0166038
FixedParameters: 0 0 0

#Transform 124
Transform: AffineTransform_float_3_3
Parameters: 0.999997 -0.00196897 0.00133239 0.00196557 0.999995 0.00239076 -0.00133756 -0.00238889 0.999996 0.165493 -0.00842353 0.00133352
FixedParameters: 0 0 0

#Transform 125
Transform: AffineTransform_float_3_3
Parameters: 0.999997 -0.00174468 0.00173049 0.00174011 0.999994 0.0029622 -0.00173527 -0.00295967 0.999994 0.162552 0.00256614 0.0201034
FixedParameters: 0 0 0

#Transform 126
Transform: AffineTransform_float_3_3
Parameters: 0.999998 -0.0014721 0.00158292 0.00146855 0.999996 0.0023754 -0.00158594 -0.00237263 0.999996 0.151834 0.0130143 -0.0175676
FixedParameters: 0 0 0

#Transform 127
Transform: AffineTransform_float_3_3
Parameters: 0.999996 -0.00173993 0.0017599 0.00173571 0.999995 0.00267335 -0.00176472 -0.00267066 0.999995 0.148521 0.00578819 0.00189455
FixedParameters: 0 0 0

#Transform 128
Transform: AffineTransform_float_3_3
Parameters: 0.999998 -0.00171992 0.00166998 0.00171588 0.999997 0.00206042 -0.00167296 -0.0020579 0.999997 0.145791 0.0123345 -0.0186545
FixedParameters: 0 0 0

#Transform 129
Transform: AffineTransform_float_3_3
Parameters: 0.999997 -0.00163131 0.00175142 0.00162613 0.999994 0.00300598 -0.00175639 -0.00300293 0.999994 0.148038 0.0219756 0.0149599
FixedParameters: 0 0 0

#Transform 130
Transform: AffineTransform_float_3_3
Parameters: 0.999997 -0.00176808 0.00171847 0.00176407 0.999996 0.00239608 -0.0017222 -0.00239336 0.999996 0.150665 0.0443502 -0.0437224
FixedParameters: 0 0 0

#Transform 131
Transform: AffineTransform_float_3_3
Parameters: 0.999997 -0.00183634 0.00141183 0.00183283 0.999994 0.00296859 -0.0014168 -0.00296622 0.999994 0.148118 -0.0104327 0.00867962
FixedParameters: 0 0 0

#Transform 132
Transform: AffineTransform_float_3_3
Parameters: 0.999997 -0.00167845 0.00155157 0.00167363 0.999994 0.00295894 -0.0015564 -0.0029571 0.999995 0.137879 0.0329807 -0.0497064
FixedParameters: 0 0 0

#Transform 133
Transform: AffineTransform_float_3_3
Parameters: 0.999998 -0.00151498 0.00154036 0.0015109 0.999995 0.00258624 -0.00154417 -0.00258409 0.999996 0.137562 -0.0287028 -0.00203528
FixedParameters: 0 0 0

#Transform 134
Transform: AffineTransform_float_3_3
Parameters: 0.999998 -0.00151443 0.00162721 0.00150967 0.999995 0.00297153 -0.00163248 -0.00296935 0.999994 0.14071 0.0370597 -0.0382449
FixedParameters: 0 0 0

#Transform 135
Transform: AffineTransform_float_3_3
Parameters: 0.999998 -0.00155799 0.00145008 0.00155445 0.999995 0.00258529 -0.00145416 -0.00258266 0.999995 0.143787 -0.029812 -0.0213201
FixedParameters: 0 0 0

#Transform 136
Transform: AffineTransform_float_3_3
Parameters: 0.999998 -0.00172492 0.00120917 0.00172103 0.999994 0.00307255 -0.0012143 -0.00307106 0.999994 0.141972 -0.00678123 -0.00914875
FixedParameters: 0 0 0

#Transform 137
Transform: AffineTransform_float_3_3
Parameters: 0.999998 -0.00152677 0.00162866 0.00152203 0.999994 0.00309352 -0.00163327 -0.00309121 0.999994 0.147624 -0.0096718 -0.00996137
FixedParameters: 0 0 0

#Transform 138
Transform: AffineTransform_float_3_3
Parameters: 0.999997 -0.00167752 0.00172515 0.00167269 0.999994 0.0030711 -0.00172973 -0.00306804 0.999994 0.140422 -0.0179075 -0.00530327
FixedParameters: 0 0 0

#Transform 139
Transform: AffineTransform_float_3_3
Parameters: 0.999998 -0.00152473 0.00159918 0.00151934 0.999995 0.00294251 -0.00160399 -0.00294031 0.999994 0.139031 0.0403977 -0.037558
FixedParameters: 0 0 0

#Transform 140
Transform: AffineTransform_float_3_3
Parameters: 0.999998 -0.00152623 0.00141011 0.00152179 0.999994 0.00297536 -0.00141498 -0.00297358 0.999995 0.141369 -0.0298085 0.0253162
FixedParameters: 0 0 0

#Transform 141
Transform: AffineTransform_float_3_3
Parameters: 0.999997 -0.00170294 0.00156186 0.00169865 0.999993 0.00321453 -0.00156708 -0.00321272 0.999994 0.138711 0.0642181 -0.0565754
FixedParameters: 0 0 0

#Transform 142
Transform: AffineTransform_float_3_3
Parameters: 0.999998 -0.00171423 0.00120526 0.00171067 0.999994 0.00295446 -0.00120992 -0.00295223 0.999995 0.139694 -0.000667592 -0.0250384
FixedParameters: 0 0 0

#Transform 143
Transform: AffineTransform_float_3_3
Parameters: 0.999997 -0.00153521 0.00169121 0.00152936 0.999993 0.00345334 -0.00169591 -0.00345088 0.999993 0.142732 0.0327351 -0.038994
FixedParameters: 0 0 0

#Transform 144
Transform: AffineTransform_float_3_3
Parameters: 0.999998 -0.00172357 0.00120868 0.00171972 0.999994 0.00305762 -0.00121374 -0.00305613 0.999994 0.134681 0.0243085 -0.0362712
FixedParameters: 0 0 0

#Transform 145
Transform: AffineTransform_float_3_3
Parameters: 0.999998 -0.00175307 0.00121957 0.00174842 0.999993 0.00338518 -0.00122578 -0.00338359 0.999993 0.132679 -0.00126685 0.0183909
FixedParameters: 0 0 0

#Transform 146
Transform: AffineTransform_float_3_3
Parameters: 0.999998 -0.00170902 0.00120336 0.00170518 0.999994 0.00289676 -0.00120868 -0.00289447 0.999995 0.127227 0.0369789 -0.0324078
FixedParameters: 0 0 0

#Transform 147
Transform: AffineTransform_float_3_3
Parameters: 0.999997 -0.00157835 0.00178681 0.00157205 0.999994 0.00325216 -0.00179223 -0.00324996 0.999993 0.141236 0.0489257 -0.026266
FixedParameters: 0 0 0

#Transform 148
Transform: AffineTransform_float_3_3
Parameters: 0.999997 -0.00180118 0.00146492 0.00179585 0.999992 0.00352647 -0.00147133 -0.00352403 0.999993 0.141012 0.0270822 -0.0606243
FixedParameters: 0 0 0

#Transform 149
Transform: AffineTransform_float_3_3
Parameters: 0.999998 -0.00175878 0.00122174 0.00175412 0.999993 0.0034501 -0.0012281 -0.00344709 0.999993 0.14527 -0.0352205 -0.0175009
FixedParameters: 0 0 0

#Transform 150
Transform: AffineTransform_float_3_3
Parameters: 0.999998 -0.00169766 0.00139347 0.00169259 0.999992 0.00364577 -0.00139939 -0.0036431 0.999993 0.144909 0.0248102 -0.0451602
FixedParameters: 0 0 0

#Transform 151
Transform: AffineTransform_float_3_3
Parameters: 0.999998 -0.00156223 0.00160984 0.00155679 0.999993 0.00334181 -0.00161543 -0.00334022 0.999993 0.14288 0.00163676 -0.00908493
FixedParameters: 0 0 0

#Transform 152
Transform: AffineTransform_float_3_3
Parameters: 0.999998 -0.00164841 0.00154399 0.00164247 0.999991 0.00385762 -0.00155067 -0.00385543 0.999991 0.130923 0.0394422 -0.0349564
FixedParameters: 0 0 0

#Transform 153
Transform: AffineTransform_float_3_3
Parameters: 0.999998 -0.00159406 0.00154303 0.0015895 0.999993 0.00334121 -0.00154795 -0.0033398 0.999993 0.14206 0.00203178 0.00978596
FixedParameters: 0 0 0

#Transform 154
Transform: AffineTransform_float_3_3
Parameters: 0.999998 -0.00167659 0.00150033 0.00167085 0.999991 0.00392731 -0.00150728 -0.00392441 0.999991 0.146161 0.0342191 -0.025378
FixedParameters: 0 0 0

#Transform 155
Transform: AffineTransform_float_3_3
Parameters: 0.999998 -0.00174885 0.00121803 0.00174432 0.999993 0.00333839 -0.00122405 -0.00333681 0.999994 0.153496 0.0290933 0.012894
FixedParameters: 0 0 0

#Transform 156
Transform: AffineTransform_float_3_3
Parameters: 0.999996 -0.00218206 0.00141174 0.00217567 0.999987 0.00460282 -0.00142199 -0.00459972 0.999989 0.158247 0.046048 0.00908672
FixedParameters: 0 0 0

#Transform 157
Transform: AffineTransform_float_3_3
Parameters: 0.999997 -0.00202941 0.00134573 0.00202443 0.999991 0.00394716 -0.00135426 -0.00394398 0.999991 0.167828 -0.0118571 0.032133
FixedParameters: 0 0 0

#Transform 158
Transform: AffineTransform_float_3_3
Parameters: 0.999996 -0.00199906 0.00156673 0.00199218 0.999988 0.00443293 -0.00157611 -0.00442972 0.999989 0.163729 0.0442706 0.0305777
FixedParameters: 0 0 0

#Transform 159
Transform: AffineTransform_float_3_3
Parameters: 0.999997 -0.00217845 0.00147414 0.00217299 0.99999 0.00383024 -0.00148276 -0.00382756 0.999991 0.168053 -0.0144404 0.0244134
FixedParameters: 0 0 0

#Transform 160
Transform: AffineTransform_float_3_3
Parameters: 0.999997 -0.0021125 0.00143289 0.0021059 0.999987 0.00460823 -0.00144252 -0.00460523 0.999989 0.171404 0.0174927 0.0568149
FixedParameters: 0 0 0

#Transform 161
Transform: AffineTransform_float_3_3
Parameters: 0.999997 -0.00219275 0.0014949 0.00218689 0.999989 0.00410092 -0.00150357 -0.0040974 0.999991 0.163086 0.0233179 0.00111348
FixedParameters: 0 0 0

#Transform 162
Transform: AffineTransform_float_3_3
Parameters: 0.999996 -0.00212086 0.00157086 0.00211399 0.999986 0.00470838 -0.00158054 -0.00470491 0.999987 0.164855 0.0202761 0.0351903
FixedParameters: 0 0 0

#Transform 163
Transform: AffineTransform_float_3_3
Parameters: 0.999997 -0.00213368 0.00155985 0.00212753 0.999989 0.00430744 -0.00156935 -0.00430467 0.999989 0.172626 0.0250621 0.0187212
FixedParameters: 0 0 0

#Transform 164
Transform: AffineTransform_float_3_3
Parameters: 0.999996 -0.00239106 0.0015603 0.00238363 0.999986 0.00474402 -0.00157154 -0.00474053 0.999987 0.175274 0.0177855 0.048348
FixedParameters: 0 0 0

#Transform 165
Transform: AffineTransform_float_3_3
Parameters: 0.999997 -0.00227422 0.00140748 0.00226877 0.999988 0.00441483 -0.00141724 -0.00441093 0.999989 0.182132 0.0144783 -0.00642423
FixedParameters: 0 0 0

#Transform 166
Transform: AffineTransform_float_3_3
Parameters: 0.999997 -0.00226891 0.00152939 0.00226222 0.999986 0.00491133 -0.00154049 -0.00490844 0.999987 0.177637 -0.0128862 0.06761
FixedParameters: 0 0 0

#Transform 167
Transform: AffineTransform_float_3_3
Parameters: 0.999997 -0.00232859 0.00150642 0.00232171 0.999986 0.00473113 -0.00151701 -0.00472808 0.999987 0.186752 0.0582403 0.0236007
FixedParameters: 0 0 0

#Transform 168
Transform: AffineTransform_float_3_3
Parameters: 0.999995 -0.00244819 0.00173029 0.00243943 0.999986 0.00463932 -0.0017415 -0.00463544 0.999988 0.186076 0.0211363 0.0793609
FixedParameters: 0 0 0

#Transform 169
Transform: AffineTransform_float_3_3
Parameters: 0.999995 -0.00258979 0.00180887 0.00258116 0.999985 0.00492247 -0.00182139 -0.00491728 0.999986 0.189145 0.0666483 0.00103847
FixedParameters: 0 0 0

#Transform 170
Transform: AffineTransform_float_3_3
Parameters: 0.999996 -0.00259515 0.00173801 0.00258652 0.999985 0.00484359 -0.00174992 -0.00483946 0.999987 0.199219 2.09531e-05 0.097603
FixedParameters: 0 0 0

#Transform 171
Transform: AffineTransform_float_3_3
Parameters: 0.999996 -0.00259962 0.0017712 0.00259015 0.999983 0.00525414 -0.00178531 -0.00525052 0.999985 0.20538 0.044083 0.0365052
FixedParameters: 0 0 0

#Transform 172
Transform: AffineTransform_float_3_3
Parameters: 0.999995 -0.00270765 0.00169322 0.0026989 0.999984 0.00502206 -0.00170701 -0.00501778 0.999986 0.210911 0.0139496 0.109763
FixedParameters: 0 0 0

#Transform 173
Transform: AffineTransform_float_3_3
Parameters: 0.999994 -0.00265492 0.00174192 0.00264582 0.999983 0.00527818 -0.00175661 -0.0052739 0.999984 0.209041 0.077203 0.0666447
FixedParameters: 0 0 0

#Transform 174
Transform: AffineTransform_float_3_3
Parameters: 0.999994 -0.00288128 0.00128769 0.00287432 0.999982 0.00532648 -0.00130365 -0.00532242 0.999985 0.212991 0.00184224 0.157343
FixedParameters: 0 0 0

#Transform 175
Transform: AffineTransform_float_3_3
Parameters: 0.999995 -0.00262858 0.0016477 0.00261887 0.999981 0.00568877 -0.00166243 -0.00568431 0.999983 0.218145 0.0504193 0.131301
FixedParameters: 0 0 0

#Transform 176
Transform: AffineTransform_float_3_3
Parameters: 0.999995 -0.00260918 0.00144371 0.00260115 0.999983 0.00526295 -0.00145792 -0.00525878 0.999985 0.207844 0.017686 0.166761
FixedParameters: 0 0 0

#Transform 177
Transform: AffineTransform_float_3_3
Parameters: 0.999995 -0.00279738 0.00131122 0.00278941 0.999978 0.00603922 -0.00132778 -0.00603541 0.999981 0.207692 0.0957677 0.13587
FixedParameters: 0 0 0

#Transform 178
Transform: AffineTransform_float_3_3
Parameters: 0.999997 -0.00254016 0.00112257 0.00253388 0.999981 0.00565003 -0.00113725 -0.00564763 0.999983 0.211814 0.037805 0.152795
FixedParameters: 0 0 0

#Transform 179
Transform: AffineTransform_float_3_3
Parameters: 0.999996 -0.00246154 0.00138955 0.00245381 0.999978 0.00610442 -0.00140391 -0.00610181 0.99998 0.204917 0.038161 0.183224
FixedParameters: 0 0 0

#Transform 180
Transform: AffineTransform_float_3_3
Parameters: 0.999996 -0.00267354 0.000906175 0.00266839 0.999979 0.00594161 -0.000923147 -0.00594001 0.999982 0.212842 0.0697851 0.149603
FixedParameters: 0 0 0

#Transform 181
Transform: AffineTransform_float_3_3
Parameters: 0.999995 -0.00266299 0.00155361 0.0026534 0.999977 0.00619101 -0.00156999 -0.00618703 0.99998 0.206393 0.0542388 0.183538
FixedParameters: 0 0 0

#Transform 182
Transform: AffineTransform_float_3_3
Parameters: 0.999996 -0.00267832 0.00118333 0.0026714 0.999978 0.00610681 -0.00119976 -0.00610331 0.99998 0.209474 0.0850376 0.118949
FixedParameters: 0 0 0

#Transform 183
Transform: AffineTransform_float_3_3
Parameters: 0.999995 -0.00288989 0.00115 0.00288248 0.999976 0.00627635 -0.00116845 -0.00627316 0.999979 0.221238 0.0227161 0.206057
FixedParameters: 0 0 0

#Transform 184
Transform: AffineTransform_float_3_3
Parameters: 0.999995 -0.0029476 0.0010007 0.00294117 0.999972 0.00687247 -0.00102054 -0.0068695 0.999975 0.212923 0.0979245 0.176358
FixedParameters: 0 0 0

#Transform 185
Transform: AffineTransform_float_3_3
Parameters: 0.999996 -0.00283454 0.00105678 0.00282741 0.999976 0.00634533 -0.00107437 -0.00634212 0.999979 0.241705 0.0440657 0.176787
FixedParameters: 0 0 0

#Transform 186
Transform: AffineTransform_float_3_3
Parameters: 0.999995 -0.00285284 0.00116837 0.00284402 0.999969 0.00740183 -0.00118963 -0.00739818 0.999971 0.234074 0.111576 0.192487
FixedParameters: 0 0 0

#Transform 187
Transform: AffineTransform_float_3_3
Parameters: 0.999996 -0.00283029 0.000901112 0.00282408 0.999969 0.00741235 -0.000922573 -0.00741014 0.999972 0.24222 0.0803713 0.19699
FixedParameters: 0 0 0

#Transform 188
Transform: AffineTransform_float_3_3
Parameters: 0.999996 -0.00286659 0.000975483 0.00285877 0.999963 0.00809325 -0.000999431 -0.00808986 0.999967 0.219654 0.0710887 0.27297
FixedParameters: 0 0 0

#Transform 189
Transform: AffineTransform_float_3_3
Parameters: 0.999996 -0.00291968 0.000890865 0.0029126 0.999962 0.00821883 -0.00091492 -0.00821584 0.999966 0.225704 0.126718 0.22735
FixedParameters: 0 0 0

#Transform 190
Transform: AffineTransform_float_3_3
