#Insight Transform File V1.0
#Transform 0
Transform: AffineTransform_float_3_3
Parameters: 0.999997 0.00101763 0.00212071 -0.00103914 0.999947 0.0102097 -0.00211058 -0.0102125 0.999945 -0.019238 0.144691 -0.0503947
FixedParameters: 0 0 0

#Transform 1
Transform: AffineTransform_float_3_3
Parameters: 0.999997 0.000933733 0.00216458 -0.000957465 0.999944 0.0106509 -0.00215437 -0.0106529 0.999941 -0.00462523 0.140883 -0.0393296
FixedParameters: 0 0 0

#Transform 2
Transform: AffineTransform_float_3_3
Parameters: 0.999997 0.000710507 0.00229245 -0.000735148 0.999944 0.0105334 -0.00228477 -0.0105346 0.999941 0.0238879 0.162426 -0.0514743
FixedParameters: 0 0 0

#Transform 3
Transform: AffineTransform_float_3_3
Parameters: 0.999997 0.00122604 0.00216021 -0.00124965 0.999939 0.0109794 -0.00214639 -0.0109818 0.999938 0.00593968 0.149037 -0.0361046
FixedParameters: 0 0 0

#Transform 4
Transform: AffineTransform_float_3_3
Parameters: 0.999997 0.000995566 0.00213009 -0.00101798 0.999944 0.0105771 -0.00212026 -0.0105794 0.999941 0.00851345 0.166962 -0.0551542
FixedParameters: 0 0 0

#Transform 5
Transform: AffineTransform_float_3_3
Parameters: 0.999997 0.000748265 0.00227428 -0.000771269 0.999948 0.0101673 -0.00226717 -0.0101694 0.999945 0.0158213 0.150513 -0.0568586
FixedParameters: 0 0 0

#Transform 6
Transform: AffineTransform_float_3_3
Parameters: 0.999998 0.000838451 0.00204132 -0.000857705 0.999956 0.0093787 -0.00203335 -0.00938052 0.999954 -0.00249116 0.115003 -0.0345786
FixedParameters: 0 0 0

#Transform 7
Transform: AffineTransform_float_3_3
Parameters: 0.999998 0.00087444 0.00207393 -0.000891607 0.999965 0.00833905 -0.00206626 -0.00834104 0.999963 0.00907493 0.0768286 -0.041789
FixedParameters: 0 0 0

#Transform 8
Transform: AffineTransform_float_3_3
Parameters: 0.999998 0.000611424 0.0018498 -0.000628278 0.999956 0.00936582 -0.00184403 -0.00936694 0.999955 0.0155571 0.121517 -0.0578564
FixedParameters: 0 0 0

#Transform 9
Transform: AffineTransform_float_3_3
Parameters: 0.999999 0.000529013 0.00161252 -0.00054406 0.99996 0.00896042 -0.00160774 -0.00896155 0.999958 0.00286469 0.118212 -0.0260465
FixedParameters: 0 0 0

#Transform 10
Transform: AffineTransform_float_3_3
Parameters: 0.999998 0.000844523 0.0017247 -0.000858909 0.999964 0.00849333 -0.00171757 -0.00849431 0.999963 0.00642628 0.147459 -0.0606347
FixedParameters: 0 0 0

#Transform 11
Transform: AffineTransform_float_3_3
Parameters: 0.999998 0.000636311 0.00140906 -0.000646602 0.999973 0.00725025 -0.0014035 -0.00725126 0.999972 -0.000834237 0.0847123 -0.0529479
FixedParameters: 0 0 0

#Transform 12
Transform: AffineTransform_float_3_3
Parameters: 0.999998 0.000857336 0.00123347 -0.000865392 0.999983 0.00577467 -0.00122841 -0.00577564 0.999983 -0.00302535 0.100527 -0.0729701
FixedParameters: 0 0 0

#Transform 13
Transform: AffineTransform_float_3_3
Parameters: 1 0.000463237 0.000882756 -0.000467782 0.999985 0.00543123 -0.000880427 -0.00543228 0.999985 0.00599842 0.054435 -0.0142326
FixedParameters: 0 0 0

#Transform 14
Transform: AffineTransform_float_3_3
Parameters: 0.999999 0.000873181 0.00136454 -0.000880529 0.999986 0.0051844 -0.00135946 -0.00518491 0.999986 -0.00850556 0.0447734 -0.0343145
FixedParameters: 0 0 0

#Transform 15
Transform: AffineTransform_float_3_3
Parameters: 0.999998 0.000861049 0.00123188 -0.000867546 0.999986 0.00518934 -0.00122775 -0.00519036 0.999985 0.000354012 0.0997336 -0.0458292
FixedParameters: 0 0 0

#Transform 16
Transform: AffineTransform_float_3_3
Parameters: 0.999999 0.000963237 0.00132192 -0.000969836 0.999988 0.00480606 -0.00131787 -0.00480662 0.999988 0.00291408 0.0785238 -0.00325359
FixedParameters: 0 0 0

#Transform 17
Transform: AffineTransform_float_3_3
Parameters: 0.999999 0.000491012 0.00111341 -0.000496274 0.999988 0.0047247 -0.00111123 -0.00472522 0.999989 0.0115051 0.0949704 0.0125456
FixedParameters: 0 0 0

#Transform 18
Transform: AffineTransform_float_3_3
Parameters: 0.999999 0.000520287 0.00124324 -0.000524023 0.999997 0.00265685 -0.00124137 -0.00265836 0.999996 0.006871 0.056433 -0.0384408
FixedParameters: 0 0 0

#Transform 19
Transform: AffineTransform_float_3_3
Parameters: 1 0.000353573 0.000968789 -0.000355594 0.999996 0.00301787 -0.000967847 -0.00301884 0.999995 -0.0015829 0.043113 -0.0146385
FixedParameters: 0 0 0

#Transform 20
Transform: AffineTransform_float_3_3
Parameters: 0.999999 0.000226353 0.00105618 -0.000227993 0.999998 0.00164511 -0.00105598 -0.00164536 0.999998 -0.000666265 0.00255538 -0.0178747
FixedParameters: 0 0 0

#Transform 21
Transform: AffineTransform_float_3_3
Parameters: 1 0.000238069 -0.000249841 -0.000237888 0.999998 -0.00155266 0.000248803 0.0015527 0.999999 -0.00657478 0.0327112 -0.0508658
FixedParameters: 0 0 0

#Transform 22
Transform: AffineTransform_float_3_3
Parameters: 1 0.00032267 -0.00041983 -0.000323823 0.999996 -0.00297567 0.000418405 0.00297583 0.999996 0.0127172 -0.0132416 -0.0361691
FixedParameters: 0 0 0

#Transform 23
Transform: AffineTransform_float_3_3
Parameters: 0.999999 -0.00036378 -0.000912395 0.000360501 0.999993 -0.00388088 0.0009139 0.00388047 0.999992 0.0343143 -0.0201971 -0.107328
FixedParameters: 0 0 0

#Transform 24
Transform: AffineTransform_float_3_3
Parameters: 0.999997 -0.000985003 -0.00219063 0.000973104 0.999984 -0.0056142 0.00219605 0.00561216 0.999982 0.0853505 -0.0283598 -0.0586676
FixedParameters: 0 0 0

#Transform 25
Transform: AffineTransform_float_3_3
Parameters: 0.999997 -0.000807607 -0.00256077 0.000791725 0.99998 -0.00623975 0.00256511 0.00623847 0.999977 0.0935618 -0.0408462 -0.0644446
FixedParameters: 0 0 0

#Transform 26
Transform: AffineTransform_float_3_3
Parameters: 0.999997 -0.000985943 -0.00245942 0.000971625 0.999982 -0.0058462 0.00246455 0.00584388 0.999981 0.110152 -0.035129 -0.0319208
FixedParameters: 0 0 0

#Transform 27
Transform: AffineTransform_float_3_3
Parameters: 0.999997 -0.00092961 -0.00249524 0.000915622 0.999984 -0.00559988 0.00250015 0.00559738 0.999981 0.102759 -0.0485991 -0.0258955
FixedParameters: 0 0 0

#Transform 28
Transform: AffineTransform_float_3_3
Parameters: 0.999997 -0.00101604 -0.00244449 0.00100138 0.999985 -0.00557591 0.00244997 0.00557324 0.999981 0.109877 -0.0170278 -0.0445525
FixedParameters: 0 0 0

#Transform 29
Transform: AffineTransform_float_3_3
Parameters: 0.999996 -0.000508199 -0.00263888 0.000490915 0.999977 -0.00670712 0.00264206 0.00670516 0.999974 0.0746262 -0.0469299 -0.0953676
FixedParameters: 0 0 0

#Transform 30
Transform: AffineTransform_float_3_3
Parameters: 0.999934 0.000923323 -0.0114248 -0.00100985 0.99997 -0.00760202 0.0114173 0.00761265 0.999906 -0.0488195 -0.0965504 0.040671
FixedParameters: 0 0 0

#Transform 31
Transform: AffineTransform_float_3_3
Parameters: 0.999963 0.000795306 -0.00854875 -0.000860445 0.99997 -0.0076519 0.00854292 0.00765971 0.999934 -0.0572921 -0.0740604 0.0976108
FixedParameters: 0 0 0

#Transform 32
Transform: AffineTransform_float_3_3
Parameters: 0.999962 0.000599839 -0.00873301 -0.000660177 0.999976 -0.00694598 0.00872893 0.00695154 0.999938 -0.0522261 -0.0746624 0.10741
FixedParameters: 0 0 0

#Transform 33
Transform: AffineTransform_float_3_3
Parameters: 0.999961 0.000864576 -0.00879604 -0.000934959 0.999967 -0.00806366 0.00878893 0.00807068 0.999929 -0.0722798 -0.0799533 0.0332373
FixedParameters: 0 0 0

#Transform 34
Transform: AffineTransform_float_3_3
Parameters: 0.999942 0.000455787 -0.0108188 -0.000558467 0.999955 -0.00943124 0.0108135 0.00943725 0.999897 -0.0963488 -0.0878492 0.0919997
FixedParameters: 0 0 0

#Transform 35
Transform: AffineTransform_float_3_3
Parameters: 0.999962 0.000817723 -0.00876402 -0.000895466 0.99996 -0.00888678 0.00875556 0.00889467 0.999922 -0.079777 -0.0894599 0.101334
FixedParameters: 0 0 0

#Transform 36
Transform: AffineTransform_float_3_3
Parameters: 0.999974 0.000264526 -0.00732521 -0.00031007 0.99998 -0.00631223 0.00732366 0.00631488 0.999953 -0.057362 -0.0516062 0.111987
FixedParameters: 0 0 0

#Transform 37
Transform: AffineTransform_float_3_3
Parameters: 0.999987 0.000639418 -0.00512415 -0.000665159 0.999988 -0.00490842 0.0051208 0.00491195 0.999975 -0.039741 -0.0444813 0.138294
FixedParameters: 0 0 0

#Transform 38
Transform: AffineTransform_float_3_3
Parameters: 0.999988 0.000747742 -0.00498469 -0.000764876 0.999994 -0.00340072 0.00498307 0.00340444 0.999982 -0.0470899 -0.0153346 0.1223
FixedParameters: 0 0 0

#Transform 39
Transform: AffineTransform_float_3_3
Parameters: 0.999989 0.000607175 -0.00466613 -0.000610763 0.999999 -0.000786129 0.0046657 0.000789897 0.999989 -0.0486056 -0.0327692 0.105879
FixedParameters: 0 0 0

#Transform 40
Transform: AffineTransform_float_3_3
Parameters: 0.999989 0.000850702 -0.00455236 -0.000861382 0.999997 -0.00219681 0.00455091 0.00220032 0.999987 -0.050697 -0.0452025 0.142673
FixedParameters: 0 0 0

#Transform 41
Transform: AffineTransform_float_3_3
Parameters: 0.999988 0.000721068 -0.00475669 -0.000728161 0.999999 -0.00152276 0.0047554 0.00152648 0.999988 -0.0544763 -0.0752015 0.172479
FixedParameters: 0 0 0

#Transform 42
Transform: AffineTransform_float_3_3
Parameters: 0.999991 0.000735363 -0.00414349 -0.000734712 1 0.000224354 0.00414358 -0.000221762 0.999991 -0.0365371 -0.0405485 0.14145
FixedParameters: 0 0 0

#Transform 43
Transform: AffineTransform_float_3_3
Parameters: 0.999993 0.000543371 -0.00364166 -0.000541481 1 0.000373725 0.00364184 -0.000371814 0.999993 -0.0260926 0.0118136 0.166423
FixedParameters: 0 0 0

#Transform 44
Transform: AffineTransform_float_3_3
Parameters: 0.999997 0.00105238 -0.0023498 -0.00104465 0.999995 0.00315198 0.00235291 -0.00314937 0.999992 -0.029879 -0.0458668 0.325286
FixedParameters: 0 0 0

#Transform 45
Transform: AffineTransform_float_3_3
Parameters: 0.999997 0.000818205 -0.00224714 -0.000808386 0.99999 0.0046423 0.00225053 -0.00464047 0.999987 -0.0416051 -0.00295256 0.272185
FixedParameters: 0 0 0

#Transform 46
Transform: AffineTransform_float_3_3
Parameters: 0.999998 0.00115329 -0.00135905 -0.00114794 0.999992 0.00390939 0.00136338 -0.00390767 0.999991 -0.0373574 0.0281864 0.213567
FixedParameters: 0 0 0

#Transform 47
Transform: AffineTransform_float_3_3
Parameters: 0.999998 0.00125991 -0.00152241 -0.00125215 0.999989 0.00440743 0.00152818 -0.00440494 0.999989 -0.0251722 0.0199749 0.223517
FixedParameters: 0 0 0

#Transform 48
Transform: AffineTransform_float_3_3
Parameters: 0.999998 0.00107082 -0.00140244 -0.00106506 0.99999 0.00434694 0.00140712 -0.00434522 0.99999 -0.0171707 0.010824 0.248039
FixedParameters: 0 0 0

#Transform 49
Transform: AffineTransform_float_3_3
Parameters: 0.999998 0.00113606 -0.00128113 -0.0011304 0.99999 0.00423076 0.00128625 -0.00422928 0.99999 -0.00590605 0.0615249 0.210074
FixedParameters: 0 0 0

#Transform 50
Transform: AffineTransform_float_3_3
Parameters: 0.999998 0.00135292 -0.00145366 -0.00134565 0.999987 0.00489625 0.00145945 -0.00489427 0.999987 -0.0167569 0.0379222 0.262399
FixedParameters: 0 0 0

#Transform 51
Transform: AffineTransform_float_3_3
Parameters: 0.999999 0.0010283 -0.000929404 -0.00102308 0.999983 0.00576809 0.000934506 -0.00576737 0.999984 -0.00122817 0.0267369 0.279233
FixedParameters: 0 0 0

#Transform 52
Transform: AffineTransform_float_3_3
Parameters: 0.999999 0.000926585 -0.00110555 -0.000920051 0.999981 0.00613178 0.00111154 -0.00613082 0.999981 -0.00406812 0.0253889 0.243193
FixedParameters: 0 0 0

#Transform 53
Transform: AffineTransform_float_3_3
Parameters: 0.999999 0.00112125 -0.000915507 -0.00111613 0.999988 0.00479359 0.00092053 -0.00479302 0.999989 -0.00395592 0.0316425 0.247981
FixedParameters: 0 0 0

#Transform 54
Transform: AffineTransform_float_3_3
Parameters: 0.999999 0.00102386 -0.00101988 -0.00101869 0.999983 0.00570476 0.0010251 -0.0057038 0.999983 -0.00478921 0.0813234 0.214057
FixedParameters: 0 0 0

#Transform 55
Transform: AffineTransform_float_3_3
Parameters: 0.999999 0.00110525 -0.00103428 -0.00110001 0.999987 0.00476472 0.00103938 -0.00476384 0.999988 0.00825572 0.00989369 0.251913
FixedParameters: 0 0 0

#Transform 56
Transform: AffineTransform_float_3_3
Parameters: 0.999998 0.000862037 -0.00143584 -0.000854737 0.999986 0.00514398 0.00144057 -0.0051423 0.999986 0.000566278 0.0429735 0.263121
FixedParameters: 0 0 0

#Transform 57
Transform: AffineTransform_float_3_3
Parameters: 0.999999 0.00111258 -0.000945595 -0.00110753 0.999987 0.00500559 0.000951704 -0.00500491 0.999988 -0.00458822 0.0434703 0.236935
FixedParameters: 0 0 0

#Transform 58
Transform: AffineTransform_float_3_3
Parameters: 0.999999 0.00102335 -0.000852549 -0.00101824 0.999982 0.00588019 0.000858601 -0.00587924 0.999982 0.0112031 0.0554003 0.255406
FixedParameters: 0 0 0

#Transform 59
Transform: AffineTransform_float_3_3
Parameters: 0.999998 0.000788769 -0.00142146 -0.000781589 0.999986 0.00515487 0.00142546 -0.00515342 0.999986 0.00387356 0.0507132 0.282018
FixedParameters: 0 0 0

#Transform 60
Transform: AffineTransform_float_3_3
Parameters: 0.999996 0.000862433 -0.00272982 -0.000853505 0.999995 0.00333513 0.00273246 -0.00333218 0.999991 -0.015482 0.0747082 0.275846
FixedParameters: 0 0 0

#Transform 61
Transform: AffineTransform_float_3_3
Parameters: 0.999992 0.00106682 -0.00381776 -0.00107785 0.999996 -0.00271226 0.00381455 0.00271537 0.999989 -0.045382 -0.040214 0.216069
FixedParameters: 0 0 0

#Transform 62
Transform: AffineTransform_float_3_3
Parameters: 0.999992 0.000675154 -0.0040499 -0.000682498 0.999998 -0.0016863 0.00404827 0.00168889 0.999991 -0.0368206 -0.0208006 0.260992
FixedParameters: 0 0 0

#Transform 63
Transform: AffineTransform_float_3_3
Parameters: 0.999992 0.00095808 -0.00385864 -0.000970011 0.999995 -0.00300121 0.00385593 0.00300477 0.999988 -0.0561286 -0.00962554 0.18685
FixedParameters: 0 0 0

#Transform 64
Transform: AffineTransform_float_3_3
Parameters: 0.999988 0.00119698 -0.00484091 -0.0012205 0.999987 -0.00492738 0.00483539 0.00493318 0.999976 -0.0717665 -0.0501368 0.188741
FixedParameters: 0 0 0

#Transform 65
Transform: AffineTransform_float_3_3
Parameters: 0.999989 0.00122186 -0.00439332 -0.00123524 0.999995 -0.00303083 0.00438891 0.00303655 0.999986 -0.0825562 -0.0166754 0.243536
FixedParameters: 0 0 0

#Transform 66
Transform: AffineTransform_float_3_3
Parameters: 0.999989 0.000729837 -0.00460512 -0.000739801 0.999998 -0.00209427 0.00460436 0.00209675 0.999987 -0.0600038 0.0213066 0.277233
FixedParameters: 0 0 0

#Transform 67
Transform: AffineTransform_float_3_3
Parameters: 0.999991 0.00162361 -0.00394729 -0.00163969 0.99999 -0.00413155 0.0039402 0.00413813 0.999983 -0.0702868 -0.0421422 0.211559
FixedParameters: 0 0 0

#Transform 68
Transform: AffineTransform_float_3_3
Parameters: 0.999989 0.00126389 -0.0044028 -0.0012792 0.999993 -0.00340831 0.00439772 0.00341426 0.999984 -0.0783982 -0.0591399 0.135893
FixedParameters: 0 0 0

#Transform 69
Transform: AffineTransform_float_3_3
Parameters: 0.999971 0.000835377 -0.00757811 -0.000894755 0.99997 -0.00773266 0.00757072 0.0077389 0.999941 -0.121673 -0.0672301 0.181884
FixedParameters: 0 0 0

#Transform 70
Transform: AffineTransform_float_3_3
Parameters: 0.999935 0.000891761 -0.011373 -0.00103827 0.999917 -0.0128224 0.0113605 0.012833 0.999853 -0.211128 -0.115165 0.175397
FixedParameters: 0 0 0

#Transform 71
Transform: AffineTransform_float_3_3
Parameters: 0.999954 0.000679607 -0.00958107 -0.000790013 0.999934 -0.0115289 0.00957276 0.0115356 0.999888 -0.194794 -0.116118 0.16519
FixedParameters: 0 0 0

#Transform 72
Transform: AffineTransform_float_3_3
Parameters: 0.999938 0.000361331 -0.0110839 -0.000500548 0.999921 -0.0125293 0.0110787 0.0125344 0.99986 -0.217381 -0.0963657 0.180677
FixedParameters: 0 0 0

#Transform 73
Transform: AffineTransform_float_3_3
Parameters: 0.999936 0.00120811 -0.0112175 -0.00135184 0.999916 -0.0128599 0.0112005 0.0128731 0.999854 -0.222944 -0.0755564 0.076798
FixedParameters: 0 0 0

#Transform 74
Transform: AffineTransform_float_3_3
Parameters: 0.99997 0.000926285 -0.00769771 -0.00100541 0.999947 -0.0102978 0.00768781 0.010305 0.999918 -0.142807 -0.116901 0.197338
FixedParameters: 0 0 0

#Transform 75
Transform: AffineTransform_float_3_3
Parameters: 0.999976 0.000936605 -0.00676513 -0.000989978 0.999969 -0.00788065 0.00675706 0.00788711 0.999946 -0.140636 -0.0418752 0.210221
FixedParameters: 0 0 0

#Transform 76
Transform: AffineTransform_float_3_3
Parameters: 0.999983 0.00114123 -0.00569016 -0.00116656 0.99999 -0.00452862 0.00568444 0.00453545 0.999974 -0.124097 -0.0572324 0.264354
FixedParameters: 0 0 0

#Transform 77
Transform: AffineTransform_float_3_3
Parameters: 0.999988 0.00123601 -0.00478181 -0.00125517 0.999991 -0.00396691 0.00477705 0.00397299 0.999981 -0.122511 -0.00820629 0.241059
FixedParameters: 0 0 0

#Transform 78
Transform: AffineTransform_float_3_3
Parameters: 0.999989 0.00103226 -0.00455067 -0.00103972 0.999998 -0.00168375 0.00454895 0.00168905 0.999988 -0.114451 -0.0383502 0.200502
FixedParameters: 0 0 0

#Transform 79
Transform: AffineTransform_float_3_3
Parameters: 0.999991 0.00107736 -0.00420356 -0.00108209 0.999998 -0.00123315 0.00420257 0.00123795 0.99999 -0.132794 -0.0400148 0.243583
FixedParameters: 0 0 0

#Transform 80
Transform: AffineTransform_float_3_3
Parameters: 0.999991 0.00145273 -0.00385153 -0.00145552 0.999998 -0.00073751 0.00385012 0.000743497 0.999992 -0.11384 -0.00829419 0.255382
FixedParameters: 0 0 0

#Transform 81
Transform: AffineTransform_float_3_3
Parameters: 0.999991 0.00147037 -0.00400384 -0.00146912 0.999999 0.000326488 0.00400438 -0.000320816 0.999992 -0.113864 -0.000412654 0.267937
FixedParameters: 0 0 0

#Transform 82
Transform: AffineTransform_float_3_3
Parameters: 0.999994 0.00109943 -0.00309627 -0.00108904 0.999993 0.00344155 0.00310031 -0.00343819 0.999989 -0.0923396 -0.0251385 0.259601
FixedParameters: 0 0 0

#Transform 83
Transform: AffineTransform_float_3_3
Parameters: 0.999995 0.00139612 -0.00291235 -0.0013896 0.999997 0.00242201 0.00291514 -0.00241803 0.999993 -0.085267 0.0461875 0.283683
FixedParameters: 0 0 0

#Transform 84
Transform: AffineTransform_float_3_3
Parameters: 0.999994 0.00110695 -0.00318821 -0.00109869 0.999997 0.00254018 0.00319145 -0.00253695 0.999992 -0.061795 0.0120083 0.319173
FixedParameters: 0 0 0

#Transform 85
Transform: AffineTransform_float_3_3
Parameters: 0.999995 0.00101499 -0.00300395 -0.00101035 0.999998 0.00164208 0.00300533 -0.00163874 0.999994 -0.0448729 0.0221832 0.282399
FixedParameters: 0 0 0

#Transform 86
Transform: AffineTransform_float_3_3
Parameters: 0.999996 0.000919726 -0.00255519 -0.000913487 0.999996 0.00254644 0.00255706 -0.00254378 0.999993 -0.00957052 0.0521391 0.286363
FixedParameters: 0 0 0

#Transform 87
Transform: AffineTransform_float_3_3
Parameters: 0.999996 0.000675045 -0.00281254 -0.00066856 0.999997 0.00243592 0.00281441 -0.00243381 0.999993 -0.000355008 -0.00701974 0.307836
FixedParameters: 0 0 0

#Transform 88
Transform: AffineTransform_float_3_3
Parameters: 0.999996 0.000776464 -0.00287009 -0.000769946 0.999997 0.00226267 0.0028715 -0.00226083 0.999993 0.00258768 0.0810148 0.262293
FixedParameters: 0 0 0

#Transform 89
Transform: AffineTransform_float_3_3
Parameters: 0.999995 0.00111065 -0.00305993 -0.0011057 0.999998 0.0016949 0.00306162 -0.00169221 0.999994 -0.0291326 0.0132165 0.258475
FixedParameters: 0 0 0

#Transform 90
Transform: AffineTransform_float_3_3
Parameters: 0.999992 0.00104115 -0.0038772 -0.00104099 0.999999 -0.000117838 0.0038765 0.000121815 0.999992 -0.0476778 -0.00216707 0.227031
FixedParameters: 0 0 0

#Transform 91
Transform: AffineTransform_float_3_3
Parameters: 0.99999 0.000787436 -0.00434293 -0.000803233 0.999994 -0.00347988 0.00434026 0.00348386 0.999985 -0.0492816 -0.0397081 0.225752
FixedParameters: 0 0 0

#Transform 92
Transform: AffineTransform_float_3_3
Parameters: 0.99998 0.000719424 -0.00633486 -0.000762968 0.999977 -0.00686192 0.0063298 0.00686638 0.999956 -0.102189 -0.0638631 0.177263
FixedParameters: 0 0 0

#Transform 93
Transform: AffineTransform_float_3_3
Parameters: 0.99996 0.000712781 -0.00896933 -0.000806655 0.999945 -0.010436 0.00896107 0.0104433 0.999905 -0.134727 -0.110683 0.18206
FixedParameters: 0 0 0

#Transform 94
Transform: AffineTransform_float_3_3
Parameters: 0.999948 0.0012729 -0.0101018 -0.00139753 0.999924 -0.0122825 0.0100857 0.0122966 0.999874 -0.213696 -0.0854161 0.140829
FixedParameters: 0 0 0

#Transform 95
Transform: AffineTransform_float_3_3
Parameters: 0.99994 0.000858837 -0.0109382 -0.00101958 0.999892 -0.0146058 0.0109245 0.0146163 0.999834 -0.217843 -0.120987 0.184345
FixedParameters: 0 0 0

#Transform 96
Transform: AffineTransform_float_3_3
Parameters: 0.999927 0.000519761 -0.0120646 -0.00068382 0.999908 -0.0135698 0.0120573 0.0135763 0.999835 -0.287756 -0.1088 0.182514
FixedParameters: 0 0 0

#Transform 97
Transform: AffineTransform_float_3_3
Parameters: 0.999913 0.00308724 -0.012828 -0.0032978 0.999859 -0.0164382 0.0127757 0.0164798 0.999783 -0.566094 -0.160986 0.0205438
FixedParameters: 0 0 0

#Transform 98
Transform: AffineTransform_float_3_3
Parameters: 0.999875 0.00490825 -0.0149718 -0.00525056 0.999724 -0.0229038 0.0148554 0.0229791 0.999626 -0.677713 -0.226434 -0.120044
FixedParameters: 0 0 0

#Transform 99
Transform: AffineTransform_float_3_3
Parameters: 0.999882 0.00502107 -0.0145179 -0.00535838 0.999715 -0.0232874 0.0143968 0.0233634 0.999623 -0.662476 -0.272232 -0.0128592
FixedParameters: 0 0 0

#Transform 100
Transform: AffineTransform_float_3_3
Parameters: 0.999896 0.00452222 -0.0136973 -0.00480613 0.999771 -0.0208238 0.0136002 0.0208873 0.999689 -0.61838 -0.212315 0.0280044
FixedParameters: 0 0 0

#Transform 101
Transform: AffineTransform_float_3_3
Parameters: 0.999905 0.00362739 -0.0133046 -0.00391526 0.999757 -0.0217098 0.0132228 0.02176 0.999676 -0.521167 -0.1834 -0.0373134
FixedParameters: 0 0 0

#Transform 102
Transform: AffineTransform_float_3_3
Parameters: 0.999852 0.00328847 -0.0168925 -0.00369507 0.999702 -0.0241329 0.0168084 0.0241926 0.999566 -0.462449 -0.210082 -0.024
FixedParameters: 0 0 0

#Transform 103
Transform: AffineTransform_float_3_3
Parameters: 0.999896 0.00379681 -0.0138784 -0.00412463 0.999712 -0.0236736 0.0137852 0.0237284 0.999623 -0.488068 -0.260045 0.0970315
FixedParameters: 0 0 0

#Transform 104
Transform: AffineTransform_float_3_3
Parameters: 0.999911 0.00309418 -0.0129933 -0.00335884 0.999786 -0.020436 0.0129273 0.0204777 0.999707 -0.47274 -0.229211 0.18404
FixedParameters: 0 0 0

#Transform 105
Transform: AffineTransform_float_3_3
Parameters: 0.999926 0.00323365 -0.0117012 -0.00345003 0.999822 -0.0185279 0.0116385 0.0185673 0.99976 -0.429949 -0.253668 0.305258
FixedParameters: 0 0 0

#Transform 106
Transform: AffineTransform_float_3_3
Parameters: 0.999929 0.0030433 -0.0115484 -0.00324404 0.999843 -0.0174042 0.0114938 0.0174402 0.999782 -0.406575 -0.173827 0.314844
FixedParameters: 0 0 0

#Transform 107
Transform: AffineTransform_float_3_3
Parameters: 0.999941 0.00293851 -0.0103867 -0.00309424 0.999884 -0.0149592 0.010342 0.0149907 0.999834 -0.408091 -0.181555 0.352139
FixedParameters: 0 0 0

#Transform 108
Transform: AffineTransform_float_3_3
Parameters: 0.999945 0.00311137 -0.0100413 -0.00326535 0.999877 -0.0153764 0.00999186 0.0154089 0.999832 -0.403796 -0.21845 0.298647
FixedParameters: 0 0 0

#Transform 109
Transform: AffineTransform_float_3_3
Parameters: 0.999912 0.00201331 -0.0131095 -0.00224214 0.999845 -0.0174453 0.0130722 0.0174738 0.999762 -0.417048 -0.172056 0.301057
FixedParameters: 0 0 0

#Transform 110
Transform: AffineTransform_float_3_3
Parameters: 0.999881 0.00224449 -0.0152287 -0.00254808 0.999797 -0.0199392 0.0151808 0.0199757 0.999686 -0.481856 -0.255477 0.187218
FixedParameters: 0 0 0

#Transform 111
Transform: AffineTransform_float_3_3
Parameters: 0.999831 0.00323748 -0.0180953 -0.00366791 0.999709 -0.0238143 0.0180127 0.0238771 0.999553 -0.604139 -0.309706 0.115052
FixedParameters: 0 0 0

#Transform 112
Transform: AffineTransform_float_3_3
Parameters: 0.999793 0.0038292 -0.0200057 -0.00435006 0.999652 -0.0260261 0.0198989 0.0261076 0.999461 -0.687629 -0.301006 0.16533
FixedParameters: 0 0 0

#Transform 113
Transform: AffineTransform_float_3_3
Parameters: 0.999793 0.00437487 -0.0198697 -0.00494118 0.999581 -0.0285313 0.0197364 0.0286232 0.999396 -0.705765 -0.34217 0.0223856
FixedParameters: 0 0 0

#Transform 114
Transform: AffineTransform_float_3_3
Parameters: 0.999809 0.00347937 -0.0192727 -0.00399139 0.999638 -0.0266125 0.0191734 0.0266845 0.999459 -0.605317 -0.313041 0.179536
FixedParameters: 0 0 0

#Transform 115
Transform: AffineTransform_float_3_3
Parameters: 0.999811 0.00365111 -0.0191166 -0.00418428 0.999601 -0.0279279 0.0190077 0.0280026 0.999428 -0.589283 -0.28444 0.0865063
FixedParameters: 0 0 0

#Transform 116
Transform: AffineTransform_float_3_3
Parameters: 0.999808 0.00284454 -0.0193514 -0.00339113 0.999595 -0.0282607 0.019263 0.0283206 0.999413 -0.555068 -0.290375 0.103725
FixedParameters: 0 0 0

#Transform 117
Transform: AffineTransform_float_3_3
Parameters: 0.999778 0.0021362 -0.0209759 -0.00275953 0.999553 -0.029751 0.0209024 0.0298026 0.999338 -0.564133 -0.283497 0.124254
FixedParameters: 0 0 0

#Transform 118
Transform: AffineTransform_float_3_3
Parameters: 0.999759 0.00309095 -0.0217075 -0.00376766 0.999506 -0.0312054 0.0216004 0.0312791 0.999277 -0.64383 -0.307291 0.0579267
FixedParameters: 0 0 0

#Transform 119
Transform: AffineTransform_float_3_3
Parameters: 0.999757 0.00306303 -0.0218624 -0.00373488 0.999519 -0.0307831 0.0217576 0.030858 0.999287 -0.62497 -0.322998 0.109773
FixedParameters: 0 0 0

#Transform 120
Transform: AffineTransform_float_3_3
Parameters: 0.999748 0.0035451 -0.0221684 -0.00425897 0.999471 -0.0322448 0.0220419 0.0323309 0.999235 -0.649212 -0.348913 0.078832
FixedParameters: 0 0 0

#Transform 121
Transform: AffineTransform_float_3_3
Parameters: 0.999715 0.00564201 -0.0232066 -0.00639191 0.999455 -0.0323737 0.0230119 0.0325128 0.999206 -0.780401 -0.287173 0.193633
FixedParameters: 0 0 0

#Transform 122
Transform: AffineTransform_float_3_3
Parameters: 0.999762 0.00504819 -0.0212226 -0.00575478 0.999428 -0.0333407 0.0210423 0.0334545 0.999219 -0.736141 -0.456501 0.214974
FixedParameters: 0 0 0

#Transform 123
Transform: AffineTransform_float_3_3
Parameters: 0.999694 0.00482037 -0.0242329 -0.00557487 0.999499 -0.0311724 0.02407 0.0312982 0.99922 -0.868634 -0.266325 0.317073
FixedParameters: 0 0 0

#Transform 124
Transform: AffineTransform_float_3_3
Parameters: 0.999729 0.00513729 -0.0226756 -0.00573158 0.99964 -0.0262302 0.0225328 0.0263536 0.999399 -0.781307 -0.29508 0.41219
FixedParameters: 0 0 0

#Transform 125
Transform: AffineTransform_float_3_3
Parameters: 0.999779 0.00419018 -0.0206312 -0.00468228 0.999704 -0.02388 0.0205248 0.0239706 0.999502 -0.68896 -0.255314 0.562678
FixedParameters: 0 0 0

#Transform 126
Transform: AffineTransform_float_3_3
Parameters: 0.999781 0.00455451 -0.0204135 -0.00513309 0.999584 -0.0283696 0.0202764 0.0284679 0.999389 -0.718041 -0.29786 0.391233
FixedParameters: 0 0 0

#Transform 127
Transform: AffineTransform_float_3_3
Parameters: 0.999771 0.00447992 -0.0209379 -0.00509945 0.999549 -0.0296014 0.0207963 0.0297017 0.999343 -0.719295 -0.332106 0.374978
FixedParameters: 0 0 0

#Transform 128
Transform: AffineTransform_float_3_3
Parameters: 0.999766 0.00372897 -0.0213087 -0.0044244 0.999456 -0.0326733 0.0211756 0.0327596 0.999239 -0.658706 -0.357972 0.297032
FixedParameters: 0 0 0

#Transform 129
Transform: AffineTransform_float_3_3
Parameters: 0.999728 0.00554348 -0.0226549 -0.0063086 0.999407 -0.0338415 0.0224533 0.0339756 0.999171 -0.769468 -0.403246 0.276563
FixedParameters: 0 0 0

#Transform 130
Transform: AffineTransform_float_3_3
Parameters: 0.999691 0.00589766 -0.0241572 -0.00679081 0.999291 -0.03705 0.0239212 0.0372018 0.999021 -0.734463 -0.445982 0.10488
FixedParameters: 0 0 0

#Transform 131
Transform: AffineTransform_float_3_3
Parameters: 0.999666 0.00477662 -0.0254166 -0.00571327 0.999302 -0.0369051 0.0252232 0.037038 0.998996 -0.775653 -0.417145 0.157081
FixedParameters: 0 0 0

#Transform 132
Transform: AffineTransform_float_3_3
Parameters: 0.999635 0.00615625 -0.0263116 -0.00719102 0.999197 -0.0394165 0.0260481 0.0395908 0.998876 -0.85485 -0.459511 0.0943532
FixedParameters: 0 0 0

#Transform 133
Transform: AffineTransform_float_3_3
Parameters: 0.999628 0.00642641 -0.0264862 -0.00747475 0.999184 -0.0396848 0.0262092 0.039867 0.998861 -0.9381 -0.449504 0.164362
FixedParameters: 0 0 0

#Transform 134
Transform: AffineTransform_float_3_3
Parameters: 0.999603 0.00775122 -0.0270658 -0.00885339 0.999128 -0.040814 0.026726 0.0410375 0.998801 -1.00526 -0.474722 0.103409
FixedParameters: 0 0 0

#Transform 135
Transform: AffineTransform_float_3_3
Parameters: 0.999602 0.00741661 -0.0271885 -0.00863878 0.998945 -0.0451159 0.0268256 0.0453325 0.998612 -0.94331 -0.572154 0.000524475
FixedParameters: 0 0 0

#Transform 136
Transform: AffineTransform_float_3_3
Parameters: 0.999583 0.00754087 -0.0278848 -0.00881669 0.998907 -0.0459109 0.027508 0.0461372 0.998557 -0.890837 -0.536484 -0.0166446
FixedParameters: 0 0 0

#Transform 137
Transform: AffineTransform_float_3_3
Parameters: 0.999563 0.00753197 -0.0285953 -0.00889366 0.998816 -0.0478216 0.0282017 0.0480552 0.998446 -0.890229 -0.531749 -0.0302344
FixedParameters: 0 0 0

#Transform 138
Transform: AffineTransform_float_3_3
Parameters: 0.999492 0.00659326 -0.0311647 -0.00795738 0.999007 -0.0438433 0.0308451 0.0440688 0.998553 -0.905814 -0.513901 0.285691
FixedParameters: 0 0 0

#Transform 139
Transform: AffineTransform_float_3_3
Parameters: 0.999628 0.00739643 -0.0262484 -0.00832642 0.999335 -0.0355079 0.0259676 0.0357124 0.999025 -0.910233 -0.385923 0.635302
FixedParameters: 0 0 0

#Transform 140
Transform: AffineTransform_float_3_3
Parameters: 0.999654 0.00657561 -0.0254935 -0.00740371 0.999442 -0.0325427 0.0252654 0.0327201 0.999145 -0.873579 -0.333642 0.666959
FixedParameters: 0 0 0

#Transform 141
Transform: AffineTransform_float_3_3
Parameters: 0.999688 0.00714094 -0.0239264 -0.00795376 0.999388 -0.0340504 0.023668 0.0342302 0.999133 -0.839585 -0.394926 0.652065
FixedParameters: 0 0 0

#Transform 142
Transform: AffineTransform_float_3_3
Parameters: 0.999704 0.00675074 -0.023377 -0.00751894 0.99943 -0.0329172 0.0231405 0.0330833 0.999184 -0.835151 -0.374374 0.637722
FixedParameters: 0 0 0

#Transform 143
Transform: AffineTransform_float_3_3
Parameters: 0.999723 0.00648861 -0.0226235 -0.00717622 0.99951 -0.0304462 0.0224151 0.0306 0.99928 -0.82568 -0.362084 0.729983
FixedParameters: 0 0 0

#Transform 144
Transform: AffineTransform_float_3_3
Parameters: 0.999748 0.00705759 -0.0212961 -0.00765606 0.999574 -0.0281574 0.0210889 0.028313 0.999376 -0.795491 -0.312232 0.683783
FixedParameters: 0 0 0

#Transform 145
Transform: AffineTransform_float_3_3
Parameters: 0.999772 0.00624549 -0.0204414 -0.00675825 0.999662 -0.0251145 0.0202773 0.0252464 0.999476 -0.776239 -0.276262 0.775044
FixedParameters: 0 0 0

#Transform 146
Transform: AffineTransform_float_3_3
Parameters: 0.999783 0.00629673 -0.0198967 -0.00677213 0.999691 -0.0239071 0.0197405 0.0240367 0.999516 -0.75603 -0.283191 0.81759
FixedParameters: 0 0 0

#Transform 147
Transform: AffineTransform_float_3_3
Parameters: 0.999796 0.00605055 -0.0192868 -0.00647306 0.999738 -0.0219487 0.0191495 0.0220697 0.999573 -0.762189 -0.24069 0.784247
FixedParameters: 0 0 0

#Transform 148
Transform: AffineTransform_float_3_3
Parameters: 0.999809 0.00658916 -0.0184065 -0.00696144 0.99977 -0.020268 0.018269 0.020393 0.999625 -0.760773 -0.246024 0.846178
FixedParameters: 0 0 0

#Transform 149
Transform: AffineTransform_float_3_3
Parameters: 0.999823 0.00602637 -0.0177903 -0.00640738 0.999749 -0.0214441 0.0176565 0.0215543 0.999612 -0.722369 -0.228032 0.781053
FixedParameters: 0 0 0

#Transform 150
Transform: AffineTransform_float_3_3
Parameters: 0.999818 0.00607324 -0.018089 -0.00643065 0.999784 -0.0197932 0.0179647 0.0199061 0.99964 -0.729374 -0.264044 0.828308
FixedParameters: 0 0 0

#Transform 151
Transform: AffineTransform_float_3_3
Parameters: 0.999822 0.00599737 -0.0178874 -0.00638558 0.999744 -0.0217053 0.0177525 0.021816 0.999604 -0.685553 -0.284017 0.77074
FixedParameters: 0 0 0

#Transform 152
Transform: AffineTransform_float_3_3
Parameters: 0.99976 0.00609411 -0.0210692 -0.00669912 0.999564 -0.0287521 0.0208851 0.0288862 0.999364 -0.73564 -0.30383 0.664998
FixedParameters: 0 0 0

#Transform 153
Transform: AffineTransform_float_3_3
Parameters: 0.99978 0.00612026 -0.0200626 -0.0066499 0.999628 -0.0264625 0.0198929 0.0265897 0.999448 -0.759566 -0.312078 0.598916
FixedParameters: 0 0 0

#Transform 154
Transform: AffineTransform_float_3_3
Parameters: 0.999745 0.00568103 -0.0218378 -0.00635675 0.999499 -0.0310054 0.0216503 0.0311363 0.999281 -0.784881 -0.322132 0.527619
FixedParameters: 0 0 0

#Transform 155
Transform: AffineTransform_float_3_3
Parameters: 0.99972 0.00637075 -0.0227899 -0.00715885 0.999374 -0.0346488 0.0225555 0.0348025 0.99914 -0.839248 -0.42288 0.375513
FixedParameters: 0 0 0

#Transform 156
Transform: AffineTransform_float_3_3
Parameters: 0.999653 0.00701196 -0.0254011 -0.00800684 0.999198 -0.0392545 0.0251055 0.0394441 0.998906 -0.942745 -0.436142 0.298871
FixedParameters: 0 0 0

#Transform 157
Transform: AffineTransform_float_3_3
Parameters: 0.999619 0.00862991 -0.026219 -0.00968282 0.999141 -0.0402948 0.0258499 0.0405337 0.998844 -1.01436 -0.449249 0.229703
FixedParameters: 0 0 0

#Transform 158
Transform: AffineTransform_float_3_3
Parameters: 0.999663 0.00774679 -0.0248114 -0.00875946 0.999122 -0.0409707 0.024472 0.0411736 0.998852 -0.921599 -0.509801 0.26102
FixedParameters: 0 0 0

#Transform 159
Transform: AffineTransform_float_3_3
Parameters: 0.999635 0.00715778 -0.0260388 -0.00821187 0.999143 -0.0405831 0.0257265 0.0407828 0.998837 -0.882073 -0.400021 0.303191
FixedParameters: 0 0 0

#Transform 160
Transform: AffineTransform_float_3_3
Parameters: 0.999615 0.0075361 -0.0267171 -0.00866008 0.999071 -0.0422191 0.0263741 0.042434 0.998751 -0.908863 -0.415701 0.237907
FixedParameters: 0 0 0

#Transform 161
Transform: AffineTransform_float_3_3
Parameters: 0.999618 0.00764771 -0.0265597 -0.00874164 0.999108 -0.0413089 0.0262199 0.0415255 0.998794 -0.904348 -0.381532 0.314271
FixedParameters: 0 0 0

#Transform 162
Transform: AffineTransform_float_3_3
Parameters: 0.999597 0.00779507 -0.0273065 -0.00894717 0.999064 -0.0423202 0.0269509 0.0425477 0.99873 -0.952871 -0.384172 0.28895
FixedParameters: 0 0 0

#Transform 163
Transform: AffineTransform_float_3_3
Parameters: 0.99962 0.00723501 -0.0265938 -0.00830256 0.999154 -0.0402625 0.0262801 0.0404677 0.998835 -0.919107 -0.324976 0.393829
FixedParameters: 0 0 0

#Transform 164
Transform: AffineTransform_float_3_3
Parameters: 0.999672 0.00796988 -0.0243478 -0.00883643 0.999323 -0.03572 0.0240466 0.0359229 0.999065 -0.915717 -0.35017 0.593777
FixedParameters: 0 0 0

#Transform 165
Transform: AffineTransform_float_3_3
Parameters: 0.999673 0.00762108 -0.0244102 -0.00851321 0.999292 -0.0366675 0.0241136 0.0368634 0.999029 -0.913882 -0.425238 0.515252
FixedParameters: 0 0 0

#Transform 166
Transform: AffineTransform_float_3_3
Parameters: 0.99964 0.00852089 -0.0254329 -0.00955668 0.999117 -0.0409055 0.0250616 0.0411336 0.99884 -0.93894 -0.457962 0.328166
FixedParameters: 0 0 0

#Transform 167
Transform: AffineTransform_float_3_3
Parameters: 0.999619 0.0076598 -0.0265423 -0.00874885 0.999115 -0.0411448 0.0262031 0.0413612 0.9988 -0.947107 -0.418957 0.343968
FixedParameters: 0 0 0

#Transform 168
Transform: AffineTransform_float_3_3
Parameters: 0.999599 0.0091899 -0.026785 -0.0102913 0.999095 -0.0412696 0.0263821 0.0415285 0.998789 -1.02277 -0.458759 0.357671
FixedParameters: 0 0 0

#Transform 169
Transform: AffineTransform_float_3_3
Parameters: 0.999664 0.00861022 -0.024472 -0.0095308 0.999243 -0.037725 0.0241285 0.0379461 0.998989 -0.962606 -0.43223 0.535881
FixedParameters: 0 0 0

#Transform 170
Transform: AffineTransform_float_3_3
Parameters: 0.999603 0.00823183 -0.0269577 -0.00926288 0.999222 -0.0383414 0.0266212 0.0385763 0.998901 -1.00084 -0.371225 0.486534
FixedParameters: 0 0 0

#Transform 171
Transform: AffineTransform_float_3_3
Parameters: 0.999637 0.00835441 -0.0256207 -0.00933916 0.999213 -0.0385452 0.0252778 0.0387703 0.998928 -0.97373 -0.437764 0.455083
FixedParameters: 0 0 0

#Transform 172
Transform: AffineTransform_float_3_3
Parameters: 0.999619 0.00926391 -0.0259788 -0.0102764 0.999182 -0.0391108 0.0255957 0.0393627 0.998897 -0.991159 -0.391158 0.463653
FixedParameters: 0 0 0

#Transform 173
Transform: AffineTransform_float_3_3
Parameters: 0.999545 0.0084751 -0.0289496 -0.00969398 0.999061 -0.0422214 0.0285645 0.0424829 0.998688 -0.953207 -0.450717 0.329477
FixedParameters: 0 0 0

#Transform 174
Transform: AffineTransform_float_3_3
Parameters: 0.999542 0.00846625 -0.0290449 -0.00971622 0.99902 -0.0431857 0.0286512 0.0434485 0.998645 -1.02182 -0.456487 0.297971
FixedParameters: 0 0 0

#Transform 175
Transform: AffineTransform_float_3_3
Parameters: 0.999539 0.00856495 -0.0291238 -0.00985749 0.998958 -0.0445588 0.0287114 0.0448247 0.998582 -1.01314 -0.466419 0.261271
FixedParameters: 0 0 0

#Transform 176
Transform: AffineTransform_float_3_3
Parameters: 0.999526 0.00911308 -0.0294074 -0.0103976 0.998986 -0.0438163 0.0289786 0.0441011 0.998607 -1.03824 -0.44893 0.315298
FixedParameters: 0 0 0

#Transform 177
Transform: AffineTransform_float_3_3
Parameters: 0.999524 0.00866259 -0.0296252 -0.0100092 0.998909 -0.045618 0.0291973 0.0458928 0.99852 -0.976781 -0.540521 0.257734
FixedParameters: 0 0 0

#Transform 178
Transform: AffineTransform_float_3_3
Parameters: 0.999518 0.00778756 -0.0300545 -0.0091455 0.998931 -0.0453134 0.0296691 0.0455662 0.998521 -0.953881 -0.469624 0.30375
FixedParameters: 0 0 0

#Transform 179
Transform: AffineTransform_float_3_3
Parameters: 0.999616 0.00906961 -0.0261858 -0.0101878 0.999028 -0.042898 0.0257717 0.0431476 0.998736 -0.987942 -0.537865 0.49257
FixedParameters: 0 0 0

#Transform 180
Transform: AffineTransform_float_3_3
Parameters: 0.999634 0.00837931 -0.025702 -0.00932923 0.99927 -0.0370562 0.0253723 0.0372817 0.998983 -0.951908 -0.3898 0.670954
FixedParameters: 0 0 0

#Transform 181
Transform: AffineTransform_float_3_3
Parameters: 0.999619 0.00847888 -0.0262848 -0.0095212 0.999163 -0.0397696 0.0259261 0.0400047 0.998863 -1.00061 -0.406519 0.551433
FixedParameters: 0 0 0

#Transform 182
Transform: AffineTransform_float_3_3
Parameters: 0.999579 0.00700408 -0.0281821 -0.00816985 0.999107 -0.041442 0.0278668 0.0416541 0.998743 -0.976368 -0.341152 0.500245
FixedParameters: 0 0 0

#Transform 183
Transform: AffineTransform_float_3_3
Parameters: 0.999578 0.0075618 -0.0280328 -0.00878414 0.999005 -0.0437179 0.0276742 0.0439457 0.99865 -0.966818 -0.445476 0.351882
FixedParameters: 0 0 0

#Transform 184
Transform: AffineTransform_float_3_3
Parameters: 0.999572 0.00699163 -0.0283964 -0.0082283 0.999012 -0.043674 0.0280621 0.0438895 0.998642 -0.979918 -0.46708 0.334959
FixedParameters: 0 0 0

#Transform 185
Transform: AffineTransform_float_3_3
Parameters: 0.999566 0.00721755 -0.0285517 -0.00849046 0.998964 -0.0447021 0.0281994 0.044925 0.998592 -1.00839 -0.457308 0.294414
FixedParameters: 0 0 0

#Transform 186
Transform: AffineTransform_float_3_3
Parameters: 0.999557 0.00698868 -0.0289481 -0.00828639 0.998954 -0.0449569 0.0286037 0.0451768 0.998569 -1.00902 -0.526079 0.296554
FixedParameters: 0 0 0

#Transform 187
Transform: AffineTransform_float_3_3
Parameters: 0.99953 0.00765379 -0.0296599 -0.00898943 0.99894 -0.0451377 0.0292828 0.0453836 0.99854 -1.06322 -0.511561 0.289691
FixedParameters: 0 0 0

#Transform 188
Transform: AffineTransform_float_3_3
Parameters: 0.999573 0.00718058 -0.0283272 -0.00847441 0.998915 -0.0458002 0.0279675 0.0460201 0.998549 -1.0075 -0.550494 0.31076
FixedParameters: 0 0 0

#Transform 189
Transform: AffineTransform_float_3_3
