#Insight Transform File V1.0
#Transform 0
Transform: AffineTransform_float_3_3
Parameters: 0.999999 6.31309e-05 0.00129943 -6.07636e-05 0.999998 -0.0017868 -0.0012998 0.00178594 0.999997 -0.00599022 0.0429376 0.0284703
FixedParameters: 0 0 0

#Transform 1
Transform: AffineTransform_float_3_3
Parameters: 1 9.81126e-06 0.00115618 -7.73598e-06 0.999999 -0.00173592 -0.00115543 0.00173522 0.999998 -0.00536414 -0.0143899 0.06688
FixedParameters: 0 0 0

#Transform 2
Transform: AffineTransform_float_3_3
Parameters: 0.999999 -9.91856e-05 0.00125616 0.000101425 0.999999 -0.00179243 -0.001256 0.00179276 0.999997 0.00048597 0.0334123 0.0542872
FixedParameters: 0 0 0

#Transform 3
Transform: AffineTransform_float_3_3
Parameters: 1 0.000171389 0.00116662 -0.000169486 0.999999 -0.00178533 -0.00116742 0.00178501 0.999997 6.98481e-05 -0.0431254 0.100907
FixedParameters: 0 0 0

#Transform 4
Transform: AffineTransform_float_3_3
Parameters: 1 -0.000381163 0.00104416 0.000382804 0.999998 -0.00187701 -0.00104288 0.00187711 0.999998 0.00503867 0.0382816 0.045286
FixedParameters: 0 0 0

#Transform 5
Transform: AffineTransform_float_3_3
Parameters: 1 -0.000403722 0.00100638 0.000405177 0.999999 -0.00155541 -0.00100656 0.00155547 0.999999 0.00663419 0.00505063 0.0617817
FixedParameters: 0 0 0

#Transform 6
Transform: AffineTransform_float_3_3
Parameters: 0.999999 5.97741e-05 0.000745661 -5.91716e-05 0.999999 -0.00130045 -0.000746307 0.00129962 0.999999 0.000149581 -0.0262197 0.0456719
FixedParameters: 0 0 0

#Transform 7
Transform: AffineTransform_float_3_3
Parameters: 0.999999 3.14982e-05 0.000925482 -3.0713e-05 1 -0.000963908 -0.000925094 0.000963123 1 0.00627598 -0.0359046 0.0779537
FixedParameters: 0 0 0

#Transform 8
Transform: AffineTransform_float_3_3
Parameters: 0.999999 0.000128844 0.000761502 -0.000128039 0.999999 -0.00139791 -0.000762393 0.00139774 0.999998 -0.0171717 -0.002277 0.0345002
FixedParameters: 0 0 0

#Transform 9
Transform: AffineTransform_float_3_3
Parameters: 0.999999 0.000107434 0.000793607 -0.000107122 1 -0.000196834 -0.00079365 0.000196664 0.999999 0.00044877 -0.0246243 0.0977199
FixedParameters: 0 0 0

#Transform 10
Transform: AffineTransform_float_3_3
Parameters: 1 3.00006e-05 0.000611292 -3.02839e-05 1 0.000231619 -0.000611278 -0.000231656 1 0.00308097 -0.051361 0.115259
FixedParameters: 0 0 0

#Transform 11
Transform: AffineTransform_float_3_3
Parameters: 1 4.91397e-05 0.000593683 -4.83061e-05 1 -0.000701986 -0.000593751 0.000701928 0.999999 0.00202163 -0.0111804 0.101633
FixedParameters: 0 0 0

#Transform 12
Transform: AffineTransform_float_3_3
Parameters: 0.999999 0.000723771 0.000299368 -0.000723683 1 -0.000125979 -0.000299591 0.000126315 1 0.00323448 -0.0558447 0.0930368
FixedParameters: 0 0 0

#Transform 13
Transform: AffineTransform_float_3_3
Parameters: 1 0.000456488 0.000172197 -0.000456434 1 -0.000156132 -0.00017234 0.000155975 1 0.0190848 -0.0328298 0.0414199
FixedParameters: 0 0 0

#Transform 14
Transform: AffineTransform_float_3_3
Parameters: 1 0.000142581 0.000485961 -0.000142121 1 0.000491778 -0.000486158 -0.000491957 1 0.0280404 -0.0274967 0.0646637
FixedParameters: 0 0 0

#Transform 15
Transform: AffineTransform_float_3_3
Parameters: 1 0.000156765 -4.64606e-05 -0.000156776 1 -0.00012669 4.64209e-05 0.000126705 1 0.0178106 -0.0199354 9.65835e-05
FixedParameters: 0 0 0

#Transform 16
Transform: AffineTransform_float_3_3
Parameters: 1 0.000143018 -5.77627e-05 -0.00014299 1 0.000235884 5.78301e-05 -0.000235868 1 0.0262594 -0.0699099 0.041237
FixedParameters: 0 0 0

#Transform 17
Transform: AffineTransform_float_3_3
Parameters: 1 0.000198236 5.69601e-05 -0.000197865 1 -0.000282972 -5.61334e-05 0.00028296 1 0.00748096 -0.0235485 0.0211666
FixedParameters: 0 0 0

#Transform 18
Transform: AffineTransform_float_3_3
Parameters: 1 -0.000345112 -0.000145678 0.000345126 1 4.84444e-05 0.000145644 -4.85449e-05 1 0.0284219 0.00186762 0.0454245
FixedParameters: 0 0 0

#Transform 19
Transform: AffineTransform_float_3_3
Parameters: 1 -9.29398e-05 7.74676e-06 9.29379e-05 1 0.000121026 -7.76927e-06 -0.000121025 1 0.00374444 0.00308896 0.0656288
FixedParameters: 0 0 0

#Transform 20
Transform: AffineTransform_float_3_3
Parameters: 1 -0.000244787 0.000130779 0.000244782 1 2.15265e-05 -0.000130789 -2.14625e-05 1 0.00417387 0.000471592 0.017294
FixedParameters: 0 0 0

#Transform 21
Transform: AffineTransform_float_3_3
Parameters: 1 -0.000220104 0.00019231 0.000220132 1 -7.22343e-05 -0.000192279 7.23189e-05 1 -0.00134777 0.00281487 0.0222757
FixedParameters: 0 0 0

#Transform 22
Transform: AffineTransform_float_3_3
Parameters: 1 -0.000114175 -0.000189443 0.000114116 1 -0.000153623 0.000189478 0.00015358 1 -0.0167378 0.0260303 -0.0537869
FixedParameters: 0 0 0

#Transform 23
Transform: AffineTransform_float_3_3
Parameters: 1 -0.000259538 0.000151493 0.000259279 0.999999 0.000852254 -0.000151935 -0.000852175 0.999999 -0.000809373 -0.0139979 0.0582075
FixedParameters: 0 0 0

#Transform 24
Transform: AffineTransform_float_3_3
Parameters: 1 -0.000124074 4.06198e-05 0.000124098 1 -0.000300669 -4.05451e-05 0.000300679 1 -0.00667789 -0.0194741 -0.00846585
FixedParameters: 0 0 0

#Transform 25
Transform: AffineTransform_float_3_3
Parameters: 1 -0.000181019 -4.76586e-05 0.00018108 1 0.000644089 4.74253e-05 -0.000644106 1 0.0225125 -0.00891117 0.0509127
FixedParameters: 0 0 0

#Transform 26
Transform: AffineTransform_float_3_3
Parameters: 1 -0.000107418 0.000179015 0.000107408 1 2.7479e-05 -0.000179021 -2.74405e-05 1 0.00038379 -0.016694 0.0127225
FixedParameters: 0 0 0

#Transform 27
Transform: AffineTransform_float_3_3
Parameters: 1 -0.000187726 3.91192e-05 0.000187701 1 0.000311612 -3.92362e-05 -0.000311598 1 -0.00268377 -0.0418545 0.0263624
FixedParameters: 0 0 0

#Transform 28
Transform: AffineTransform_float_3_3
Parameters: 1 -0.000302435 2.75069e-06 0.000302444 1 0.000455736 -3.06664e-06 -0.000454965 0.999999 0.0127981 -0.0289371 0.0563389
FixedParameters: 0 0 0

#Transform 29
Transform: AffineTransform_float_3_3
Parameters: 1 -0.000235474 -1.33371e-05 0.000235481 1 0.000237625 1.32252e-05 -0.000237631 1 -0.00828536 -0.0511585 -0.00344819
FixedParameters: 0 0 0

#Transform 30
Transform: AffineTransform_float_3_3
Parameters: 1 -0.000303688 1.92511e-06 0.000303686 1 0.000490819 -2.22326e-06 -0.000490818 1 0.00391225 -0.0310513 0.011264
FixedParameters: 0 0 0

#Transform 31
Transform: AffineTransform_float_3_3
Parameters: 1 -0.000685404 0.000155211 0.000685389 1 4.87212e-05 -0.000155277 -4.85085e-05 1 0.00815058 -0.02631 -0.0257129
FixedParameters: 0 0 0

#Transform 32
Transform: AffineTransform_float_3_3
Parameters: 0.999999 -0.00069641 0.000147658 0.000696304 0.999999 0.000360439 -0.00014816 -0.000360233 1 0.00990758 -0.0498832 0.00787135
FixedParameters: 0 0 0

#Transform 33
Transform: AffineTransform_float_3_3
Parameters: 1 -0.000291467 -3.45616e-06 0.00029147 1 0.000518145 3.15406e-06 -0.000518147 1 -0.00761335 -0.0549397 -0.00840946
FixedParameters: 0 0 0

#Transform 34
Transform: AffineTransform_float_3_3
Parameters: 0.999999 -0.000811812 -0.000254796 0.000811857 0.999999 8.73626e-05 0.000254654 -8.77763e-05 1 0.00346087 -0.0411409 -0.0537094
FixedParameters: 0 0 0

#Transform 35
Transform: AffineTransform_float_3_3
Parameters: 0.999999 -0.000824261 -0.000283921 0.000824353 0.999999 0.000162281 0.000283653 -0.000162749 1 0.00504801 -0.0606864 -0.0209326
FixedParameters: 0 0 0

#Transform 36
Transform: AffineTransform_float_3_3
Parameters: 1 -0.000978921 -0.000631985 0.000979979 0.999999 0.00130321 0.000630667 -0.00130362 0.999999 0.00104858 -0.0438799 -0.01967
FixedParameters: 0 0 0

#Transform 37
Transform: AffineTransform_float_3_3
Parameters: 1 -0.000924741 -0.000520601 0.000925941 0.999999 0.00075466 0.00052008 -0.000754207 1 -0.0115208 -0.0641801 -0.0200746
FixedParameters: 0 0 0

#Transform 38
Transform: AffineTransform_float_3_3
Parameters: 0.999999 -0.000750633 -0.00101145 0.000751226 0.999999 0.00122123 0.00101028 -0.00122266 0.999998 -0.0192939 -0.010535 -0.0751351
FixedParameters: 0 0 0

#Transform 39
Transform: AffineTransform_float_3_3
Parameters: 0.999999 -6.67307e-05 -0.00154096 6.89459e-05 0.999999 0.00175635 0.00154095 -0.00175657 0.999998 -0.0328431 -0.0544603 -0.0680106
FixedParameters: 0 0 0

#Transform 40
Transform: AffineTransform_float_3_3
Parameters: 0.999999 -7.90793e-05 -0.00135349 8.04698e-05 0.999999 0.00133093 0.0013531 -0.00133121 0.999999 -0.0171922 -0.0606179 -0.0555565
FixedParameters: 0 0 0

#Transform 41
Transform: AffineTransform_float_3_3
Parameters: 0.999999 -0.000504179 -0.000884616 0.000505265 1 0.00059777 0.00088402 -0.000597255 0.999999 -0.0222428 -0.0410155 -0.0222106
FixedParameters: 0 0 0

#Transform 42
Transform: AffineTransform_float_3_3
Parameters: 0.999999 -0.000609391 -0.00114935 0.000610799 0.999999 0.000993081 0.00114846 -0.000993806 0.999999 -0.0134017 -0.050817 -0.00475283
FixedParameters: 0 0 0

#Transform 43
Transform: AffineTransform_float_3_3
Parameters: 0.999999 -0.000983694 -0.000933535 0.000985332 0.999998 0.00137214 0.000931216 -0.0013733 0.999999 0.00603764 -0.0418704 0.0331258
FixedParameters: 0 0 0

#Transform 44
Transform: AffineTransform_float_3_3
Parameters: 1 -0.00071815 -0.000947028 0.000718455 0.999999 0.00114678 0.000946012 -0.00114729 0.999998 -0.0246302 -0.0168382 -0.0416874
FixedParameters: 0 0 0

#Transform 45
Transform: AffineTransform_float_3_3
Parameters: 0.999999 -0.0010775 -0.00113108 0.00108011 0.999997 0.00228164 0.00112826 -0.00228253 0.999997 -0.00139465 -0.0810255 0.00991348
FixedParameters: 0 0 0

#Transform 46
Transform: AffineTransform_float_3_3
Parameters: 0.999997 -0.0011915 -0.00182542 0.00119498 0.999998 0.00134878 0.0018238 -0.001351 0.999997 -0.0149113 -0.0157364 -0.0296407
FixedParameters: 0 0 0

#Transform 47
Transform: AffineTransform_float_3_3
Parameters: 0.999998 -0.00137518 -0.00193679 0.00137856 0.999997 0.00197286 0.00193396 -0.00197593 0.999996 0.0126554 -0.041055 -0.0207324
FixedParameters: 0 0 0

#Transform 48
Transform: AffineTransform_float_3_3
Parameters: 0.999997 -0.00117492 -0.00189393 0.00117819 0.999998 0.00175211 0.00189214 -0.00175435 0.999997 -0.00388788 -0.0589942 -0.0250226
FixedParameters: 0 0 0

#Transform 49
Transform: AffineTransform_float_3_3
Parameters: 0.999998 -0.00114368 -0.00205701 0.00114698 0.999998 0.0016922 0.00205446 -0.0016947 0.999996 -0.00222688 -0.0477254 -0.0404261
FixedParameters: 0 0 0

#Transform 50
Transform: AffineTransform_float_3_3
Parameters: 0.999997 -0.00118459 -0.00201656 0.00118902 0.999997 0.00217811 0.00201413 -0.00218064 0.999996 0.00873609 -0.065556 -0.0570497
FixedParameters: 0 0 0

#Transform 51
Transform: AffineTransform_float_3_3
Parameters: 0.999997 -0.0010259 -0.00211352 0.00103009 0.999997 0.00208998 0.00211105 -0.00209221 0.999996 -0.00680208 -0.0692546 -0.0647056
FixedParameters: 0 0 0

#Transform 52
Transform: AffineTransform_float_3_3
Parameters: 0.999997 -0.00102369 -0.00236841 0.00102928 0.999997 0.00235805 0.00236573 -0.00236075 0.999994 0.0080441 -0.0598061 -0.0400544
FixedParameters: 0 0 0

#Transform 53
Transform: AffineTransform_float_3_3
Parameters: 0.999997 -0.000909497 -0.00210233 0.000913695 0.999997 0.00210048 0.00210029 -0.00210142 0.999995 -0.0190388 -0.0408661 -0.0533484
FixedParameters: 0 0 0

#Transform 54
Transform: AffineTransform_float_3_3
Parameters: 0.999997 -0.000748479 -0.00234203 0.000753497 0.999998 0.00226292 0.00234079 -0.00226428 0.999995 -0.02102 -0.0597547 -0.0708754
FixedParameters: 0 0 0

#Transform 55
Transform: AffineTransform_float_3_3
Parameters: 0.999995 -0.00137858 -0.00266249 0.00138643 0.999993 0.00317153 0.00265827 -0.00317591 0.999991 0.00351475 -0.0524919 -0.0154909
FixedParameters: 0 0 0

#Transform 56
Transform: AffineTransform_float_3_3
Parameters: 0.999997 -0.00101005 -0.00255221 0.00101572 0.999998 0.00219378 0.00254982 -0.00219603 0.999994 -0.017287 -0.0567022 -0.0970359
FixedParameters: 0 0 0

#Transform 57
Transform: AffineTransform_float_3_3
Parameters: 0.999998 -0.00110663 -0.00207926 0.00111019 0.999997 0.00220152 0.00207645 -0.00220384 0.999995 1.93991e-06 -0.100939 -0.011066
FixedParameters: 0 0 0

#Transform 58
Transform: AffineTransform_float_3_3
Parameters: 0.999998 -0.00108626 -0.0020641 0.0010892 0.999998 0.0015865 0.00206199 -0.00158891 0.999997 -0.0156184 -0.0699146 -0.0621929
FixedParameters: 0 0 0

#Transform 59
Transform: AffineTransform_float_3_3
Parameters: 0.999997 -0.00117238 -0.00223536 0.00117748 0.999996 0.00261103 0.00223179 -0.00261407 0.999995 0.014629 -0.065651 -0.0296469
FixedParameters: 0 0 0

#Transform 60
Transform: AffineTransform_float_3_3
Parameters: 0.999998 -0.00100065 -0.00211551 0.00100512 0.999997 0.00215861 0.00211295 -0.00216137 0.999996 -0.00478796 -0.0905717 -0.0577118
FixedParameters: 0 0 0

#Transform 61
Transform: AffineTransform_float_3_3
Parameters: 0.999996 -0.000819326 -0.00270388 0.000827201 0.999997 0.0026591 0.00270204 -0.00266072 0.999993 0.00817428 -0.0421049 -0.0412312
FixedParameters: 0 0 0

#Transform 62
Transform: AffineTransform_float_3_3
Parameters: 0.999997 -0.000138869 -0.00244167 0.000144365 0.999996 0.00268557 0.00244065 -0.0026855 0.999993 0.0136339 -0.0975723 -0.022523
FixedParameters: 0 0 0

#Transform 63
Transform: AffineTransform_float_3_3
Parameters: 0.999996 -0.000355079 -0.00303561 0.000362976 0.999996 0.00285586 0.00303399 -0.00285733 0.999991 0.00412578 -0.0662748 -0.0392777
FixedParameters: 0 0 0

#Transform 64
Transform: AffineTransform_float_3_3
Parameters: 0.999997 -0.000182946 -0.00247356 0.000191874 0.999992 0.00403248 0.00247225 -0.00403329 0.999989 -0.000365976 -0.054046 -0.0186445
FixedParameters: 0 0 0

#Transform 65
Transform: AffineTransform_float_3_3
Parameters: 0.999995 -0.000504872 -0.00292307 0.00051431 0.999994 0.00334348 0.00292152 -0.00334429 0.99999 0.00628098 -0.0839362 -0.0368777
FixedParameters: 0 0 0

#Transform 66
Transform: AffineTransform_float_3_3
Parameters: 0.999995 -0.000335772 -0.00296583 0.000344986 0.999995 0.00309276 0.00296522 -0.00309342 0.999991 0.000310866 -0.0984803 -0.0145876
FixedParameters: 0 0 0

#Transform 67
Transform: AffineTransform_float_3_3
Parameters: 0.999996 -0.000654227 -0.00259819 0.000661606 0.999996 0.00275179 0.00259624 -0.00275378 0.999993 0.000869636 -0.0595674 -0.00454228
FixedParameters: 0 0 0

#Transform 68
Transform: AffineTransform_float_3_3
Parameters: 0.999997 -0.000614867 -0.00246161 0.000622438 0.999995 0.00314394 0.0024598 -0.00314552 0.999992 0.00106234 -0.0545103 0.0394292
FixedParameters: 0 0 0

#Transform 69
Transform: AffineTransform_float_3_3
Parameters: 0.999996 -0.000649255 -0.00255849 0.000657396 0.999995 0.00313629 0.00255647 -0.00313816 0.999992 -0.00702877 -0.0613729 0.00603944
FixedParameters: 0 0 0

#Transform 70
Transform: AffineTransform_float_3_3
Parameters: 0.999996 -0.000663845 -0.00259008 0.000671913 0.999995 0.00327412 0.00258819 -0.00327607 0.999991 0.00809907 -0.0426099 0.00201982
FixedParameters: 0 0 0

#Transform 71
Transform: AffineTransform_float_3_3
Parameters: 0.999994 -0.0001514 -0.00328293 0.00016244 0.999995 0.00326852 0.00328283 -0.00326893 0.999989 -0.0200017 -0.0533341 -0.064726
FixedParameters: 0 0 0

#Transform 72
Transform: AffineTransform_float_3_3
Parameters: 0.999996 -0.000332678 -0.00292327 0.000344209 0.999993 0.00378017 0.00292176 -0.00378139 0.999988 -0.00452621 -0.0676026 -0.0382866
FixedParameters: 0 0 0

#Transform 73
Transform: AffineTransform_float_3_3
Parameters: 0.999996 -0.000414074 -0.00279897 0.000423817 0.999995 0.00321554 0.00279745 -0.0032172 0.999991 -0.0267941 -0.0804568 -0.0631569
FixedParameters: 0 0 0

#Transform 74
Transform: AffineTransform_float_3_3
Parameters: 0.999995 -0.000953448 -0.00288618 0.000963815 0.999993 0.00382869 0.0028824 -0.00383118 0.999988 0.00272466 -0.0792912 -0.0161199
FixedParameters: 0 0 0

#Transform 75
Transform: AffineTransform_float_3_3
Parameters: 0.999996 -0.000546704 -0.00289507 0.000557393 0.999993 0.00360189 0.00289306 -0.00360368 0.99999 -0.0141235 -0.0907805 -0.0150865
FixedParameters: 0 0 0

#Transform 76
Transform: AffineTransform_float_3_3
Parameters: 0.999994 -0.000752748 -0.00328192 0.000768294 0.999988 0.00480211 0.00327893 -0.0048048 0.999983 -0.0118029 -0.0437966 0.035194
FixedParameters: 0 0 0

#Transform 77
Transform: AffineTransform_float_3_3
Parameters: 0.999996 -0.000493404 -0.00269331 0.00050433 0.999992 0.00393462 0.0026914 -0.00393577 0.999988 -0.0268448 -0.060512 0.0101231
FixedParameters: 0 0 0

#Transform 78
Transform: AffineTransform_float_3_3
Parameters: 0.999996 -0.000710588 -0.00284164 0.000721085 0.999992 0.00397323 0.00283862 -0.00397504 0.999988 -0.0239917 -0.0469168 -0.00857154
FixedParameters: 0 0 0

#Transform 79
Transform: AffineTransform_float_3_3
Parameters: 0.999996 -0.000218884 -0.00289122 0.000230028 0.999993 0.00398447 0.00288995 -0.00398498 0.999988 -0.0430715 -0.0878469 -0.00788763
FixedParameters: 0 0 0

#Transform 80
Transform: AffineTransform_float_3_3
Parameters: 0.999997 -0.00034952 -0.00239985 0.000358187 0.999993 0.00362058 0.00239762 -0.00362224 0.999991 -0.0639341 -0.0449046 -0.0679257
FixedParameters: 0 0 0

#Transform 81
Transform: AffineTransform_float_3_3
Parameters: 0.999997 -0.000533884 -0.00234627 0.000543108 0.999992 0.00395448 0.00234369 -0.0039555 0.99999 -0.0161322 -0.100301 0.00182147
FixedParameters: 0 0 0

#Transform 82
Transform: AffineTransform_float_3_3
Parameters: 0.999996 -0.000470656 -0.00290202 0.000480872 0.999994 0.00351422 0.00290059 -0.00351622 0.999989 -0.0499085 -0.0703774 -0.0559258
FixedParameters: 0 0 0

#Transform 83
Transform: AffineTransform_float_3_3
Parameters: 0.999996 -0.000434954 -0.0028369 0.000446181 0.999992 0.0040156 0.00283482 -0.00401729 0.999988 -0.0233118 -0.084411 0.00291397
FixedParameters: 0 0 0

#Transform 84
Transform: AffineTransform_float_3_3
Parameters: 0.999997 -0.000650601 -0.00269788 0.000659864 0.999993 0.00360231 0.00269504 -0.00360431 0.99999 -0.0314426 -0.116803 -0.0056057
FixedParameters: 0 0 0

#Transform 85
Transform: AffineTransform_float_3_3
Parameters: 0.999996 -0.000542562 -0.00291067 0.000553885 0.999992 0.00408915 0.00290802 -0.00409086 0.999988 -0.0262952 -0.0530977 -0.0063116
FixedParameters: 0 0 0

#Transform 86
Transform: AffineTransform_float_3_3
Parameters: 0.999997 -0.000658722 -0.00269701 0.000668918 0.999992 0.00395667 0.00269409 -0.00395803 0.999989 -0.0192595 -0.0865306 0.0119229
FixedParameters: 0 0 0

#Transform 87
Transform: AffineTransform_float_3_3
Parameters: 0.999995 -0.000820186 -0.00309687 0.000834719 0.999988 0.00477557 0.00309286 -0.00477831 0.999983 -0.018657 -0.0666828 0.0088319
FixedParameters: 0 0 0

#Transform 88
Transform: AffineTransform_float_3_3
Parameters: 0.999996 -0.000829721 -0.0028178 0.000842337 0.99999 0.00433959 0.00281429 -0.00434202 0.999987 -0.0105254 -0.0769235 0.0394526
FixedParameters: 0 0 0

#Transform 89
Transform: AffineTransform_float_3_3
Parameters: 0.999996 -0.000713085 -0.00284695 0.000723756 0.999991 0.00399814 0.00284392 -0.00400074 0.999988 -0.0381859 -0.0493224 -0.000194368
FixedParameters: 0 0 0

#Transform 90
Transform: AffineTransform_float_3_3
Parameters: 0.999996 -0.000725469 -0.00285625 0.000737381 0.99999 0.00438167 0.00285299 -0.00438355 0.999986 -0.0121506 -0.0722234 0.0375842
FixedParameters: 0 0 0

#Transform 91
Transform: AffineTransform_float_3_3
Parameters: 0.999996 -0.000661379 -0.00267538 0.000672959 0.99999 0.00438814 0.0026733 -0.00439008 0.999986 -0.0186742 -0.0836369 0.00688078
FixedParameters: 0 0 0

#Transform 92
Transform: AffineTransform_float_3_3
Parameters: 0.999995 -0.000836167 -0.00311728 0.000852187 0.999987 0.0051488 0.00311295 -0.00515162 0.999981 -0.0139317 -0.102225 0.0777736
FixedParameters: 0 0 0

#Transform 93
Transform: AffineTransform_float_3_3
Parameters: 0.999997 -0.000595552 -0.00247379 0.000607448 0.999989 0.00462968 0.00247172 -0.00463106 0.999986 -0.00881674 -0.110019 0.071653
FixedParameters: 0 0 0

#Transform 94
Transform: AffineTransform_float_3_3
Parameters: 0.999995 -0.00079937 -0.00305352 0.000813064 0.99999 0.00454421 0.00304967 -0.00454679 0.999985 -0.01701 -0.0637376 0.0268493
FixedParameters: 0 0 0

#Transform 95
Transform: AffineTransform_float_3_3
Parameters: 0.999996 -0.000665234 -0.00267477 0.000677326 0.99999 0.00455817 0.00267155 -0.00456013 0.999986 -0.00821093 -0.0802602 0.0898105
FixedParameters: 0 0 0

#Transform 96
Transform: AffineTransform_float_3_3
Parameters: 0.999996 -0.000726531 -0.00285706 0.000738637 0.99999 0.00441464 0.00285374 -0.00441652 0.999986 -0.0272848 -0.0861516 0.0546478
FixedParameters: 0 0 0

#Transform 97
Transform: AffineTransform_float_3_3
Parameters: 0.999995 -0.00101947 -0.00306363 0.00103575 0.999986 0.0052235 0.00305824 -0.00522671 0.999982 -0.00967096 -0.0461595 0.0251389
FixedParameters: 0 0 0

#Transform 98
Transform: AffineTransform_float_3_3
Parameters: 0.999996 -0.00134478 -0.0026915 0.00136021 0.999982 0.00588557 0.0026834 -0.00588956 0.999979 -0.0071556 -0.0871448 0.0526513
FixedParameters: 0 0 0

#Transform 99
Transform: AffineTransform_float_3_3
Parameters: 0.999996 -0.00116287 -0.00275584 0.0011797 0.999982 0.00589081 0.00274859 -0.00589402 0.999979 -0.007794 -0.0675063 0.0454163
FixedParameters: 0 0 0

#Transform 100
Transform: AffineTransform_float_3_3
Parameters: 0.999997 -0.000961759 -0.00218561 0.000974648 0.999982 0.00591176 0.00217975 -0.00591415 0.99998 0.00632305 -0.0877373 0.100974
FixedParameters: 0 0 0

#Transform 101
Transform: AffineTransform_float_3_3
Parameters: 0.999997 -0.00102666 -0.00233756 0.00104155 0.999979 0.00637536 0.00233082 -0.00637763 0.999977 0.0109596 -0.0665966 0.0389808
FixedParameters: 0 0 0

#Transform 102
Transform: AffineTransform_float_3_3
Parameters: 0.999997 -0.00198481 -0.00117513 0.00200226 0.999882 0.0152385 0.00114395 -0.0152412 0.999883 0.0410346 -0.0630241 0.430364
FixedParameters: 0 0 0

#Transform 103
Transform: AffineTransform_float_3_3
Parameters: 0.999997 -0.00209972 -0.00117196 0.00211449 0.99992 0.0124927 0.00114544 -0.0124951 0.999921 0.0303765 -0.0841256 0.223398
FixedParameters: 0 0 0

#Transform 104
Transform: AffineTransform_float_3_3
Parameters: 0.999996 -0.0023617 -0.00153496 0.00238064 0.999927 0.0118812 0.00150642 -0.0118849 0.999928 0.0256398 -0.102335 0.216465
FixedParameters: 0 0 0

#Transform 105
Transform: AffineTransform_float_3_3
Parameters: 0.999995 -0.00229066 -0.00235646 0.00231578 0.999939 0.0108476 0.00233152 -0.0108528 0.999939 0.0207648 -0.0665428 0.158138
FixedParameters: 0 0 0

#Transform 106
Transform: AffineTransform_float_3_3
Parameters: 0.999994 -0.00308058 -0.00160104 0.00309898 0.999929 0.0115018 0.0015663 -0.0115072 0.999933 0.0478103 -0.106267 0.181118
FixedParameters: 0 0 0

#Transform 107
Transform: AffineTransform_float_3_3
Parameters: 0.999994 -0.00281332 -0.00212744 0.00283754 0.999932 0.0113242 0.0020953 -0.0113303 0.999934 0.0339994 -0.0646616 0.132246
FixedParameters: 0 0 0

#Transform 108
Transform: AffineTransform_float_3_3
Parameters: 0.999994 -0.00283237 -0.00178859 0.00285296 0.999931 0.0113321 0.00175564 -0.0113371 0.999934 0.0476492 -0.107894 0.179979
FixedParameters: 0 0 0

#Transform 109
Transform: AffineTransform_float_3_3
Parameters: 0.999994 -0.00295973 -0.00195583 0.00297941 0.999943 0.0102902 0.00192476 -0.0102953 0.999945 0.0312986 -0.0373858 0.139572
FixedParameters: 0 0 0

#Transform 110
Transform: AffineTransform_float_3_3
Parameters: 0.999993 -0.00295245 -0.00214125 0.00297695 0.999932 0.0112285 0.00210736 -0.0112344 0.999934 0.0458867 -0.0535801 0.21301
FixedParameters: 0 0 0

#Transform 111
Transform: AffineTransform_float_3_3
Parameters: 0.999994 -0.00287215 -0.00194953 0.00289292 0.999939 0.0106606 0.00191834 -0.010666 0.999941 0.0486816 -0.0470219 0.17902
FixedParameters: 0 0 0

#Transform 112
Transform: AffineTransform_float_3_3
Parameters: 0.999993 -0.00294029 -0.00217167 0.00296558 0.999924 0.0119198 0.00213647 -0.0119257 0.999926 0.0490145 -0.0547437 0.202936
FixedParameters: 0 0 0

#Transform 113
Transform: AffineTransform_float_3_3
Parameters: 0.999994 -0.00298666 -0.00161149 0.00300429 0.999931 0.0113669 0.00157771 -0.011372 0.999934 0.0737027 -0.090288 0.190264
FixedParameters: 0 0 0

#Transform 114
Transform: AffineTransform_float_3_3
Parameters: 0.999993 -0.00335918 -0.00148004 0.00337593 0.999928 0.0115796 0.00144118 -0.0115848 0.999932 0.0759828 -0.0741534 0.196122
FixedParameters: 0 0 0

#Transform 115
Transform: AffineTransform_float_3_3
Parameters: 0.999992 -0.00376323 -0.00162836 0.00378131 0.999927 0.0114475 0.00158465 -0.0114533 0.999933 0.0762715 -0.0605615 0.20616
FixedParameters: 0 0 0

#Transform 116
Transform: AffineTransform_float_3_3
Parameters: 0.999993 -0.00353744 -0.00155568 0.0035543 0.999927 0.0115174 0.00151465 -0.0115229 0.999933 0.0773381 -0.056669 0.233921
FixedParameters: 0 0 0

#Transform 117
Transform: AffineTransform_float_3_3
Parameters: 0.999993 -0.00340291 -0.00139499 0.00342009 0.999923 0.0119356 0.0013545 -0.0119404 0.999928 0.0796971 -0.0619341 0.27633
FixedParameters: 0 0 0

#Transform 118
Transform: AffineTransform_float_3_3
Parameters: 0.999991 -0.00384605 -0.00132709 0.00386147 0.999925 0.0117087 0.00128162 -0.0117132 0.999931 0.0708585 -0.0447397 0.168183
FixedParameters: 0 0 0

#Transform 119
Transform: AffineTransform_float_3_3
Parameters: 0.999992 -0.00393111 -0.00134044 0.00394662 0.999922 0.0118815 0.001293 -0.011887 0.999929 0.0615494 -0.0657988 0.17893
FixedParameters: 0 0 0

#Transform 120
Transform: AffineTransform_float_3_3
Parameters: 0.999992 -0.00384944 -0.001355 0.00386502 0.999927 0.0114497 0.0013112 -0.0114551 0.999934 0.0595984 -0.0645079 0.148737
FixedParameters: 0 0 0

#Transform 121
Transform: AffineTransform_float_3_3
Parameters: 0.999991 -0.00395025 -0.00160665 0.00396871 0.99992 0.0120079 0.00155914 -0.012014 0.999927 0.0847716 -0.106213 0.249593
FixedParameters: 0 0 0

#Transform 122
Transform: AffineTransform_float_3_3
Parameters: 0.999992 -0.00382378 -0.00127714 0.00383861 0.999926 0.0115068 0.00123324 -0.0115116 0.999933 0.0724623 -0.0713846 0.176447
FixedParameters: 0 0 0

#Transform 123
Transform: AffineTransform_float_3_3
Parameters: 0.999991 -0.00420309 -0.00112904 0.00421551 0.999922 0.0116721 0.00108009 -0.0116771 0.999931 0.11938 -0.0444546 0.167705
FixedParameters: 0 0 0

#Transform 124
Transform: AffineTransform_float_3_3
Parameters: 0.999991 -0.00383383 -0.00131927 0.00384833 0.999929 0.011319 0.00127674 -0.0113234 0.999935 0.114079 -0.0591987 0.148993
FixedParameters: 0 0 0

#Transform 125
Transform: AffineTransform_float_3_3
Parameters: 0.999992 -0.00308655 -0.00227262 0.00311476 0.999919 0.0123691 0.00223407 -0.0123762 0.999921 0.125626 -0.047029 0.124022
FixedParameters: 0 0 0

#Transform 126
Transform: AffineTransform_float_3_3
Parameters: 0.999993 -0.00324255 -0.00200624 0.00326593 0.999926 0.0116835 0.00196727 -0.0116903 0.99993 0.113807 -0.0952558 0.114579
FixedParameters: 0 0 0

#Transform 127
Transform: AffineTransform_float_3_3
Parameters: 0.999993 -0.00336773 -0.00196592 0.00339163 0.999915 0.0125894 0.00192342 -0.0125962 0.999918 0.135929 -0.0118091 0.11349
FixedParameters: 0 0 0

#Transform 128
Transform: AffineTransform_float_3_3
Parameters: 0.999993 -0.00362967 -0.00142045 0.00364691 0.99992 0.0121016 0.00137692 -0.0121077 0.999926 0.12984 -0.0539628 0.107539
FixedParameters: 0 0 0

#Transform 129
Transform: AffineTransform_float_3_3
Parameters: 0.99999 -0.00418207 -0.00124742 0.00419762 0.999912 0.0125563 0.00119487 -0.0125614 0.99992 0.137992 -0.0469514 0.125554
FixedParameters: 0 0 0

#Transform 130
Transform: AffineTransform_float_3_3
Parameters: 0.999992 -0.00378889 -0.00139204 0.00380692 0.999911 0.0127851 0.0013432 -0.0127906 0.999917 0.122656 -0.0530845 0.116907
FixedParameters: 0 0 0

#Transform 131
Transform: AffineTransform_float_3_3
Parameters: 0.99999 -0.00413705 -0.00126888 0.00415342 0.999911 0.0127064 0.00121634 -0.0127116 0.999918 0.138963 -0.0689239 0.158745
FixedParameters: 0 0 0

#Transform 132
Transform: AffineTransform_float_3_3
Parameters: 0.999989 -0.0042037 -0.00187833 0.00422922 0.999901 0.0133663 0.00182198 -0.0133743 0.999908 0.118757 -0.005043 0.176827
FixedParameters: 0 0 0

#Transform 133
Transform: AffineTransform_float_3_3
Parameters: 0.999991 -0.00378037 -0.00159245 0.00380194 0.999902 0.0135079 0.00154123 -0.0135132 0.999907 0.126554 -0.0348227 0.223677
FixedParameters: 0 0 0

#Transform 134
Transform: AffineTransform_float_3_3
Parameters: 0.999995 -0.00302992 -0.00108448 0.00304414 0.999907 0.0132309 0.00104433 -0.0132343 0.999912 0.0979459 0.0142227 0.152858
FixedParameters: 0 0 0

#Transform 135
Transform: AffineTransform_float_3_3
Parameters: 0.999993 -0.00331778 -0.00188091 0.00334414 0.9999 0.0137621 0.00183585 -0.0137681 0.999904 0.12599 -0.0505464 0.132793
FixedParameters: 0 0 0

#Transform 136
Transform: AffineTransform_float_3_3
Parameters: 0.999992 -0.00341182 -0.00218879 0.00344041 0.999906 0.0132511 0.00214353 -0.0132581 0.99991 0.129987 -0.0086805 0.0423163
FixedParameters: 0 0 0

#Transform 137
Transform: AffineTransform_float_3_3
Parameters: 0.999995 -0.00302838 -0.000983531 0.00304216 0.999889 0.0145609 0.000938635 -0.0145637 0.999894 0.114794 -0.0586811 0.0895811
FixedParameters: 0 0 0

#Transform 138
Transform: AffineTransform_float_3_3
Parameters: 0.999992 -0.00336049 -0.00182224 0.00338373 0.999907 0.0131675 0.00177729 -0.0131734 0.999912 0.143434 -0.0941654 0.080783
FixedParameters: 0 0 0

#Transform 139
Transform: AffineTransform_float_3_3
Parameters: 0.999992 -0.00364007 -0.00171668 0.00366245 0.999905 0.0132825 0.00166823 -0.0132891 0.99991 0.147832 -0.104786 0.101373
FixedParameters: 0 0 0

#Transform 140
Transform: AffineTransform_float_3_3
Parameters: 0.99999 -0.00379676 -0.0024214 0.00382963 0.9999 0.0136076 0.00236878 -0.0136162 0.999904 0.15629 -0.0257838 0.0588418
FixedParameters: 0 0 0

#Transform 141
Transform: AffineTransform_float_3_3
Parameters: 0.99999 -0.00398398 -0.00182644 0.00400849 0.999898 0.0137333 0.00177164 -0.0137409 0.999904 0.159904 -0.0704406 0.0954297
FixedParameters: 0 0 0

#Transform 142
Transform: AffineTransform_float_3_3
Parameters: 0.999988 -0.0044666 -0.00186815 0.00449035 0.999903 0.0131754 0.00180976 -0.0131841 0.999911 0.165482 -0.0491614 0.0394919
FixedParameters: 0 0 0

#Transform 143
Transform: AffineTransform_float_3_3
Parameters: 0.999989 -0.00441196 -0.0016732 0.00443318 0.9999 0.0134441 0.00161346 -0.0134509 0.999908 0.167667 -0.0757839 0.127004
FixedParameters: 0 0 0

#Transform 144
Transform: AffineTransform_float_3_3
Parameters: 0.99999 -0.00420647 -0.00173092 0.00422953 0.999903 0.0132212 0.00167494 -0.013228 0.999911 0.153988 -0.0586415 0.102602
FixedParameters: 0 0 0

#Transform 145
Transform: AffineTransform_float_3_3
Parameters: 0.999989 -0.00427479 -0.00191309 0.0042999 0.999901 0.0134469 0.00185591 -0.0134554 0.999908 0.163787 -0.0450909 0.0843875
FixedParameters: 0 0 0

#Transform 146
Transform: AffineTransform_float_3_3
Parameters: 0.999989 -0.00424571 -0.00182623 0.00427016 0.9999 0.0134864 0.00176789 -0.0134941 0.999907 0.16433 -0.0838227 0.0905257
FixedParameters: 0 0 0

#Transform 147
Transform: AffineTransform_float_3_3
Parameters: 0.999988 -0.0043687 -0.00211963 0.00439624 0.999901 0.0133307 0.00206171 -0.0133399 0.999909 0.155581 -0.0972484 0.0498231
FixedParameters: 0 0 0

#Transform 148
Transform: AffineTransform_float_3_3
Parameters: 0.999989 -0.00449913 -0.00165809 0.00452106 0.999897 0.0136336 0.00159641 -0.0136413 0.999906 0.166127 -0.0938357 0.0337296
FixedParameters: 0 0 0

#Transform 149
Transform: AffineTransform_float_3_3
Parameters: 0.99999 -0.00413037 -0.00176453 0.00415306 0.999907 0.0130048 0.00171028 -0.0130117 0.999914 0.134347 -0.0865079 -0.0291252
FixedParameters: 0 0 0

#Transform 150
Transform: AffineTransform_float_3_3
Parameters: 0.999989 -0.00429323 -0.00216789 0.00432355 0.999892 0.0140068 0.00210708 -0.014016 0.999899 0.164073 -0.0919582 0.0372512
FixedParameters: 0 0 0

#Transform 151
Transform: AffineTransform_float_3_3
Parameters: 0.999989 -0.00435584 -0.00175532 0.00437826 0.999903 0.013185 0.0016982 -0.0131925 0.999912 0.145651 -0.0760115 -0.0423515
FixedParameters: 0 0 0

#Transform 152
Transform: AffineTransform_float_3_3
Parameters: 0.999985 -0.00487693 -0.00224734 0.00491011 0.999878 0.0148213 0.00217427 -0.0148324 0.999887 0.159956 -0.086344 -0.016956
FixedParameters: 0 0 0

#Transform 153
Transform: AffineTransform_float_3_3
Parameters: 0.999985 -0.0049888 -0.00193147 0.00501528 0.999889 0.0140701 0.00186122 -0.0140794 0.9999 0.167667 -0.0945945 -0.0240254
FixedParameters: 0 0 0

#Transform 154
Transform: AffineTransform_float_3_3
Parameters: 0.999987 -0.00483558 -0.00199782 0.00486348 0.999884 0.0144142 0.00192726 -0.0144235 0.999894 0.168587 -0.0734482 -0.0431153
FixedParameters: 0 0 0

#Transform 155
Transform: AffineTransform_float_3_3
Parameters: 0.999986 -0.00497491 -0.00180011 0.00500015 0.999884 0.0143693 0.00172906 -0.0143779 0.999895 0.172388 -0.0810919 0.014982
FixedParameters: 0 0 0

#Transform 156
Transform: AffineTransform_float_3_3
Parameters: 0.999986 -0.00481865 -0.00220969 0.00484968 0.999884 0.0144622 0.00213929 -0.0144728 0.999893 0.1633 -0.0766039 -0.0133663
FixedParameters: 0 0 0

#Transform 157
Transform: AffineTransform_float_3_3
Parameters: 0.999986 -0.00456813 -0.00244651 0.00460426 0.999872 0.0153401 0.00237603 -0.0153517 0.999879 0.165709 -0.0104465 0.0267009
FixedParameters: 0 0 0

#Transform 158
Transform: AffineTransform_float_3_3
Parameters: 0.999987 -0.00436993 -0.00263994 0.00440895 0.999877 0.0150105 0.00257342 -0.0150224 0.999884 0.155729 -0.0720683 -0.00434939
FixedParameters: 0 0 0

#Transform 159
Transform: AffineTransform_float_3_3
Parameters: 0.999984 -0.00488847 -0.00291913 0.00493267 0.99987 0.0153251 0.00284415 -0.0153397 0.999878 0.175044 -0.0999044 0.0421239
FixedParameters: 0 0 0

#Transform 160
Transform: AffineTransform_float_3_3
Parameters: 0.999979 -0.0051033 -0.00405399 0.00516863 0.999856 0.0161738 0.0039703 -0.0161936 0.999861 0.167298 -0.0723443 -0.0916347
FixedParameters: 0 0 0

#Transform 161
Transform: AffineTransform_float_3_3
Parameters: 0.999973 -0.00510502 -0.0052534 0.00521055 0.999779 0.0203418 0.0051483 -0.0203677 0.999779 0.217074 -0.142837 -0.355601
FixedParameters: 0 0 0

#Transform 162
Transform: AffineTransform_float_3_3
Parameters: 0.99997 -0.00577906 -0.00508418 0.00587924 0.999784 0.0199515 0.00496739 -0.0199804 0.999788 0.194457 -0.049168 -0.262995
FixedParameters: 0 0 0

#Transform 163
Transform: AffineTransform_float_3_3
Parameters: 0.999973 -0.0055024 -0.00479457 0.00559027 0.999812 0.0185941 0.0046911 -0.0186205 0.999816 0.172057 -0.0611297 -0.267624
FixedParameters: 0 0 0

#Transform 164
Transform: AffineTransform_float_3_3
Parameters: 0.999971 -0.00590246 -0.0049575 0.00599767 0.999792 0.0194543 0.00484148 -0.019483 0.999798 0.191689 -0.0328813 -0.215645
FixedParameters: 0 0 0

#Transform 165
Transform: AffineTransform_float_3_3
Parameters: 0.999982 -0.0044112 -0.00410723 0.00448889 0.999806 0.0191697 0.00402174 -0.0191878 0.999807 0.145762 -0.083143 -0.334962
FixedParameters: 0 0 0

#Transform 166
Transform: AffineTransform_float_3_3
Parameters: 0.999987 -0.00312286 -0.00398626 0.00319561 0.999824 0.0184488 0.0039283 -0.0184611 0.999821 0.136183 -0.0581029 -0.329337
FixedParameters: 0 0 0

#Transform 167
Transform: AffineTransform_float_3_3
Parameters: 0.999989 -0.00293107 -0.00369811 0.00299754 0.99983 0.0182154 0.00364428 -0.0182263 0.999828 0.11993 -0.0408712 -0.367301
FixedParameters: 0 0 0

#Transform 168
Transform: AffineTransform_float_3_3
Parameters: 0.999992 -0.00251309 -0.00296305 0.00256515 0.99984 0.0177073 0.00291818 -0.0177147 0.999839 0.0951232 -0.0824632 -0.39936
FixedParameters: 0 0 0

#Transform 169
Transform: AffineTransform_float_3_3
Parameters: 0.999988 -0.00356396 -0.00324624 0.00362083 0.999834 0.0178602 0.00318207 -0.0178722 0.999836 0.146982 -0.0266927 -0.384016
FixedParameters: 0 0 0

#Transform 170
Transform: AffineTransform_float_3_3
Parameters: 0.999986 -0.0042834 -0.0032751 0.00433972 0.99984 0.0173729 0.00320079 -0.017387 0.999843 0.183293 -0.0515276 -0.318387
FixedParameters: 0 0 0

#Transform 171
Transform: AffineTransform_float_3_3
Parameters: 0.999985 -0.00440223 -0.0032387 0.00445848 0.999837 0.0174755 0.00316136 -0.01749 0.999842 0.165233 -0.043227 -0.322589
FixedParameters: 0 0 0

#Transform 172
Transform: AffineTransform_float_3_3
Parameters: 0.999982 -0.00463202 -0.00377784 0.00470127 0.999819 0.018428 0.00369203 -0.0184464 0.999823 0.18561 -0.0487249 -0.230399
FixedParameters: 0 0 0

#Transform 173
Transform: AffineTransform_float_3_3
Parameters: 0.999983 -0.0046125 -0.00375105 0.00467741 0.999835 0.0175669 0.00366998 -0.0175837 0.999839 0.166464 -0.0611184 -0.305848
FixedParameters: 0 0 0

#Transform 174
Transform: AffineTransform_float_3_3
Parameters: 0.999982 -0.00475678 -0.00372708 0.00482438 0.999822 0.0182083 0.00363995 -0.0182264 0.999827 0.181975 -0.0754699 -0.29065
FixedParameters: 0 0 0

#Transform 175
Transform: AffineTransform_float_3_3
Parameters: 0.99998 -0.00505176 -0.00389085 0.00512324 0.999813 0.0186276 0.00379609 -0.0186476 0.999819 0.184364 -0.0905116 -0.307207
FixedParameters: 0 0 0

#Transform 176
Transform: AffineTransform_float_3_3
Parameters: 0.999977 -0.00530496 -0.00407962 0.00538287 0.999797 0.0193733 0.00397569 -0.0193955 0.999804 0.173319 -0.0607826 -0.315952
FixedParameters: 0 0 0

#Transform 177
Transform: AffineTransform_float_3_3
Parameters: 0.999978 -0.00524366 -0.00408479 0.0053202 0.999809 0.0188439 0.00398524 -0.018865 0.999814 0.181207 -0.0979286 -0.321859
FixedParameters: 0 0 0

#Transform 178
Transform: AffineTransform_float_3_3
Parameters: 0.999978 -0.00500556 -0.00436139 0.00509136 0.999785 0.0200823 0.00425953 -0.0201042 0.999789 0.172331 -0.0344551 -0.30128
FixedParameters: 0 0 0

#Transform 179
Transform: AffineTransform_float_3_3
Parameters: 0.999984 -0.00463348 -0.0032633 0.00469754 0.999794 0.0197411 0.00317098 -0.0197561 0.9998 0.172947 -0.0939668 -0.312583
FixedParameters: 0 0 0

#Transform 180
Transform: AffineTransform_float_3_3
Parameters: 0.99998 -0.00525052 -0.00353227 0.00531801 0.999796 0.0194635 0.00342935 -0.0194824 0.999804 0.185682 -0.0912786 -0.264092
FixedParameters: 0 0 0

#Transform 181
Transform: AffineTransform_float_3_3
Parameters: 0.999978 -0.00555411 -0.00341955 0.0056186 0.9998 0.0192044 0.00331257 -0.0192232 0.999809 0.215686 -0.0804018 -0.211183
FixedParameters: 0 0 0

#Transform 182
Transform: AffineTransform_float_3_3
Parameters: 0.999975 -0.00530371 -0.00457146 0.00539133 0.999796 0.0194351 0.00446824 -0.0194594 0.999801 0.174065 -0.0419014 -0.251254
FixedParameters: 0 0 0

#Transform 183
Transform: AffineTransform_float_3_3
Parameters: 0.99996 -0.00754132 -0.0046666 0.00764403 0.999718 0.0224658 0.00449622 -0.0225004 0.999736 0.208995 -0.0303034 -0.181569
FixedParameters: 0 0 0

#Transform 184
Transform: AffineTransform_float_3_3
Parameters: 0.999968 -0.0063543 -0.00480285 0.00645549 0.999748 0.0215044 0.00466447 -0.0215345 0.999757 0.147475 -0.0353817 -0.268001
FixedParameters: 0 0 0

#Transform 185
Transform: AffineTransform_float_3_3
Parameters: 0.999988 -0.00420388 -0.00254685 0.00425446 0.999784 0.0203533 0.00246111 -0.0203642 0.99979 0.15943 -0.0877544 -0.305358
FixedParameters: 0 0 0

#Transform 186
Transform: AffineTransform_float_3_3
Parameters: 0.999997 -0.000783701 -0.00248816 0.000829197 0.99983 0.0184575 0.00247352 -0.0184593 0.999827 0.0954623 -0.0802578 -0.499594
FixedParameters: 0 0 0

#Transform 187
Transform: AffineTransform_float_3_3
Parameters: 0.999996 0.000468233 -0.00289381 -0.000420141 0.999864 0.0164918 0.00290098 -0.0164896 0.99986 0.0350082 -0.0680711 -0.552829
FixedParameters: 0 0 0

#Transform 188
Transform: AffineTransform_float_3_3
Parameters: 0.999994 0.00233244 -0.00241008 -0.00229973 0.999906 0.013499 0.00244131 -0.0134938 0.999906 0.0351622 -0.0853197 -0.5336
FixedParameters: 0 0 0

#Transform 189
